Name,Description,SKU,Gender, Attribute 1,Attribute 1 Value, Attribute 2,Attribute 2 Value, Attribute 3,Attribute 3 Value,Base Image 1 ,Base Image 2,Base Image 3,Base Image 4,Base Image 5,Base Price(USD),Sale Price(USD),Quantity,Unit of Weight,Weight,Unit of Dimensions,Height,Width,Length,SEO Title,SEO Description,Vendor,Parent SKU
Fresh-Mint AW Slim,"<p data-mce-fragment=""1"">Der Fünfhaus Flavour mit erfrischendem Minzgeschmack sorgt für die nötige Freshness im stressigen Alltag.<br data-mce-fragment=""1""></p>
<p data-mce-fragment=""1"">15 bringt den Fünfhaus Flavour direkt in deine Hosentasche. Die neuen Nicotine Baggies aus dem fünfzehnten Wiener Gemeindebezirk ermöglichen dir rauchfreien Genuss in erfrischenden Geschmacksrichtungen. Ob beim Arbeiten, Trainieren, Feiern oder einfach zum Entspannen: Es gibt mehr als 1150 Gründe, um mit 15 Nicotine Pouches nicht den Fokus zu verlieren. Komm in deinen Flow!</p>",Fresh-Mint AW Slim,Unisex,,,,,,,https://cdn.shopify.com/s/files/1/0072/0646/9679/files/15-Baggies_PackshotFreshMintDarkBG_600x600_62ceae55-2cf2-4c4e-ae9f-fc7f27f53103.png,,,,,7.90,0.00,1,G,12,IN,3,3,3,,,,
,,FH-1010-1,Unisex,Title,Default Title,,,,,,,,,,7.90,0.00,1,G,12,IN,3,3,3,,,15 Nicotine Baggies,Fresh-Mint AW Slim
Menthol AW Slim,"<p data-mce-fragment=""1"">Cool bleiben – mit dem Fünfhaus Flavour Menthol hast du immer ein Baggie in der Tasche für den schnellen Frische-Kick.</p>
<p data-mce-fragment=""1"">15 bringt den Fünfhaus Flavour direkt in deine Hosentasche. Die neuen Nicotine Baggies aus dem fünfzehnten Wiener Gemeindebezirk ermöglichen dir rauchfreien Genuss in erfrischenden Geschmacksrichtungen. Ob beim Arbeiten, Trainieren, Feiern oder einfach zum Entspannen: Es gibt mehr als 1150 Gründe, um mit 15 Nicotine Pouches nicht den Fokus zu verlieren. Komm in deinen Flow!</p>",Menthol AW Slim,Unisex,,,,,,,https://cdn.shopify.com/s/files/1/0072/0646/9679/files/15-Baggies_PackshotMentholDarkBG_600x600_1e9c6679-4170-4167-8890-196c564947dd.png,,,,,7.90,0.00,1,G,12,IN,3,3,3,,,,
,,FH-2010-1,Unisex,Title,Default Title,,,,,,,,,,7.90,0.00,1,G,12,IN,3,3,3,,,15 Nicotine Baggies,Menthol AW Slim
Rot -80 Degrees WDP 500g Box,"<meta charset=""utf-8"">
<div class=""item flex "">
<div class=""title"">
<div class=""info"">
<span>Siberia White Dry ist ein Portionssnus mit einem sehr deutlichen Minzgeschmack und erscheint in trockenen Portionen mit niedrigerem Feuchtigkeitsgehalt, weshalb er auch weniger rinnt. Dieser Snus hat einen extrem hohen Nikotingehalt und eine Portion enthält mehr als fünfmal so viel Nikotin wie normal starker Snus (8 mg/g). Wird Menschen, die Nikotin gegenüber empfindlich sind, weniger empfohlen. Siberia zählt zusammen mit </span><a href=""https://snushus.ch/collections/odens"" title=""Odens"">Oden‘s</a><span> zu den beliebtesten Snusmarken der Schweiz. </span><span>Bei Fragen, Wünschen oder Anregungen </span><span>kannst du </span><span>uns </span><span>gerne auf der </span><span></span><a href=""https://snushus.ch/pages/kontakt"" title=""Kontakt"">Kontaktseite</a><span> s</span><span>chreiben</span><span>.</span><br>
</div>
<div class=""info"">
<div class=""info"">
<div class=""item flex "">
<div class=""title""><br></div>
</div>
</div>
</div>
</div>
</div>
<div class=""item flex ""></div>",Rot -80 Degrees WDP 500g Box,Unisex,,,,,,,https://cdn.shopify.com/s/files/1/0072/0646/9679/files/siberia-red-white-dry-portion-box_69687748-e850-4fc3-9cf0-e1238bdc67a5.png,,,,,129.00,0.00,1,G,600,IN,3,3,3,,,,
,,SI-1025-1,Unisex,Title,Default Title,,,,,,,,,,129.00,0.00,1,G,600,IN,3,3,3,,,Siberia,Rot -80 Degrees WDP 500g Box
Rot -80 Degrees WDP Slim 500g Box,"<meta charset=""utf-8"">
<div class=""item flex"">
<div class=""title"">
<div class=""info"">
<span>Siberia White Dry ist ein Portionssnus mit einem sehr deutlichen Minzgeschmack und erscheint in trockenen Portionen mit niedrigerem Feuchtigkeitsgehalt, weshalb er auch weniger rinnt. Dieser Snus hat einen extrem hohen Nikotingehalt und eine Portion enthält mehr als fünfmal so viel Nikotin wie normal starker Snus (8 mg/g). Wird Menschen, die Nikotin gegenüber empfindlich sind, weniger empfohlen. Siberia zählt zusammen mit </span><a href=""https://snushus.ch/collections/odens"" title=""Odens"">Oden‘s</a><span> zu den beliebtesten Snusmarken der Schweiz. </span><br>
</div>
<div class=""info"">
<div class=""info"">
<div class=""item flex"">
<div class=""title""><br></div>
</div>
</div>
</div>
</div>
</div>
<div class=""item flex""></div>",Rot -80 Degrees WDP Slim 500g Box,Unisex,,,,,,,https://cdn.shopify.com/s/files/1/0072/0646/9679/files/siberia-red-white-dry-portion-slim-box_9816a214-2e04-405a-9b47-983dd17d5d43.png,,,,,129.00,0.00,1,G,500,IN,3,3,3,,,,
,,SI-1125-1,Unisex,Title,Default Title,,,,,,,,,,129.00,0.00,1,G,500,IN,3,3,3,,,Siberia,Rot -80 Degrees WDP Slim 500g Box
Cold Extreme WDP 500g Box,"<meta charset=""utf-8"">
<div class=""item flex"">
<div class=""title"">
<div class=""info"">
<span>Oden's Cold Extreme WDP (</span><strong>White Dry Portion</strong><span>) ist ein eiskalter Portionssnus mit einer minzigen Frische. Ganz besonders tritt ein Geschmack von Spearmint aus dem ansonsten traditionellen, erdnahen Tabakgeschmack hervor. Oden's Cold Dry ist ein sogenannter trockener Portionssnus, der nicht rinnt und ein noch erfrischenderes Gefühl bietet als andere Snus dieser Serie. Odens zählt zusammen mit </span><a href=""https://snushus.ch/collections/siberia"" title=""Siberia"">Siberia<span> </span></a><span>zu den beliebtesten Snusmarken der Schweiz. Bei Fragen, Wünschen oder Anregungen kannst du uns gerne auf der </span><a href=""https://snushus.ch/pages/kontakt"" title=""Kontakt"">Kontaktseite</a><span> schreiben.</span>
</div>
<div class=""info"">
<div class=""info"">
<div class=""item flex""></div>
</div>
</div>
</div>
</div>
<div class=""item flex""></div>",Cold Extreme WDP 500g Box,Unisex,,,,,,,https://cdn.shopify.com/s/files/1/0072/0646/9679/products/odens-cold-extreme-white-dry-portion-box_0a9600d7-7d68-43ea-83dd-0cdfa830332f.png,,,,,109.00,0.00,1,G,600,IN,3,3,3,,,,
,,OD-1025-1,Unisex,Title,Default Title,,,,,,,,,,109.00,0.00,1,G,600,IN,3,3,3,,,Oden's,Cold Extreme WDP 500g Box
Extreme WDP Slim 500g Box,"<p>Soldat Extreme für die langen Tage auf dem Feld! Mit seinen unglaublichen 45 mg/g Nikotingehalt, gibt er jedem Snuser einen unverwechselbaren Kick welcher lange anhält. Unter der Lippe fühlen sich die Beutel sehr geschmeidig an und der Minz/Menthol Geschmack kommt angenehm zur Geltung. Jetzt auch in der beliebten 500g Box erhältlich! <br></p>",Extreme WDP Slim 500g Box,Unisex,,,,,,,https://cdn.shopify.com/s/files/1/0072/0646/9679/files/soldat-black-extreme-white-dry-portion-slim-500g-box.png,,,,,99.00,0.00,1,G,600000,IN,3,3,3,,,,
,,SO-3125-1,Unisex,Title,Default Title,,,,,,,,,,99.00,0.00,1,G,600000,IN,3,3,3,,,Soldat,Extreme WDP Slim 500g Box
Extreme WDP 500g Box,"<p>Soldat Extreme für die langen Tage auf dem Feld! Mit seinen unglaublichen 45 mg/g Nikotingehalt, gibt er jedem Snuser einen unverwechselbaren Kick welcher lange anhält. Unter der Lippe fühlen sich die Beutel sehr geschmeidig an und der Minz/Menthol Geschmack kommt angenehm zur Geltung. Jetzt auch in der beliebten 500g Box erhältlich!<br></p>",Extreme WDP 500g Box,Unisex,,,,,,,https://cdn.shopify.com/s/files/1/0072/0646/9679/files/soldat-black-extreme-white-dry-portion-500g-box.png,,,,,99.00,,1,G,600000,IN,3,3,3,,,,
,,SO-3025-1,Unisex,Title,Default Title,,,,,,,,,,99.00,,1,G,600000,IN,3,3,3,,,Soldat,Extreme WDP 500g Box
Alpächrütli AW,"<p>Der 7SIÄCH Alpächrütli ist eine einzigartige Mischung aus frischen Kräutern und erinnert an die saftigen Schweizer Alpen. Mit 25 mg/g Nikotin gibt er dir einen garantierten Frischekick. Das perfekte Geschmackserlebnis für alle Snuser, die Wert auf Schweizer Qualität legen.<br></p>
<p>7SIÄCH ist ein junges Schweizer Startup, das einzigartigen Schweizer Snus in höchster Qualität auf den Markt bringt. Ihr Ziel ist es, eine Schweizer Alternative zu den Produkten der grossen Tabakunternehmen anzubieten.</p>",Alpächrütli AW,Unisex,,,,,,,https://cdn.shopify.com/s/files/1/0072/0646/9679/products/7SIACH_Alpaechruetli_sized.png,,,,,6.90,0.00,1,G,1,IN,3,3,3,,,,
,,7S-1000-1,Unisex,Title,Default Title,,,,,,,,,,6.90,0.00,1,G,1,IN,3,3,3,,,7Siäch,Alpächrütli AW
Bergluft AW,"<p>Der 7SIÄCH Bergluft katapultiert dich direkt auf die Schweizer Berggipfel - tief einatmen und die angenehme Kühle geniessen. Mit 20 mg/g Nikotin und einem Hauch von Menthol ist er der Klassiker in Schweizer Qualität.</p>
<p>7SIÄCH ist ein junges Schweizer Startup, das einzigartigen Schweizer Snus in höchster Qualität auf den Markt bringt. Ihr Ziel ist es, eine Schweizer Alternative zu den Produkten der grossen Tabakunternehmen anzubieten.</p>",Bergluft AW,Unisex,,,,,,,https://cdn.shopify.com/s/files/1/0072/0646/9679/products/7SIACH_Bergluft_sized.png,,,,,6.90,0.00,1,G,1,IN,3,3,3,,,,
,,7S-2000-1,Unisex,Title,Default Title,,,,,,,,,,6.90,0.00,1,G,1,IN,3,3,3,,,7Siäch,Bergluft AW
X Cool Mint AW Slim,"<p>Entdecke <a href=""https://snushus.ch/collections/ace-snus"">ACE</a> X Cool Mint AW Slim – Dein ultimativer Begleiter für ein intensives und erfrischendes Nikotinerlebnis. Mit einer Stärke von 4/5 und einem beeindruckenden Nikotingehalt von 20 mg/g bietet Dir dieser Snus eine kraftvolle und langanhaltende Wirkung. Der erfrischende Geschmack von Minze und kräftiger Pfefferminze sorgt für eine unvergleichliche Geschmacksexplosion.</p>
<p>ACE X Cool Mint AW Slim bietet Dir die erfolgreiche Kombination aus kühlender Minze und kräftiger Pfefferminze. Die 20 Slim Pouches sind so konzipiert, dass sie diskret und angenehm zu tragen sind, egal wo Du bist. Wir haben unsere Beutel in ""Raketentreibstoff"" getaucht, um Dir das bisher stärkste Gefühl zu geben. Das Freisetzungsprofil ""ace X"" beschleunigt wie eine Schleuder um die Sonne und schickt Dich augenblicklich vorwärts.</p>
<p>Bestelle jetzt Deinen ACE X Cool Mint AW Slim online und entdecke die perfekte Mischung aus Stärke und Frische. Erlebe die unvergleichliche Kraft von ""ace X"" und gönn Dir diesen intensiven Genuss!</p>",X Cool Mint AW Slim,Unisex,,,,,,,https://cdn.shopify.com/s/files/1/0072/0646/9679/files/AceXCoolMint-sized.png,,,,,5.90,0.00,1,G,13,IN,3,3,3,,,,
,,AC-1005-1,Unisex,Title,Default Title,,,,,,,,,,5.90,0.00,1,G,13,IN,3,3,3,,,Ace,X Cool Mint AW Slim
X Guarana Chili Boost AW Slim,"<p>Entdecke <a href=""https://snushus.ch/collections/ace-snus"">Ace</a> X Guarana Chili Boost AW Slim – Dein intensiver Begleiter für ein aufregendes und belebendes Nikotinerlebnis. Mit einem Geschmack von Guarana und einem Hauch von Chili bietet Dir dieser Snus eine einzigartige und scharfe Geschmacksexplosion. Mit einer Stärke von 4/5 und einem beeindruckenden Nikotingehalt von 20 mg/g liefert Ace X Guarana Chili Boost eine kraftvolle und langanhaltende Wirkung.</p>
<p>Ace X Guarana Chili Boost AW Slim ist nichts für schwache Nerven! Stell Dir das Gefühl eines Energydrinks vor, aufgepeppt mit einem Hauch von Chili. Das ist die neuste Ergänzung der ace X-Reihe, Ace X Guarana Chili Boost. Köstlich und scharf – der perfekte Geschmack für den belebenden hohen Nikotingehalt von Ace X.</p>
<p>Die 20 Slim Beutel bieten Dir genügend Vorrat für viele genussvolle Momente. Einfach einen Beutel entnehmen und das belebende Nikotinerlebnis geniessen.</p>
<p>Bestelle jetzt Deinen Ace X Guarana Chili Boost AW Slim online und entdecke die perfekte Kombination aus Schärfe und Stärke. Erlebe die unvergleichliche Kraft von Ace X und gönn Dir diesen intensiven Genuss!</p>",X Guarana Chili Boost AW Slim,Unisex,,,,,,,https://cdn.shopify.com/s/files/1/0072/0646/9679/files/edel-berry-all-white-sized.png,,,,,5.90,0.00,1,G,13,IN,3,3,3,,,,
,,AC-3005-1,Unisex,Title,Default Title,,,,,,,,,,5.90,0.00,1,G,13,IN,3,3,3,,,Ace,X Guarana Chili Boost AW Slim
X Cosmic Cool Mint AW,"<p>Erlebe <a href=""https://snushus.ch/collections/ace-snus"">Ace</a> X Cosmic Cool Mint – Dein ultimativer Begleiter für ein intensives und erfrischendes Nikotinerlebnis. Mit einem Geschmack von kühler Minze und kräftiger Pfefferminze bietet Dir dieser Snus eine unvergleichliche Geschmacksexplosion. Mit einer Stärke von 6/5 und einem beeindruckenden Nikotingehalt von 20 mg/g liefert Ace X Cosmic Cool Mint eine kraftvolle und langanhaltende Wirkung.</p>
<p>Ace X Cosmic Cool Mint ist in Regular Size Pouches verpackt, die Dir einen Kick kosmischer Proportionen verleihen. Das verbesserte Freisetzungsprofil sorgt dafür, dass das Nikotin schneller freigesetzt wird, wodurch Du eine sofortige und intensive Wirkung spürst. Dieser Snus beschleunigt wie ein Komet um die Sonne und bietet Dir ein bisher unerreichtes Nikotinerlebnis.</p>
<p>Bestelle jetzt Deinen Ace X Cosmic Cool Mint online und entdecke die perfekte Kombination aus Frische und Stärke. Erlebe die unvergleichliche Kraft von Ace X und gönn Dir diesen intensiven Genuss!</p>",X Cosmic Cool Mint AW,Unisex,,,,,,,https://cdn.shopify.com/s/files/1/0072/0646/9679/files/AceXCoolMintCosmic-sized.png,,,,,5.90,0.00,1,G,20,IN,3,3,3,,,,
,,AC-2005-1,Unisex,Title,Default Title,,,,,,,,,,5.90,0.00,1,G,20,IN,3,3,3,,,Ace,X Cosmic Cool Mint AW
COLD AW,"<p class=""MsoNormal""><span lang=""DE-AT"" style=""mso-ansi-language: DE-AT;"">Der edel COLD ist in aller Munde und wurde bereits im ersten Jahr zum beliebtesten und meistverkauften All-White-Snus auf dem Schweizer Markt. Diese einzigartige Minz-Menthol-Mischung mit Frische-Booster und einem Nikotingehalt von 20 mg/g wurde speziell für die Vorlieben der heimischen Konsumenten entwickelt. Mit der erfrischenden Kraft des COLD bist du für alles gewappnet – jederzeit und überall.</span><span lang=""DE"" style=""mso-ansi-language: DE;""></span></p>",COLD AW,Unisex,,,,,,,https://cdn.shopify.com/s/files/1/0072/0646/9679/files/edelsnus_PP_Top_Cold_wo_Shadow.png,,,,,5.90,,1,G,14,IN,3,3,3,,,,
,,ED-1010-1,Unisex,Title,Default Title,,,,,,,,,,5.90,,1,G,14,IN,3,3,3,,,edel,COLD AW
Crispy Peppermint AW,"<p>Erlebe <a href=""https://snushus.ch/collections/velo-snus"">VELO</a> Crispy Peppermint AW – Dein erfrischender Begleiter für ein belebendes Nikotinerlebnis. Mit einem Minzgeschmack und einer Stärke von 3/5 bietet Dir dieser Snus eine angenehme und langanhaltende Wirkung. Die 20 Slim-Beutel pro Schachtel sind ideal für den diskreten und bequemen Genuss. Der Nikotingehalt von 14 mg/g überzeugt Dich.</p>
<p>Erlebe mit dem VELO Crispy Peppermint AW eine erfrischende Neuheit! <strong>Der altbekannte Velo Ice Cool Strong AW</strong> wurde aufgewertet und erstrahlt nun unter dem neuen Design.</p>
<p>Auf aromatisierter Zellulosebasis und völlig frei von Tabak kommen auch die VELO Beutel im Slim Format. Ohne Tabak bedeutet ohne gewöhnungsbedürftigen Tabakgeruch sowie ohne jegliche Tabakschadstoffe – weltweit gibt es aktuell keine weniger schädliche Art, Nikotin zu konsumieren.</p>
<p>All White Nicotine Pouches bieten sich deshalb vor allem Rauchern an, die mit herkömmlichen Methoden zur Rauchentwöhnung wie Nikotinpflastern, Nikotinkaugummis oder Nikotinsprays nichts anfangen können. VELO Crispy Peppermint AW bietet eine erfrischende Kombination aus Minzgeschmack und sanfter Stärke, perfekt für den täglichen Gebrauch.</p>
<p>Geniesse die frische Pfefferminze von VELO Crispy Peppermint AW und erlebe die Vorteile eines tabakfreien Nikotinerlebnisses. Bestelle jetzt online und entdecke, warum VELO die bevorzugte Wahl für Nicotine Pouch-Liebhaber ist. Gönn Dir diesen erfrischenden Genuss und bringe Frische in Deinen Alltag!</p>
<p><a href=""https://snushus.ch/blogs/snusbuch/epok-und-lyft-werden-ersetzt-mit-velo"">EPOK, LYFT oder VELO? Hier findest Du alle Informationen zu diesem Thema!</a></p>",Crispy Peppermint AW,Unisex,,,,,,,https://cdn.shopify.com/s/files/1/0072/0646/9679/files/Velo-crispy-Peppermint-2024_e3a020fd-a282-4a3f-8c23-19b6201d014a.png,https://cdn.shopify.com/s/files/1/0072/0646/9679/files/velo-crispy-peppermint_14395c0a-747d-41a3-b4bd-5435fad2ec24.png,,,,5.20,,1,G,14,IN,3,3,3,,,,
,,VE-6005-1,Unisex,Title,Default Title,,,,,,,,,,5.20,,1,G,14,IN,3,3,3,,,VELO (SE),Crispy Peppermint AW
Witty Spearmint AW,"<p><span>Erlebe mit dem VELO Witty Spearmint AW eine erfrischende Neuheit! Der altbekannte Velo Mint AW wurde aufgewertet und erstrahlt nun unter dem neuen Design. </span></p>
<p>Auf aromatisierter Zellulosebasis und völlig frei von Tabak kommen auch die LYFT Beutel im Slim Format. Ohne Tabak bedeutet ohne gewöhnungsbedürftigen Tabakgeruch sowie ohne jegliche Tabakschadstoffe - aktuell gibt es weltweit keine weniger schädliche Art, Nikotin zu konsumieren. All White Snus / Nicotine Pouches bietet sich deshalb vor allem Rauchern an, welche mit Rauchentwöhnung wie Nikotinpflaster, Nikotinkaugummi oder Nikotinspray nichts anfangen können.<br></p>
<div class=""info"">
<div class=""info"">
<div class=""item flex"">
<div class=""title"">
<p>Der Velo Witty Spearmint kommt mit kühlendem Minzgeschmack und gemässigtem Nikotingehalt. Der klassische Minze Snus von VELO im Slim Format.</p>
<p><span>EPOK, LYFT oder VELO? </span><a href=""https://snushus.ch/blogs/snusbuch/epok-und-lyft-werden-ersetzt-mit-velo"">Hier findest Du alle Informationen zu diesem Thema!</a></p>
</div>
</div>
</div>
</div>",Witty Spearmint AW,Unisex,,,,,,,https://cdn.shopify.com/s/files/1/0072/0646/9679/files/Velo-Witty-Spearmint-2.png,https://cdn.shopify.com/s/files/1/0072/0646/9679/files/VeloWittySpearmint_bff6eb2f-e277-4438-9d39-ed9d72e44cee.png,,,,5.20,,1,G,14,IN,3,3,3,,,,
,,VE-7005-1,Unisex,Title,Default Title,,,,,,,,,,5.20,,1,G,14,IN,3,3,3,,,VELO (SE),Witty Spearmint AW
MELON AW,"<p class=""MsoNormal""><span lang=""DE-AT"" style=""mso-ansi-language: DE-AT;"">Vermisst du das erfrischende Gefühl einer saftigen Wassermelone? Dann ist der edel MELON mit seinem fruchtigen Aroma und einem Nikotingehalt von 15 mg/g genau das Richtige für dich. Kaugummi war gestern!</span><span lang=""DE"" style=""mso-ansi-language: DE;""></span></p>",MELON AW,Unisex,,,,,,,https://cdn.shopify.com/s/files/1/0072/0646/9679/files/edelsnus_PP_Top_Melon_wo_Shadow_a6003fed-4760-413e-8100-ea4462fb1d13.png,,,,,5.90,,1,G,14,IN,3,3,3,,,,
,,ED-3010-1,Unisex,Title,Default Title,,,,,,,,,,5.90,,1,G,14,IN,3,3,3,,,edel,MELON AW
ONYX AW,"Der edel ONYX ist das bisher stärkste All White Produkt auf dem Schweizer Markt. Eine Mischung saftiger Bergkräuter mit einem Hauch von Eukalyptus. ONYX ist nichts für schwache Gemüter, aber trotzdem unglaublich lecker. Bist du bereit für den Kick?",ONYX AW,Unisex,,,,,,,https://cdn.shopify.com/s/files/1/0072/0646/9679/files/edelsnus_PP_Top_Onyx_wo_Shadow.png,,,,,5.90,0.00,1,G,28000,IN,3,3,3,,,,
,,ED-9010-1,Unisex,Title,Default Title,,,,,,,,,,5.90,0.00,1,G,28000,IN,3,3,3,,,edel,ONYX AW
Mighty Peppermint AW,"<p>Eisdurchdringender, intensiver Geschmack auf salziger Geschmacksbasis. Sie erinnern sich vielleicht unter dem ursprünglichen Namen LYFT Freeze daran.</p>
<p><span>Erlebe mit dem VELO Mighty Peppermint AW eine erfrischende Neuheit! Der altbekannte Velo Freeze AW wurde aufgewertet und erstrahlt nun unter dem neuen Design. </span></p>
<p>EPOK, LYFT oder VELO?! <br>Weitere Informationen dazu findest Du in <a href=""https://snushus.ch/blogs/snusbuch/was-ist-all-white-snus"" rel=""noopener noreferrer"" target=""_blank"">unserem Blog</a>.</p>",Mighty Peppermint AW,Unisex,,,,,,,https://cdn.shopify.com/s/files/1/0072/0646/9679/files/Velo-Mighty-Peppermint-light2024.png,,,,,6.90,,1,G,14,IN,3,3,3,,,,
,,VE-4105-1,Unisex,Title,Default Title,,,,,,,,,,6.90,,1,G,14,IN,3,3,3,,,VELO (SK),Mighty Peppermint AW
Crispy Peppermint AW,"<p>Die kühle Brise von Minze und Bergkräutern ist wie eine frische Bergbrise.</p>
<p><span>Erlebe mit dem VELO Crispy Peppermint AW eine erfrischende Neuheit! Der altbekannte Velo Ice Cool Strong AW wurde aufgewertet und erstrahlt nun unter dem neuen Design. </span></p>
<p>EPOK, LYFT oder VELO?! <br>Weitere Informationen dazu findest Du in <a href=""https://snushus.ch/blogs/snusbuch/was-ist-all-white-snus"" target=""_blank"">unserem Blog</a>.</p>",Crispy Peppermint AW,Unisex,,,,,,,https://cdn.shopify.com/s/files/1/0072/0646/9679/files/Velo-crispy-Peppermint-2024.png,,,,,6.90,,1,G,1,IN,3,3,3,,,,
,,VE-3605-1,Unisex,Title,Default Title,,,,,,,,,,6.90,,1,G,1,IN,3,3,3,,,VELO (SK),Crispy Peppermint AW
Berry Frost X-Strong AW,"<p>Berry Frost X-Strong heisst neu Icy Berries, <a href=""https://snushus.ch/products/velo-icy-berries-aw-slim"">hier gehts zum neuen Produkt</a>!</p>
<p>Kühlender Geschmack von süssen Himbeeren, Heidelbeeren und Brombeeren mit leicht würzigen Tönen.</p>
<p>EPOK, LYFT oder VELO?! <br>Weitere Informationen dazu findest Du in <a href=""https://snushus.ch/blogs/snusbuch/was-ist-all-white-snus"" target=""_blank"">unserem Blog</a>.</p>",Berry Frost X-Strong AW,Unisex,,,,,,,https://cdn.shopify.com/s/files/1/0072/0646/9679/files/velo-berry-frost-x-strong-aw.png,,,,,6.90,,1,G,14,IN,3,3,3,,,,
,,VE-4205-1,Unisex,Title,Default Title,,,,,,,,,,6.90,,1,G,14,IN,3,3,3,,,VELO (SK),Berry Frost X-Strong AW
CITRUS AW,"<p class=""MsoNormal""><span lang=""DE-AT"" style=""mso-ansi-language: DE-AT;"">Diese harmonische Symphonie aus den beliebtesten Zitrusfrüchten, gepaart mit einem Nikotingehalt von 15mg/g, verleiht diesem All-White Snus eine unwiderstehliche Vollendung. Ein Hauch von Sonne, Strand und Meer lässt dich Tagträumen und verleiht deinem Moment der Entspannung eine Extraportion Frische.</span><span lang=""DE"" style=""mso-ansi-language: DE;""></span></p>",CITRUS AW,Unisex,,,,,,,https://cdn.shopify.com/s/files/1/0072/0646/9679/files/edelsnus_PP_Top_Citrus_wo_Shadow.png,,,,,5.90,,1,G,14,IN,3,3,3,,,,
,,ED-2010-1,Unisex,Title,Default Title,,,,,,,,,,5.90,,1,G,14,IN,3,3,3,,,edel,CITRUS AW
BERRY AW,"<p class=""MsoNormal""><span lang=""DE-AT"" style=""mso-ansi-language: DE-AT;"">Bist du es leid, immer das Gleiche zu haben? Dann gönn dir doch mal etwas Besonderes mit edel BERRY. Diese Mischung aus köstlichen Waldbeeren und 10 mg/g Nikotin wird deine Sinne verzaubern und ist auch für Neueinsteiger geeignet. Erlebe einen neuen Geschmackshorizont!</span><span lang=""DE"" style=""mso-ansi-language: DE;""></span></p>",BERRY AW,Unisex,,,,,,,https://cdn.shopify.com/s/files/1/0072/0646/9679/files/edelsnus_PP_Top_Berry_wo_Shadow.png,,,,,5.90,0.00,1,G,14000,IN,3,3,3,,,,
,,ED-4010-1,Unisex,Title,Default Title,,,,,,,,,,5.90,0.00,1,G,14000,IN,3,3,3,,,edel,BERRY AW
Super White Fresh Mint No.54 AW,"<meta charset=""utf-8"">
<div class=""item flex"">
<div class=""title""></div>
</div>
<div class=""item flex"">
<div class=""info"">
<p> </p>
<div class=""info"">
<p><span>Auf aromatisierter Zellulosebasis und völlig frei von Tabak kommen auch die Skruf Super White Beutel im Slim Format. Ohne Tabak bedeutet ohne gewöhnungsbedürftigen Tabakgeruch sowie ohne jegliche Tabakschadstoffe - aktuell gibt es weltweit keine weniger schädliche Art, Nikotin zu konsumieren. All White Snus / Nicotine Pouches bietet sich deshalb vor allem Rauchern an, welche mit Rauchentwöhnung wie Nikotinpflaster, Nikotinkaugummi oder Nikotinspray nichts anfangen können.<br></span></p>
<p> </p>
<p>Der Skruf Super White Fresh schmeckt nach frischer Minze und hat einen hohen Nikotingehalt - den höchsten der Skruf Super White Linie.</p>
<p> </p>
</div>
<div class=""info"">
<div class=""info"">
<div class=""item flex"">
<div class=""title""></div>
</div>
</div>
</div>
</div>
<div class=""info"">
<div class=""info"">
<div class=""item flex"">
<div class=""title"">
<div class=""info"">
<p>Der Artikel erscheint in einem neuen Design, hat jedoch die selbe Rezeptur wie der alt bekannte Skruf Super White Fresh #4 AW</p>
</div>
<div class=""info"">
<div class=""info"">
<div class=""item flex"">
<div class=""title""></div>
</div>
</div>
</div>
</div>
<div class=""title""><br></div>
</div>
</div>
</div>
</div>",Super White Fresh Mint No.54 AW,Unisex,,,,,,,https://cdn.shopify.com/s/files/1/0072/0646/9679/products/Skruf_Superwhite_no54_xtra.jpg,,,,,5.20,,1,G,30,IN,3,3,3,,,,
,,SK-1005-1,Unisex,Title,Default Title,,,,,,,,,,5.20,,1,G,30,IN,3,3,3,,,Skruf,Super White Fresh Mint No.54 AW
No.5 Ice Tea Peach AW,"<p>Entdecke Après No.5 Ice Tea Peach All White Slim – Dein köstlicher Begleiter für ein leichtes und erfrischendes Nikotinerlebnis. Mit einem Nikotingehalt von 8 mg/g und einer Stärke von 2/5 bietet Dir dieser Snus eine sanfte und langanhaltende Wirkung. Die Slim Pouches sind ideal für den diskreten und komfortablen Genuss.</p>
<p>Après No.5 Ice Tea Peach ist ein Genuss für die Sinne. Der Geschmack von süssem Pfirsich und einem Hauch von schwarzem Tee sorgt für ein vollmundiges Eistee-Erlebnis. Es ist fast so, als hättest Du eine grosse Karaffe Eistee direkt in einen weichen kleinen Beutel gegossen.</p>",No.5 Ice Tea Peach AW,Unisex,,,,,,,https://cdn.shopify.com/s/files/1/0072/0646/9679/files/apres-no-5-ice-tea-peach-aw-2023.png,,,,,5.20,0.00,1,G,1,IN,3,3,3,,,,
,,AP-5005-1,Unisex,Title,Default Title,,,,,,,,,,5.20,0.00,1,G,1,IN,3,3,3,,,Après,No.5 Ice Tea Peach AW
Mini Spiffy Spearmint AW,"<p><span>Erlebe mit dem VELO Mini Spiffy Spearmint AW eine erfrischende Neuheit! Der altbekannte Velo Mini Easy Mint AW wurde aufgewertet und erstrahlt nun unter dem neuen Design. </span></p>
<p>Auf aromatisierter Zellulosebasis und völlig frei von Tabak kommen die VELO Beutel neu auch im Mini Format. Ohne Tabak bedeutet ohne gewöhnungsbedürftigen Tabakgeruch sowie ohne jegliche Tabakschadstoffe - aktuell gibt es weltweit keine weniger schädliche Art, Nikotin zu konsumieren. All White Snus / Nicotine Pouches bietet sich deshalb vor allem Rauchern an, welche mit Rauchentwöhnung wie Nikotinpflaster, Nikotinkaugummi oder Nikotinspray nichts anfangen können.<br></p>
<div class=""info"">
<div class=""info"">
<div class=""item flex"">
<div class=""title"">
<p>Der VELO Mini Spiffy Spearmint kommt mit süssem Minzgeschmack und tiefem Nikotingehalt.</p>
<p><span>EPOK, LYFT oder VELO? </span><a href=""https://snushus.ch/blogs/snusbuch/epok-und-lyft-werden-ersetzt-mit-velo"">Hier findest Du alle Informationen zu diesem Thema!</a></p>
</div>
</div>
</div>
</div>",Mini Spiffy Spearmint AW,Unisex,,,,,,,https://cdn.shopify.com/s/files/1/0072/0646/9679/files/Velo-Spiffy-spearmint-mini.png,https://cdn.shopify.com/s/files/1/0072/0646/9679/files/velo-spiffy-spearmint-mini1_e1acc026-45e5-4398-a4d0-68ba67917afb.png,,,,5.20,,1,G,10,IN,3,3,3,,,,
,,VE-9005-1,Unisex,Title,Default Title,,,,,,,,,,5.20,,1,G,10,IN,3,3,3,,,VELO (SE),Mini Spiffy Spearmint AW
CBD MINT,"<p class=""MsoNormal""><span lang=""DE-AT"" style=""mso-ansi-language: DE-AT;"">Um dem Druck der modernen Gesellschaft standzuhalten, ist es wichtig, Momente der Entspannung zu finden. Daher präsentieren wir mit Stolz den weltweit ersten CBD ALL WHITE. Diese Minz-Mischung ist frei von Nikotin und enthält Cannabinoide (12mg/g CBD), die deinen easy Flow aufrechterhalten und das ohne Belastung der Lunge.</span><span lang=""DE"" style=""mso-ansi-language: DE;""></span></p>",CBD MINT,Unisex,,,,,,,https://cdn.shopify.com/s/files/1/0072/0646/9679/files/edelsnus_PP_Top_Mint_CBD_wo_Shadow.png,,,,,5.90,,1,G,14,IN,3,3,3,,,,
,,ED-5010-1,Unisex,Title,Default Title,,,,,,,,,,5.90,,1,G,14,IN,3,3,3,,,edel,CBD MINT
Mini Groovy Grape AW,"<p><span>Erlebe mit dem VELO Mini Groovy Grape AW eine erfrischende Neuheit! Der altbekannte Velo Mini Royal Purple AW wurde aufgewertet und erstrahlt nun unter dem neuen Design. </span></p>
<p>Auf aromatisierter Zellulosebasis und völlig frei von Tabak kommen auch die<span> VELO </span>Beutel im Slim Format. Ohne Tabak bedeutet ohne gewöhnungsbedürftigen Tabakgeruch sowie ohne jegliche Tabakschadstoffe - aktuell gibt es weltweit keine weniger schädliche Art, Nikotin zu konsumieren. All White Snus / Nicotine Pouches bietet sich deshalb vor allem Rauchern an, welche mit Rauchentwöhnung wie Nikotinpflaster, Nikotinkaugummi oder Nikotinspray nichts anfangen können.<br></p>
<div class=""info"">
<div class=""info"">
<div class=""item flex"">
<div class=""title"">
<p>Der VELO Mini Groovy Grape AW hat den intensiven Geschmack von roten Trauben und kommt in extra kleinen Beuteln (Mini) für eine noch diskretere Anwendung.</p>
<p><span>EPOK, LYFT oder VELO? </span><a href=""https://snushus.ch/blogs/snusbuch/epok-und-lyft-werden-ersetzt-mit-velo"">Hier findest Du alle Informationen zu diesem Thema!</a></p>
</div>
</div>
</div>
</div>",Mini Groovy Grape AW,Unisex,,,,,,,https://cdn.shopify.com/s/files/1/0072/0646/9679/files/velo-groovy-grape-mini-2.png,https://cdn.shopify.com/s/files/1/0072/0646/9679/files/velo-groovy-grape-mini_3c939a50-1964-4804-b96b-76b3321e101b.png,,,,5.20,,1,G,10,IN,3,3,3,,,,
,,VE-1405-1,Unisex,Title,Default Title,,,,,,,,,,5.20,,1,G,10,IN,3,3,3,,,VELO (SE),Mini Groovy Grape AW
Tropic Breeze X-Strong AW,"<p>Aromatisiert mit exotischer Mandarine, Passionsfrucht und Mango, die an den Sommer erinnern.</p>
<p>EPOK, LYFT oder VELO?! <br>Weitere Informationen dazu findest Du in <a href=""https://snushus.ch/blogs/snusbuch/was-ist-all-white-snus"" target=""_blank"" rel=""noopener noreferrer"">unserem Blog</a>.</p>",Tropic Breeze X-Strong AW,Unisex,,,,,,,https://cdn.shopify.com/s/files/1/0072/0646/9679/files/velo-tropic-breeze-x-strong-aw_3f9d47b6-2def-4070-a990-c7617fb19c3f.png,,,,,6.90,,1,G,14,IN,3,3,3,,,,
,,VE-4805-1,Unisex,Title,Default Title,,,,,,,,,,6.90,,1,G,14,IN,3,3,3,,,VELO (SK),Tropic Breeze X-Strong AW
No.4 Cola AW,"<p>Entdecke Après No.4 Cola All White Slim– Dein neuer Favorit für ein sanftes und erfrischendes Nikotinerlebnis. Mit einer Stärke von 2/5 und einem Nikotingehalt von 8 mg/g bietet Dir dieser Snus eine angenehme und langanhaltende Wirkung. Die Slim Beutel enthalten insgesamt 11g Tabakersatz pro Dose und sind ideal für diskreten und bequemen Genuss.</p>
<p>Après No.4 Cola AW Slim verspricht einen Geschmack, der die Nostalgie von Cola einfängt, wie wir sie alle kennen und lieben. Dieses sinnliche Erlebnis bietet Dir die perfekte Mischung aus vertrautem Cola-Geschmack und belebender Frische, ein Genuss, der am liebsten nie enden sollte.</p>
<p>Geniesse den nostalgischen Cola-Geschmack von Après No.4 Cola All White Slim und erlebe die perfekte Kombination aus Frische und Leichtigkeit. Bestelle jetzt online und entdecke Après für Dich.</p>",No.4 Cola AW,Unisex,,,,,,,https://cdn.shopify.com/s/files/1/0072/0646/9679/files/apres-no-4-cola-aw-2023.png,,,,,5.20,0.00,1,G,1,IN,3,3,3,,,,
,,AP-4005-1,Unisex,Title,Default Title,,,,,,,,,,5.20,0.00,1,G,1,IN,3,3,3,,,Après,No.4 Cola AW
Mini Polar Mint Medium AW,"<p>Perfekt kühlende Frische von Menthol mit süssen Tönen. </p>
<p>EPOK, LYFT oder VELO?! <br>Weitere Informationen dazu findest Du in <a href=""https://snushus.ch/blogs/snusbuch/epok-und-lyft-werden-ersetzt-mit-velo"" data-mce-href=""https://snushus.ch/blogs/snusbuch/epok-und-lyft-werden-ersetzt-mit-velo"" target=""_blank"">unserem Blog</a>.</p>",Mini Polar Mint Medium AW,Unisex,,,,,,,https://cdn.shopify.com/s/files/1/0072/0646/9679/files/velo-mini-polar-mint-medium-aw_f8f3f821-3ecf-4c0c-9494-43a43bad602e.png,,,,,6.90,,1,G,10,IN,3,3,3,,,,
,,VE-2305-1,Unisex,Title,Default Title,,,,,,,,,,6.90,,1,G,10,IN,3,3,3,,,VELO (SK),Mini Polar Mint Medium AW
White Fox Double Mint AW,"<meta charset=""utf-8"">
<div class=""item flex "">
<div class=""title"">
<div class=""info"">
<div class=""info"">
<p>Unter der Marke White Fox vertreibt der Produzent von <a href=""https://snushus.ch/collections/odens"" title=""Oden's"">Oden's</a> und <a href=""https://snushus.ch/collections/siberia"" title=""Siberia"">Siberia </a>(GN Tobacco) seine All White Portionsbeutel. Der White Fox Double Mint kommt mit einem frischen Geschmack nach Minze und Menthol im Slim Beutel.</p>
<p> </p>
<p><span>Auf aromatisierter Zellulosebasis und völlig frei von Tabak kommen auch die</span><span> White Fox </span><span>Beutel im Slim Format. Ohne Tabak bedeutet ohne gewöhnungsbedürftigen Tabakgeruch sowie ohne jegliche Tabakschadstoffe - aktuell gibt es weltweit keine weniger schädliche Art, Nikotin zu konsumieren. All White Snus / Nicotine Pouches bietet sich deshalb vor allem Rauchern an, welche mit Rauchentwöhnung wie Nikotinpflaster, Nikotinkaugummi oder Nikotinspray nichts anfangen können.</span></p>
</div>
</div>
</div>
</div>
<div class=""item flex ""></div>",White Fox Double Mint AW,Unisex,,,,,,,https://cdn.shopify.com/s/files/1/0072/0646/9679/products/white-fox-double-mint-all-white.png,,,,,5.20,,1,G,30,IN,3,3,3,,,,
,,WF-3005-1,Unisex,Title,Default Title,,,,,,,,,,5.20,,1,G,30,IN,3,3,3,,,White Fox,White Fox Double Mint AW
Winterchill X-Strong AW,"<p>Auf aromatisierter Zellulosebasis und völlig frei von Tabak kommen auch die VELO Beutel im Slim Format. Ohne Tabak bedeutet ohne gewöhnungsbedürftigen Tabakgeruch sowie ohne jegliche Tabakschadstoffe - aktuell gibt es weltweit keine weniger schädliche Art, Nikotin zu konsumieren. All White Snus / Nicotine Pouches bietet sich deshalb vor allem Rauchern an, welche mit Rauchentwöhnung wie Nikotinpflaster, Nikotinkaugummi oder Nikotinspray nichts anfangen können.<br></p>
<div class=""info"">
<div class=""info"">
<div class=""item flex"">
<div class=""title"">
<p>Der VELO Winterchill X-Strong kommt mit kühlendem Geschmack von Wintergreen und erhöhtem Nikotingehalt.</p>
<p><span>EPOK, LYFT oder VELO? </span><a href=""https://snushus.ch/blogs/snusbuch/epok-und-lyft-werden-ersetzt-mit-velo"">Hier findest Du alle Informationen zu diesem Thema!</a></p>
</div>
</div>
</div>
</div>",Winterchill X-Strong AW,Unisex,,,,,,,https://cdn.shopify.com/s/files/1/0072/0646/9679/files/velo-winterchill-x-strong-aw.png,,,,,5.20,,1,G,14,IN,3,3,3,,,,
,,VE-2005-1,Unisex,Title,Default Title,,,,,,,,,,5.20,,1,G,14,IN,3,3,3,,,VELO (SE),Winterchill X-Strong AW
Mighty Peppermint AW,"<p>Erlebe <a href=""https://snushus.ch/collections/velo-snus"">VELO</a> Mighty Peppermint All White – Dein erfrischender Begleiter für ein kraftvolles Nikotinerlebnis. Mit einer Stärke von 4/5 und einem hohen Nikotingehalt von 15,6 mg/g bietet Dir dieser Snus eine starke und langanhaltende Wirkung. Die 20 Slim Beutel sind perfekt für den diskreten und bequemen Genuss.</p>
<p>Erlebe mit VELO Mighty Peppermint AW eine erfrischende Neuheit! <strong>Der altbekannte Velo Freeze AW wurde aufgewertet und erstrahlt nun im neuen Design</strong>.</p>
<p>Die VELO Beutel, auf aromatisierter Zellulosebasis und völlig frei von Tabak, kommen im Slim Format. Ohne Tabak bedeutet kein Tabakgeruch und keine Tabakschadstoffe – weltweit gibt es derzeit keine weniger schädliche Art, Nikotin zu konsumieren.</p>
<p>All White Snus / Nicotine Pouches bieten sich besonders für Raucher an, die mit herkömmlichen Methoden zur Rauchentwöhnung wie Nikotinpflastern, Nikotinkaugummis oder Nikotinsprays wenig Erfolg haben. VELO Mighty Peppermint kombiniert einen kühlenden Minzgeschmack mit einem hohen Nikotingehalt und sorgt so für ein belebendes und erfrischendes Aroma.</p>
<p>Geniesse die kraftvolle Frische von VELO Mighty Peppermint All White und erlebe die Vorteile eines tabakfreien Nikotinerlebnisses. Bestelle jetzt online und entdecke, warum VELO die bevorzugte Wahl für Snus-Liebhaber ist. Gönn Dir diesen intensiven Genuss und bringe Frische in Deinen Alltag!</p>
<div class=""info"">
<div class=""info"">
<div class=""item flex"">
<div class=""title"">
<p>EPOK, LYFT oder VELO? <a href=""https://snushus.ch/blogs/snusbuch/epok-und-lyft-werden-ersetzt-mit-velo"">Hier findest Du alle Informationen zu diesem Thema!</a></p>
</div>
</div>
</div>
</div>",Mighty Peppermint AW,Unisex,,,,,,,https://cdn.shopify.com/s/files/1/0072/0646/9679/files/Velo-Mighty-Peppermint-4.png,https://cdn.shopify.com/s/files/1/0072/0646/9679/files/velo-mighty-peppermint_8b1d59b0-561c-4753-91a9-54f7735fa305.png,,,,5.20,,1,G,14,IN,3,3,3,,,,
,,VE-1005-1,Unisex,Title,Default Title,,,,,,,,,,5.20,,1,G,14,IN,3,3,3,,,VELO (SE),Mighty Peppermint AW
MINT AW,"<p class=""MsoNormal""><span lang=""DE-AT"" style=""mso-ansi-language: DE-AT;"">Entdecke den neuen Standard von Frische – edel MINT mit einem Hauch von Minze. Der wohl beliebteste Snus-Geschmack ist jetzt auch mit reduziertem Nikotingehalt erhältlich! Mit nur 10 mg/g Nikotin ist der edel MINT der ideale Begleiter für deinen Alltag. Gönn dir einen Moment der Erfrischung, wann immer du willst!</span><span lang=""DE"" style=""mso-ansi-language: DE;""></span></p>",MINT AW,Unisex,,,,,,,https://cdn.shopify.com/s/files/1/0072/0646/9679/files/edelsnus_PP_Top_Mint_wo_Shadow.png,,,,,5.90,0.00,1,G,1,IN,3,3,3,,,,
,,ED-7010-1,Unisex,Title,Default Title,,,,,,,,,,5.90,0.00,1,G,1,IN,3,3,3,,,edel,MINT AW
Watermelon AW,"<p>VID ist die neuste Kreation vom Hause Kurbits Snus AB - kräftige Schweizer Aromen treffen auf schwedisches Snus Know How. Herrliches Sommerfeeling verleiht der VID Watermelon All White mit einem fruchtigen Aroma von Wassermelone.</p>
<p>Auf aromatisierter Zellulosebasis und völlig frei von Tabak kommen auch die VID Beutel im Slim Format. Ohne Tabak bedeutet ohne gewöhnungsbedürftigen Tabakgeruch sowie ohne jegliche Tabakschadstoffe - aktuell gibt es weltweit keine weniger schädliche Art, Nikotin zu konsumieren. All White Snus / Nicotine Pouches bietet sich deshalb vor allem Rauchern an, welche mit Rauchentwöhnung wie Nikotinpflaster, Nikotinkaugummi oder Nikotinspray nichts anfangen können.</p>
<div class=""info"">
<div class=""info"">
<div class=""item flex"">
<div class=""title""></div>
</div>
</div>
</div>",Watermelon AW,Unisex,,,,,,,https://cdn.shopify.com/s/files/1/0072/0646/9679/products/VID-watermelon-2023-aw.png,,,,,3.90,,1,G,1,IN,3,3,3,,,,
,,VI-2005-1,Unisex,Title,Default Title,,,,,,,,,,3.90,,1,G,1,IN,3,3,3,,,VID,Watermelon AW
Arctic Blast AW,"<p>VID ist die neuste Kreation vom Hause Kurbits Snus AB - kräftige Schweizer Aromen treffen auf schwedisches Snus Know How. Die Arctiv Blast Nikotinbeutel bestechen mit ihrem frischen Menthol, Minze Geschmack und einem hohen Nikotingehalt von 20 mg/g! Die Slim Beutel fühlen sich angenehm unter der Lippe an und können helfen, die Zigarette zu vergessen. ;-)</p>
<p>Auf aromatisierter Zellulosebasis und völlig frei von Tabak kommen auch die VID Beutel im Slim Format. Ohne Tabak bedeutet ohne gewöhnungsbedürftigen Tabakgeruch sowie ohne jegliche Tabakschadstoffe - aktuell gibt es weltweit keine weniger schädliche Art, Nikotin zu konsumieren. All White Snus / Nicotine Pouches bietet sich deshalb vor allem Rauchern an, welche mit Rauchentwöhnung wie Nikotinpflaster, Nikotinkaugummi oder Nikotinspray nichts anfangen können.</p>",Arctic Blast AW,Unisex,,,,,,,https://cdn.shopify.com/s/files/1/0072/0646/9679/files/Vid-arctic-Blast-sized.png,,,,,3.90,0.00,1,G,1,IN,3,3,3,,,,
,,VI-1005-1,Unisex,Title,Default Title,,,,,,,,,,3.90,0.00,1,G,1,IN,3,3,3,,,VID,Arctic Blast AW
Traube-Minze AW,"La Fruteria - Traube Minze wurde kreiert um den beliebtesten Shisha Geschmack in einen Pouch zu packen. Ganz nach dem Gusto von allen Wasserpfeifen Liebhabern. Frisch und trotzdem fruchtig, dazu sehr stark - ohne dass das Produkt gleichzeitig gefährlich ist wie zum Beispiel <a href=""https://snushus.ch/blogs/snusbuch/supreme-snus-co-nikotingehalt-erklart-das-problem-im-uberblick"">Supreme Snus</a>, da es in der Schweiz produziert wird",Traube-Minze AW,Unisex,,,,,,,https://cdn.shopify.com/s/files/1/0072/0646/9679/files/Snus_Container_Top_View_La_Fruteria_Traube_83d3cadd-4fe2-42d4-ad6f-3f16397c5496.png,,,,,7.90,0.00,1,G,14,IN,3,3,3,,,,
,,LF-1000-1,Unisex,Title,Default Title,,,,,,,,,,7.90,0.00,1,G,14,IN,3,3,3,,,La Fruteria,Traube-Minze AW
Super White Fresh Mint No.55 AW,"<meta charset=""utf-8"">
<div class=""item flex"">
<div class=""title""></div>
</div>
<div class=""item flex"">
<div class=""info"">
<p> Auf aromatisierter Zellulosebasis und völlig frei von Tabak kommen auch die Skruf Super White Beutel im Slim Format. Ohne Tabak bedeutet ohne gewöhnungsbedürftigen Tabakgeruch sowie ohne jegliche Tabakschadstoffe - aktuell gibt es weltweit keine weniger schädliche Art, Nikotin zu konsumieren. All White Snus / Nicotine Pouches bietet sich deshalb vor allem Rauchern an, welche mit Rauchentwöhnung wie Nikotinpflaster, Nikotinkaugummi oder Nikotinspray nichts anfangen können.</p>
<div class=""info"">
<p> </p>
<p>Der Skruf Super White Fresh #5 schmeckt nach frischer Minze und hat den höchsten Nikotingehalt in der Super White Reihe von Skruf. Unglaubliche 26 mg/g Nikotin!</p>
<p> <br></p>
<div class=""info"">
<p>Der Artikel erscheint in einem neuen Design, hat jedoch die selbe Rezeptur wie der alt bekannte Skruf Super White Fresh #5 AW</p>
</div>
<div class=""info"">
<div class=""info"">
<div class=""item flex"">
<div class=""title""></div>
</div>
</div>
</div>
</div>
</div>
<div class=""info"">
<div class=""info"">
<div class=""item flex"">
<div class=""title""><br></div>
</div>
</div>
</div>
</div>",Super White Fresh Mint No.55 AW,Unisex,,,,,,,https://cdn.shopify.com/s/files/1/0072/0646/9679/products/Skruf_Superwhite_no55_Ultra.jpg,,,,,5.20,0.00,1,G,1,IN,3,3,3,,,,
,,SK-1205-1,Unisex,Title,Default Title,,,,,,,,,,5.20,0.00,1,G,1,IN,3,3,3,,,Skruf,Super White Fresh Mint No.55 AW
White Fox AW,"<meta charset=""utf-8"">
<div class=""item flex "">
<div class=""title"">
<div class=""info"">
<div class=""info"">
<p>Unter der Marke White Fox vertreibt der Produzent von <a href=""https://snushus.ch/collections/odens"" title=""Oden's"">Oden's</a> und <a href=""https://snushus.ch/collections/siberia"" title=""Siberia"">Siberia </a>(GN Tobacco) seine All White Portionsbeutel. Der White Fox kommt mit einem eisigen Minzgeschmack im Slim Beutel.</p>
<p> </p>
<p>Auf aromatisierter Zellulosebasis und völlig frei von Tabak kommen auch die White Fox Beutel im Slim Format. Ohne Tabak bedeutet ohne gewöhnungsbedürftigen Tabakgeruch sowie ohne jegliche Tabakschadstoffe - aktuell gibt es weltweit keine weniger schädliche Art, Nikotin zu konsumieren. All White Snus / Nicotine Pouches bietet sich deshalb vor allem Rauchern an, welche mit Rauchentwöhnung wie Nikotinpflaster, Nikotinkaugummi oder Nikotinspray nichts anfangen können.</p>
</div>
</div>
</div>
</div>
<div class=""item flex ""></div>",White Fox AW,Unisex,,,,,,,https://cdn.shopify.com/s/files/1/0072/0646/9679/products/white-fox-all-white.png,,,,,5.20,,1,G,30,IN,3,3,3,,,,
,,WF-1005-1,Unisex,Title,Default Title,,,,,,,,,,5.20,,1,G,30,IN,3,3,3,,,White Fox,White Fox AW
Mini Berry Frost Medium AW,"<p>Kühlender Geschmack von süssen Himbeeren, Heidelbeeren und Brombeeren mit leicht würzigen Tönen.</p>
<p>EPOK, LYFT oder VELO?! <br>Weitere Informationen dazu findest Du in <a href=""https://snushus.ch/blogs/snusbuch/was-ist-all-white-snus"" target=""_blank"" rel=""noopener noreferrer"">unserem Blog</a>.</p>",Mini Berry Frost Medium AW,Unisex,,,,,,,https://cdn.shopify.com/s/files/1/0072/0646/9679/files/velo-mini-berry-frost-medium-aw_88bb7d36-fa14-4e03-ad9d-fb64bb28f1f9.png,,,,,6.90,,1,G,10,IN,3,3,3,,,,
,,VE-2205-1,Unisex,Title,Default Title,,,,,,,,,,6.90,,1,G,10,IN,3,3,3,,,VELO (SK),Mini Berry Frost Medium AW
LYCHEE AW,Empfindliche Gaumen aufgepasst: Hier kommt der LYCHEE! Der ausgewogene Geschmack nach Lychee mit einem Hauch von Rosenduft kombiniert mit 5mg/g Nikotin führt zu einer sanften Balance der Sinne - perfekt für Einsteiger.,LYCHEE AW,Unisex,,,,,,,https://cdn.shopify.com/s/files/1/0072/0646/9679/files/edel-snus-lychee-aw.png,,,,,6.90,0.00,1,G,1,IN,3,3,3,,,,
,,ED-8010-1,Unisex,Title,Default Title,,,,,,,,,,6.90,0.00,1,G,1,IN,3,3,3,,,edel,LYCHEE AW
White Fox Full Charge AW,"<meta charset=""utf-8"">
<div class=""item flex "">
<div class=""title"">
<div class=""info"">
<div class=""info"">
<p>Unter der Marke White Fox vertreibt der Produzent von <a href=""https://snushus.ch/collections/odens"" title=""Oden's"">Oden's</a> und <a href=""https://snushus.ch/collections/siberia"" title=""Siberia"">Siberia </a>(GN Tobacco) seine All White Portionsbeutel. Der White Fox Full Charge kommt mit einem eisigen Minzgeschmack im grossen Beutel.</p>
<p> </p>
<p> <span>Auf aromatisierter Zellulosebasis und völlig frei von Tabak kommen auch die</span><span> White Fox </span><span>Beutel im Slim Format. Ohne Tabak bedeutet ohne gewöhnungsbedürftigen Tabakgeruch sowie ohne jegliche Tabakschadstoffe - aktuell gibt es weltweit keine weniger schädliche Art, Nikotin zu konsumieren. All White Snus / Nicotine Pouches bietet sich deshalb vor allem Rauchern an, welche mit Rauchentwöhnung wie Nikotinpflaster, Nikotinkaugummi oder Nikotinspray nichts anfangen können.</span></p>
</div>
</div>
</div>
</div>
<div class=""item flex ""></div>",White Fox Full Charge AW,Unisex,,,,,,,https://cdn.shopify.com/s/files/1/0072/0646/9679/products/white-fox-full-charge-all-white.png,,,,,5.20,,1,G,30,IN,3,3,3,,,,
,,WF-2005-1,Unisex,Title,Default Title,,,,,,,,,,5.20,,1,G,30,IN,3,3,3,,,White Fox,White Fox Full Charge AW
Blushy Berry AW,"<p>Erlebe die erfrischende Neuheit mit <a href=""https://snushus.ch/collections/velo-snus"">VELO</a> Blushy Berry All White – Dein perfekter Begleiter für ein sanftes und fruchtiges Nikotinerlebnis. Mit einem köstlichen Erdbeergeschmack und einem Nikotingehalt von 8 mg/g bietet Dir dieser Snus eine angenehme und langanhaltende Wirkung. Die Dose enthälten 14g Tabakersatz in Form von Slim Beuteln.</p>
<p><strong>Der altbekannte Velo Ruby Berry All White </strong>wurde aufgewertet und erstrahlt nun unter dem neuen Design als VELO Blushy Berry AW. Auf aromatisierter Zellulosebasis und völlig frei von Tabak kommen auch die VELO Beutel im Slim Format. Ohne Tabak bedeutet ohne gewöhnungsbedürftigen Tabakgeruch sowie ohne jegliche Tabakschadstoffe – weltweit gibt es aktuell keine weniger schädliche Art, Nikotin zu konsumieren.</p>
<p>All White Snus / Nicotine Pouches sind besonders für Raucher geeignet, die mit herkömmlichen Methoden zur Rauchentwöhnung wie Nikotinpflastern, Nikotinkaugummis oder Nikotinsprays nichts anfangen können. Der VELO Blushy Berry AW bietet einen süssen Erdbeergeschmack und kommt, wie alle VELO Produkte, in Slim-Beuteln komplett ohne Tabak.</p>
<p>Geniesse den Geschmack von süssen Erdbeeren und die Vorteile eines tabakfreien Nikotinerlebnisses mit VELO Blushy Berry AW. Bestelle jetzt online und entdecke, warum VELO die bevorzugte Wahl für Snus-Liebhaber ist. Gönn Dir diesen fruchtigen Genuss und bringe Frische in Deinen Alltag!</p>
<div class=""info"">
<div class=""info"">
<div class=""item flex"">
<div class=""title"">
<p><span>EPOK, LYFT oder VELO? </span><a href=""https://snushus.ch/blogs/snusbuch/epok-und-lyft-werden-ersetzt-mit-velo"">Hier findest Du alle Informationen zu diesem Thema!</a></p>
</div>
</div>
</div>
</div>",Blushy Berry AW,Unisex,,,,,,,https://cdn.shopify.com/s/files/1/0072/0646/9679/files/Velo-Blushy-Berry-bameminghongFlame.png,,,,,5.20,0.00,1,G,14,IN,3,3,3,,,,
,,VE-1105-1,Unisex,Title,Default Title,,,,,,,,,,5.20,0.00,1,G,14,IN,3,3,3,,,VELO (SE),Blushy Berry AW
Fruit Fusion AW,"<p>VID ist die neuste Kreation vom Hause Kurbits Snus AB - kräftige Schweizer Aromen treffen auf schwedisches Snus Know How. Ein Beeren Aroma wie frisch aus dem Wald gepflückt! Die Nikotinbeutel von VID sind im Slim Format und sorgen für eine diskrete Anwendung.</p>
<p>Auf aromatisierter Zellulosebasis und völlig frei von Tabak kommen auch die VID Beutel im Slim Format. Ohne Tabak bedeutet ohne gewöhnungsbedürftigen Tabakgeruch sowie ohne jegliche Tabakschadstoffe - aktuell gibt es weltweit keine weniger schädliche Art, Nikotin zu konsumieren. All White Snus / Nicotine Pouches bietet sich deshalb vor allem Rauchern an, welche mit Rauchentwöhnung wie Nikotinpflaster, Nikotinkaugummi oder Nikotinspray nichts anfangen können.</p>",Fruit Fusion AW,Unisex,,,,,,,https://cdn.shopify.com/s/files/1/0072/0646/9679/files/VID-Fruit-Fusion-AW-23.png,,,,,3.90,,1,G,1,IN,3,3,3,,,,
,,VI-3005-1,Unisex,Title,Default Title,,,,,,,,,,3.90,,1,G,1,IN,3,3,3,,,VID,Fruit Fusion AW
Mighty Peppermint Intense AW Slim,"<p>Eisdurchdringender, intensiver Geschmack auf salziger Geschmacksbasis. Sie erinnern sich vielleicht unter dem ursprünglichen Namen LYFT Freeze daran.</p>
<p><span>Erlebe mit dem VELO Mighty Peppermint Intense AW eine erfrischende Neuheit! Der altbekannte Velo Freeze Ultra Strong AW wurde aufgewertet und erstrahlt nun unter dem neuen Design. </span></p>
<p>EPOK, LYFT oder VELO?! <br>Weitere Informationen dazu findest Du in <a rel=""noopener noreferrer"" href=""https://snushus.ch/blogs/snusbuch/was-ist-all-white-snus"" target=""_blank"">unserem Blog</a>.</p>",Mighty Peppermint Intense AW Slim,Unisex,,,,,,,https://cdn.shopify.com/s/files/1/0072/0646/9679/files/Velo-Mighty-Peppermint-Intense-Slim-2024.png,,,,,6.90,,1,G,1,IN,3,3,3,,,,
,,VE-5105-1,Unisex,Title,Default Title,,,,,,,,,,6.90,,1,G,1,IN,3,3,3,,,VELO (SK),Mighty Peppermint Intense AW Slim
Mini Urban Vibe Medium AW,"<p>Nur kurz verfügbar! </p>
<p>Bei diesem Produkt handelt es sich um Restposten, welcher etwas älter ist. Die Produkte wurden von uns getestet und sind problemlos geniessbar.</p>
<p>Intensiver Geschmack von Cranberries und anderen roten Früchten in der urbanen Wildnis. Vielleicht kannten Sie dieses Produkt schon als LYFT Urban Vibe.</p>
<p>EPOK, LYFT oder VELO?! <br>Weitere Informationen dazu findest Du in <a href=""https://snushus.ch/blogs/snusbuch/was-ist-all-white-snus"" target=""_blank"">unserem Blog</a>.</p>",Mini Urban Vibe Medium AW,Unisex,,,,,,,https://cdn.shopify.com/s/files/1/0072/0646/9679/files/velo-mini-urban-vibe-medium-aw.png,,,,,6.90,,1,G,1,IN,3,3,3,,,,
,,VE-2505-1,Unisex,Title,Default Title,,,,,,,,,,6.90,,1,G,1,IN,3,3,3,,,VELO (SK),Mini Urban Vibe Medium AW
Mini Tropic Breeze Medium AW,"<p>Nur kurz verfügbar! <br>Bei diesem Produkt handelt es sich um Restposten, welcher etwas älter ist. Die Produkte wurden von uns getestet und sind problemlos geniessbar.</p>
<p>Aromatisiert mit exotischer Mandarine, Passionsfrucht und Mango, die an den Sommer erinnern.</p>
<p>EPOK, LYFT oder VELO?! <br>Weitere Informationen dazu findest Du in <a href=""https://snushus.ch/blogs/snusbuch/was-ist-all-white-snus"" target=""_blank"">unserem Blog</a>.</p>",Mini Tropic Breeze Medium AW,Unisex,,,,,,,https://cdn.shopify.com/s/files/1/0072/0646/9679/files/velo-mini-tropic-breeze-medium-aw.png,,,,,5.50,,1,G,1,IN,3,3,3,,,,
,,VE-2805-1,Unisex,Title,Default Title,,,,,,,,,,5.50,,1,G,1,IN,3,3,3,,,VELO (SK),Mini Tropic Breeze Medium AW
Deep Freeze AW Slim,"<p>Der G.4 Deep Freeze von Swedish Match hat einen hellen, würzigen Charakter mit deutlichen Noten von Eukalyptus und Menthol. Ein langer schlanker All White Beutel mit optimierter Passform, aussen trocken mit einem feuchten Inhalt für lang anhaltende Geschmacksentfaltung und geringem Rinnen.<br></p>",Deep Freeze AW Slim,Unisex,,,,,,,https://cdn.shopify.com/s/files/1/0072/0646/9679/products/1647421618622566_g4-deep-freeze-aw.jpg,,,,,5.55,0.00,1,G,40000,IN,3,3,3,,,,
,,G4-1005-1,Unisex,Title,Default Title,,,,,,,,,,5.55,0.00,1,G,40000,IN,3,3,3,,,G.4,Deep Freeze AW Slim
Super White Polar Eucalyptus Strong No.57 AW,"<meta charset=""utf-8"">
<div class=""item flex"">
<div class=""title""><br></div>
</div>
<div class=""item flex"">
<div class=""info"">
<p><span>Auf aromatisierter Zellulosebasis und völlig frei von Tabak kommen auch die Skruf Super White Beutel im Slim Format. Ohne Tabak bedeutet ohne gewöhnungsbedürftigen Tabakgeruch sowie ohne jegliche Tabakschadstoffe - aktuell gibt es weltweit keine weniger schädliche Art, Nikotin zu konsumieren. All White Snus / Nicotine Pouches bietet sich deshalb vor allem Rauchern an, welche mit Rauchentwöhnung wie Nikotinpflaster, Nikotinkaugummi oder Nikotinspray nichts anfangen können.<br></span></p>
<p> </p>
<p>Der Skruf Super White Polar<span> schmeckt nach Menthol sowie Eukalyptus </span>und hat einen durchschnittlichen<span> </span>Nikotingehalt.</p>
</div>
<div class=""info"">
<div class=""info"">
<div class=""item flex"">
<div class=""title""><br></div>
<div class=""title""><br></div>
</div>
</div>
</div>
</div>",Super White Polar Eucalyptus Strong No.57 AW,Unisex,,,,,,,https://cdn.shopify.com/s/files/1/0072/0646/9679/products/skruf-Polar_eucalyptus-no-57-sized.png,,,,,5.20,,1,G,30,IN,3,3,3,,,,
,,SK-2005-1,Unisex,Title,Default Title,,,,,,,,,,5.20,,1,G,30,IN,3,3,3,,,Skruf,Super White Polar Eucalyptus Strong No.57 AW
No.2 Mint AW,"<p>Entdecke Après No.2 Mint All White Mint – Dein erfrischender Begleiter für ein leichtes und angenehmes Nikotinerlebnis. Mit einer Stärke von 2/5 und einem Nikotingehalt von 8 mg/g bietet Dir dieser Snus eine sanfte und wohltuende Wirkung. Der frische Minzgeschmack sorgt für ein süsses und belebendes Aroma, das Deine Sinne erfrischt.</p>
<p>Après No.2 Mint schmeckt so, wie eine Minze schmecken sollte – süss, frisch und mit einem Hauch Pfefferminze, der Dir ein anhaltendes Gefühl von Vitalität verleiht. Diese Kombination sorgt für ein langanhaltendes, erfrischendes Erlebnis, das perfekt für den täglichen Gebrauch geeignet ist.</p>
<p>Geniesse den frischen Minzgeschmack von Après No.2 Mint All White Mint und erlebe die perfekte Kombination aus Leichtigkeit und Frische. Bestelle jetzt online und entdecke, warum Après die bevorzugte Wahl für Snus-Liebhaber ist. Gönn Dir diesen erfrischenden und vitalisierenden Genuss und bringe neue Frische in Deinen Alltag!</p>
<!---->",No.2 Mint AW,Unisex,,,,,,,https://cdn.shopify.com/s/files/1/0072/0646/9679/files/apres-no-2-mint-aw.png,,,,,5.20,,1,G,1,IN,3,3,3,,,,
,,AP-2005-1,Unisex,Title,Default Title,,,,,,,,,,5.20,,1,G,1,IN,3,3,3,,,Après,No.2 Mint AW
Super White Indigo Berry No.62 AW,"<meta charset=""utf-8"">
<div class=""item flex"">
<div class=""title""><br></div>
</div>
<div class=""item flex"">
<div class=""info"">
<p><span></span><span>Auf aromatisierter Zellulosebasis und völlig frei von Tabak kommen auch die Skruf Super White Beutel im Slim Format. Ohne Tabak bedeutet ohne gewöhnungsbedürftigen Tabakgeruch sowie ohne jegliche Tabakschadstoffe - aktuell gibt es weltweit keine weniger schädliche Art, Nikotin zu konsumieren. All White Snus / Nicotine Pouches bietet sich deshalb vor allem Rauchern an, welche mit Rauchentwöhnung wie Nikotinpflaster, Nikotinkaugummi oder Nikotinspray nichts anfangen können.<br></span></p>
<p> </p>
<p>Der Skruf Super White Blackberry schmeckt nach süsser Brombeere und hat einen durchschnittlichen Nikotingehalt.</p>
</div>
<div class=""info"">
<div class=""info"">
<div class=""item flex"">
<div class=""title""><br></div>
<div class=""title""><br></div>
</div>
</div>
</div>
</div>",Super White Indigo Berry No.62 AW,Unisex,,,,,,,https://cdn.shopify.com/s/files/1/0072/0646/9679/products/skruf-indigo-berry-no-62-sized.png,,,,,5.20,,1,G,30,IN,3,3,3,,,,
,,SK-3005-1,Unisex,Title,Default Title,,,,,,,,,,5.20,,1,G,30,IN,3,3,3,,,Skruf,Super White Indigo Berry No.62 AW
No.3 Lemon Curd AW,"<p>Erlebe Après No.3 Lemon Curd All White – Dein erfrischender Begleiter für ein sanftes und belebendes Nikotinerlebnis. Mit einem Nikotingehalt von 8 mg/g und einer Stärke von 2/5 bietet Dir dieser Snus eine angenehme und langanhaltende Wirkung. Die 20 Slim Beutel enthalten insgesamt 11g Tabakersatz und sorgen für einen diskreten und komfortablen Genuss.</p>
<p>Après No.3 Lemon Curd AW wurde entwickelt, um das Gefühl einer frisch gepflückten Zitrone aus den Feldern Argentiniens einzufangen. Der intensive, frische Duft beim Öffnen der Dose sorgt für eine sensorische Explosion und bietet Dir die perfekte Mischung aus süss und sauer.</p>
<p>Geniesse den erfrischenden Zitronengeschmack von Après No.3 Lemon Curd All White. Gönn Dir diesen spritzigen und belebenden Genuss und bringe neue Frische in Deinen Alltag!</p>",No.3 Lemon Curd AW,Unisex,,,,,,,https://cdn.shopify.com/s/files/1/0072/0646/9679/files/apres-no-3-lemon-curd-aw-2023.png,,,,,5.20,0.00,1,G,1,IN,3,3,3,,,,
,,AP-3005-1,Unisex,Title,Default Title,,,,,,,,,,5.20,0.00,1,G,1,IN,3,3,3,,,Après,No.3 Lemon Curd AW
No.5 Ice Tea Peach X-Strong AW,"<p>Entdecke Après No.5 Ice Tea Peach X-Strong All White – Dein köstlicher Begleiter für ein kräftiges und erfrischendes Nikotinerlebnis. Mit einem Nikotingehalt von 15 mg/g und einer Stärke von 2/5 bietet Dir dieser Snus eine sanfte und langanhaltende Wirkung. Die Slim Pouches sind ideal für den diskreten und komfortablen Genuss.</p>
<p>Après No.5 Ice Tea Peach X-Strong ist ein Genuss für die Sinne. Der Geschmack von süssem Pfirsich und einem Hauch von schwarzem Tee sorgt für ein vollmundiges Eistee-Erlebnis. Es ist fast so, als hättest Du eine grosse Karaffe Eistee direkt in einen weichen kleinen Beutel gegossen.</p>",No.5 Ice Tea Peach X-Strong AW,Unisex,,,,,,,https://cdn.shopify.com/s/files/1/0072/0646/9679/files/apres-no-5-ice-tea-peach-x-strong-aw-2023.png,,,,,5.20,,1,G,26000,IN,3,3,3,,,,
,,AP-5105-1,Unisex,Title,Default Title,,,,,,,,,,5.20,,1,G,26000,IN,3,3,3,,,Après,No.5 Ice Tea Peach X-Strong AW
Super White Purple Cassice No.71 AW,"<meta charset=""utf-8"">
<div class=""item flex"">
<div class=""title""></div>
</div>
<div class=""item flex"">
<div class=""info"">
<p> </p>
<p><span>Auf aromatisierter Zellulosebasis und völlig frei von Tabak kommen auch die Skruf Super White Beutel im Slim Format. Ohne Tabak bedeutet ohne gewöhnungsbedürftigen Tabakgeruch sowie ohne jegliche Tabakschadstoffe - aktuell gibt es weltweit keine weniger schädliche Art, Nikotin zu konsumieren. All White Snus / Nicotine Pouches bietet sich deshalb vor allem Rauchern an, welche mit Rauchentwöhnung wie Nikotinpflaster, Nikotinkaugummi oder Nikotinspray nichts anfangen können.<br></span></p>
<p> </p>
<p><span>Der Skruf Super White Cassice schmeckt nach Cassis sowie süsser Johannisbeere und hat einen durchschnittlichen Nikotingehalt.</span></p>
</div>
<div class=""info"">
<div class=""info"">
<div class=""item flex"">
<div class=""title"">
<span>Der Artikel erscheint in einem neuen Design, hat jedoch die selbe Rezeptur wie der alt bekannte </span>Super White Cassice #2 AW</div>
<div class=""title""><br></div>
</div>
</div>
</div>
</div>",Super White Purple Cassice No.71 AW,Unisex,,,,,,,https://cdn.shopify.com/s/files/1/0072/0646/9679/files/skruf-Purple-Cassice-no71.png,,,,,5.20,,1,G,30,IN,3,3,3,,,,
,,SK-4005-1,Unisex,Title,Default Title,,,,,,,,,,5.20,,1,G,30,IN,3,3,3,,,Skruf,Super White Purple Cassice No.71 AW
Orange Jizz AW,"La Fruteria - Orange Jizz. Ein Geschmack, den es so noch nie in einem Pouch gegeben hat. Spritzige Orange und ein Schuss Blutorange für den Extra ""JIZZ"". Fruchtiger Frischekick und dazu sehr stark - ohne dass das Produkt gleichzeitig gefährlich ist wie zum Beispiel <a href=""https://snushus.ch/blogs/snusbuch/supreme-snus-co-nikotingehalt-erklart-das-problem-im-uberblick"">Supreme Snus</a>, da es in der Schweiz produziert wird.",Orange Jizz AW,Unisex,,,,,,,https://cdn.shopify.com/s/files/1/0072/0646/9679/files/Snus_Container_Top_View_La_Fruteria_Orange.png,,,,,7.90,0.00,1,G,14,IN,3,3,3,,,,
,,LF-2000-1,Unisex,Title,Default Title,,,,,,,,,,7.90,0.00,1,G,14,IN,3,3,3,,,La Fruteria,Orange Jizz AW
Super White Fresh Mint MAX No.66 AW,"<meta charset=""utf-8"">
<div class=""item flex"">
<div class=""title""></div>
</div>
<div class=""item flex"">
<div class=""info"">
<p> Auf aromatisierter Zellulosebasis und völlig frei von Tabak kommen auch die Skruf Super White Beutel im Slim Format. Ohne Tabak bedeutet ohne gewöhnungsbedürftigen Tabakgeruch sowie ohne jegliche Tabakschadstoffe - aktuell gibt es weltweit keine weniger schädliche Art, Nikotin zu konsumieren. All White Snus / Nicotine Pouches bietet sich deshalb vor allem Rauchern an, welche mit Rauchentwöhnung wie Nikotinpflaster, Nikotinkaugummi oder Nikotinspray nichts anfangen können.</p>
<div class=""info"">
<p>Der Skruf Super White Fresh MAX #6 schmeckt nach frischer Minze und kommt in tradionellen, normal grossen Beuteln. Der schwarz verpackte All White Snus kommt mit starken 23 mg/g Nikotin!</p>
</div>
<div class=""info"">
<div class=""info"">
<div class=""item flex"">
<div class=""title""></div>
</div>
</div>
</div>
</div>
<div class=""info"">
<div class=""info"">
<div class=""item flex"">
<div class=""title""><br></div>
<div class=""title"">
<div class=""info"">
<p>Der Artikel erscheint in einem neuen Design, hat jedoch die selbe Rezeptur wie der alt bekannte Super White Fresh MAX #6 AW</p>
</div>
<div class=""info"">
<div class=""info"">
<div class=""item flex"">
<div class=""title""></div>
</div>
</div>
</div>
</div>
</div>
</div>
</div>
</div>",Super White Fresh Mint MAX No.66 AW,Unisex,,,,,,,https://cdn.shopify.com/s/files/1/0072/0646/9679/products/SkrufFreshMax_66.png,,,,,5.20,0.00,1,G,35,IN,3,3,3,,,,
,,SK-1305-1,Unisex,Title,Default Title,,,,,,,,,,5.20,0.00,1,G,35,IN,3,3,3,,,Skruf,Super White Fresh Mint MAX No.66 AW
No.1 Menthol X-Strong AW,"<p>Tauche ein in das erfrischende Erlebnis von <a href=""https://snushus.ch/collections/apres-snus"">Après</a> No.1 Menthol Extra Strong All White – Dein starker Partner für ein belebendes Nikotinerlebnis. Mit einem hohen Nikotingehalt von 15 mg/g und einer Stärke von 3/5 liefert dieser Snus eine kräftige und anhaltende Wirkung. Die Dose enthält 20 Beutel, die ideal für den täglichen Gebrauch und den diskreten Genuss unterwegs sind.</p>
<p>Après No.1 Menthol Extra Strong ist genau das, wonach Du suchst – ein erfrischendes Mentholerlebnis, das ein frisches Gefühl auf den Lippen hinterlässt. Klappe den Deckel auf, lehne Dich zurück und geniesse die Kraft der Zermatter Bergwelt. Der kraftvolle Mentholgeschmack und die starke Nikotinwirkung machen diesen Snus zur perfekten Wahl für jeden Moment.</p>
<p>Geniesse den intensiven Mentholgeschmack von Après No.1 Menthol Extra Strong All White und erlebe die perfekte Kombination aus Stärke und Frische. Bestelle jetzt online und entdecke, warum Après die bevorzugte Wahl für Snus-Liebhaber ist. Gönn Dir diesen starken und belebenden Genuss und bringe Frische in Deinen Alltag!</p>",No.1 Menthol X-Strong AW,Unisex,,,,,,,https://cdn.shopify.com/s/files/1/0072/0646/9679/files/apres-no-1-mentol-extra-strong-aw.png,,,,,5.20,,1,G,1,IN,3,3,3,,,,
,,AP-1005-1,Unisex,Title,Default Title,,,,,,,,,,5.20,,1,G,1,IN,3,3,3,,,Après,No.1 Menthol X-Strong AW
Fresh Cola AW,"<p>VID ist die neuste Kreation vom Hause Kurbits Snus AB - kräftige Schweizer Aromen treffen auf schwedisches Snus Know How. Eine Abwechslung zu allen Nikotinbeuteln welche es bisher gab: VID Fresh Cola ist, wie der Name schon sagt, ein All White Snus mit Cola Geschmack! Ein unbeschreibliches Geschmackserlebnis.</p>
<p>Auf aromatisierter Zellulosebasis und völlig frei von Tabak kommen auch die VID Beutel im Slim Format. Ohne Tabak bedeutet ohne gewöhnungsbedürftigen Tabakgeruch sowie ohne jegliche Tabakschadstoffe - aktuell gibt es weltweit keine weniger schädliche Art, Nikotin zu konsumieren. All White Snus / Nicotine Pouches bietet sich deshalb vor allem Rauchern an, welche mit Rauchentwöhnung wie Nikotinpflaster, Nikotinkaugummi oder Nikotinspray nichts anfangen können.</p>",Fresh Cola AW,Unisex,,,,,,,https://cdn.shopify.com/s/files/1/0072/0646/9679/products/VID-Fresh-Cola-AW.png,,,,,3.90,,1,G,1,IN,3,3,3,,,,
,,VI-5005-1,Unisex,Title,Default Title,,,,,,,,,,3.90,,1,G,1,IN,3,3,3,,,VID,Fresh Cola AW
No.9 Cactus Lime AW,"<p>Entdecke Après No.9 Cactus Lime All White Slim – Dein erfrischender Begleiter für ein leichtes und belebendes Nikotinerlebnis. Mit einer Stärke von 2/5 und einem Nikotingehalt von 8 mg/g bietet Dir dieser Snus eine sanfte und langanhaltende Wirkung. Die Slim Beutel sorgen für einen diskreten und komfortablen Genuss.</p>
<p>Après No.9 Cactus Lime ist eine einzigartige Mischung aus zwei besonderen Aromen – Kaktus und Limette. Diese Kombination schafft eine perfekte Harmonie zwischen der Trockenheit der Wüste und der Feuchtigkeit des tropischen Waldes. Das Geschmackserlebnis ist unvergleichlich und wird in einem weichen, kleinen Beutel geliefert, der sich perfekt für den täglichen Gebrauch eignet.</p>",No.9 Cactus Lime AW,Unisex,,,,,,,https://cdn.shopify.com/s/files/1/0072/0646/9679/files/apres-no-9-cactus-lime-aw.png,,,,,5.20,0.00,1,G,1,IN,3,3,3,,,,
,,AP-6005-1,Unisex,Title,Default Title,,,,,,,,,,5.20,0.00,1,G,1,IN,3,3,3,,,Après,No.9 Cactus Lime AW
Minty Lemon AW,"<p>VID ist die neuste Kreation vom Hause Kurbits Snus AB - kräftige Schweizer Aromen treffen auf schwedisches Snus Know How. Ein kühles Zitrusaroma trifft auf 12 mg/g Nikotingehalt. Die Slim Nikotinbeutel stören kaum unter der Lippe. Ein perfektes Produkt für die Rauchentwöhnung! </p>
<p>Auf aromatisierter Zellulosebasis und völlig frei von Tabak kommen auch die VID Beutel im Slim Format. Ohne Tabak bedeutet ohne gewöhnungsbedürftigen Tabakgeruch sowie ohne jegliche Tabakschadstoffe - aktuell gibt es weltweit keine weniger schädliche Art, Nikotin zu konsumieren. All White Snus / Nicotine Pouches bietet sich deshalb vor allem Rauchern an, welche mit Rauchentwöhnung wie Nikotinpflaster, Nikotinkaugummi oder Nikotinspray nichts anfangen können.</p>
<p>Der altbekannte VID Cool Citrus mit neuem Namen!</p>",Minty Lemon AW,Unisex,,,,,,,https://cdn.shopify.com/s/files/1/0072/0646/9679/files/Vid-ruby-rasperry-sized.png,,,,,3.90,,1,G,1,IN,3,3,3,,,,
,,VI-4005-1,Unisex,Title,Default Title,,,,,,,,,,3.90,,1,G,1,IN,3,3,3,,,VID,Minty Lemon AW
Coffee Caramel AW,"<p>Der VID Coffee Caramel All White Snus ist die neuste Kreation vom Hause Kurbits Snus AB und überzeugt geschmacklich mit einer perfekten Balance zwischen starken Arabica-Kaffeebohnen sowie karamellisierter Vanille. Mittelmässig süss und durchschnittlich stark sind diese Beutel etwas für Geniesser, die den Kaffeegeschmack lieben!</p>
<p><br>Auf aromatisierter Zellulosebasis und völlig frei von Tabak kommen auch die VID Beutel im Slim Format. Ohne Tabak bedeutet ohne gewöhnungsbedürftigen Tabakgeruch sowie ohne jegliche Tabakschadstoffe - aktuell gibt es weltweit keine weniger schädliche Art, Nikotin zu konsumieren. All White Snus / Nicotine Pouches bietet sich deshalb vor allem Rauchern an, welche mit Rauchentwöhnung wie Nikotinpflaster, Nikotinkaugummi oder Nikotinspray nichts anfangen können.</p>",Coffee Caramel AW,Unisex,,,,,,,https://cdn.shopify.com/s/files/1/0072/0646/9679/products/VID-Coffe-Caramel-AW.png,,,,,3.90,0.00,1,G,30000,IN,3,3,3,,,,
,,VI-7005-1,Unisex,Title,Default Title,,,,,,,,,,3.90,0.00,1,G,30000,IN,3,3,3,,,VID,Coffee Caramel AW
Super White Fresh Mint No.52 AW,"<meta charset=""utf-8"">
<div class=""item flex"">
<div class=""title""></div>
</div>
<div class=""item flex"">
<div class=""info"">
<p>Auf aromatisierter Zellulosebasis und völlig frei von Tabak kommen auch die Skruf Super White Beutel im Slim Format. Ohne Tabak bedeutet ohne gewöhnungsbedürftigen Tabakgeruch sowie ohne jegliche Tabakschadstoffe - aktuell gibt es weltweit keine weniger schädliche Art, Nikotin zu konsumieren. All White Snus / Nicotine Pouches bietet sich deshalb vor allem Rauchern an, welche mit Rauchentwöhnung wie Nikotinpflaster, Nikotinkaugummi oder Nikotinspray nichts anfangen können.</p>
<div class=""info"">
<p> </p>
<p>Der Skruf Super White Fresh #2 schmeckt nach frischer Minze und gleich wie der Skruf Super White Fresh #4 - einfach mit weniger Nikotin.</p>
</div>
<div class=""info"">
<div class=""info"">
<div class=""item flex"">
<div class=""title""><br></div>
</div>
</div>
</div>
</div>
<div class=""info"">
<div class=""info"">
<div class=""item flex"">
<div class=""title""><br></div>
<div class=""title"">
<span><span>Der Artikel erscheint in einem neuen Design, hat jedoch die selbe Rezeptur wie der alt bekannte Super White Fresh #2 AW</span></span>
<div class=""Polaris-Header-Title__TitleMetadata_19y17""></div>
</div>
</div>
</div>
</div>
</div>",Super White Fresh Mint No.52 AW,Unisex,,,,,,,https://cdn.shopify.com/s/files/1/0072/0646/9679/products/SuperWhiteSlimFresh_2.png,,,,,5.20,,1,G,30,IN,3,3,3,,,,
,,SK-1105-1,Unisex,Title,Default Title,,,,,,,,,,5.20,,1,G,30,IN,3,3,3,,,Skruf,Super White Fresh Mint No.52 AW
Cryo AW Slim,"<p>Der G.4 Cryo von Swedish Match hat einen hellen. würzigen Charakter mit deutlichen Noten von Pfefferminz und Eukalyptus, dazu Spuren von Vanille. Ein langer schlanker All White Beutel mit optimierter Passform, aussen trocken mit einem feuchten Inhalt für lang anhaltende Geschmacksentfaltung und geringem Rinnen.</p>",Cryo AW Slim,Unisex,,,,,,,https://cdn.shopify.com/s/files/1/0072/0646/9679/products/1647422021844617_g4-cryo-aw.jpg,,,,,5.55,0.00,1,G,40000,IN,3,3,3,,,,
,,G4-2005-1,Unisex,Title,Default Title,,,,,,,,,,5.55,0.00,1,G,40000,IN,3,3,3,,,G.4,Cryo AW Slim
No.4 Cola X-Strong AW,"<p>Entdecke Après No.4 Cola X-Strong All White Slim– Dein neuer Favorit für ein kräftiges und erfrischendes Nikotinerlebnis. Mit einer Stärke von 5/5 und einem Nikotingehalt von 15 mg/g bietet Dir dieser Snus eine angenehme und langanhaltende Wirkung. Die Slim Beutel enthalten insgesamt 11g Tabakersatz pro Dose und sind ideal für diskreten und bequemen Genuss.</p>
<p>Après No.4 Cola X-Strong AW Slim verspricht einen Geschmack, der die Nostalgie von Cola einfängt, wie wir sie alle kennen und lieben. Dieses sinnliche Erlebnis bietet Dir die perfekte Mischung aus vertrautem Cola-Geschmack und belebender Frische, ein Genuss, der am liebsten nie enden sollte.</p>
<p>Geniesse den nostalgischen Cola-Geschmack von Après No.4 Cola X-Strong All White Slim und erlebe die perfekte Kombination aus Frische und Geschmack. Bestelle jetzt online und entdecke Après für Dich.</p>",No.4 Cola X-Strong AW,Unisex,,,,,,,https://cdn.shopify.com/s/files/1/0072/0646/9679/files/apres-no-4-cola-aw.png,,,,,5.20,0.00,1,G,26000,IN,3,3,3,,,,
,,AP-4105-1,Unisex,Title,Default Title,,,,,,,,,,5.20,0.00,1,G,26000,IN,3,3,3,,,Après,No.4 Cola X-Strong AW
Ice Cold AW,<span>Die Pablo-Nikotinbeutel sind auf dem europäischen Markt sehr beliebt und werden aufgrund ihrer starken Nikotinabgabe schon seit Jahren verwendet.</span>,Ice Cold AW,Unisex,,,,,,,https://cdn.shopify.com/s/files/1/0072/0646/9679/products/6d83f66db85a8b33b6183e2b94acd5f0.jpg,,,,,5.20,0.00,1,G,28000,IN,3,3,3,,,,
,,PA-1005-1,Unisex,Title,Default Title,,,,,,,,,,5.20,0.00,1,G,28000,IN,3,3,3,,,Pablo,Ice Cold AW
Twisted Pineapple Strong AW,"<p>Sommer, Sonne, Snus: VELO Twisted Pineapple Strong bringt Dir den Sommer unter die Lippe! Das Aroma ist an den beliebten Drink Piña Colada angelehnt.</p>
<p>Der alt bekannt VELO Carribean Spirit hatte ein rebranding und heisst nun VELO Twisted Pineapple. </p>
<p>EPOK und LYFT heissen neu VELO!</p>
<p>Auf aromatisierter Zellulosebasis und völlig frei von Tabak kommen auch die<span> VELO </span>Beutel im Slim Format. Ohne Tabak bedeutet ohne gewöhnungsbedürftigen Tabakgeruch sowie ohne jegliche Tabakschadstoffe - aktuell gibt es weltweit keine weniger schädliche Art, Nikotin zu konsumieren. All White Snus / Nicotine Pouches bietet sich deshalb vor allem Rauchern an, welche mit Rauchentwöhnung wie Nikotinpflaster, Nikotinkaugummi oder Nikotinspray nichts anfangen können.</p>",Twisted Pineapple Strong AW,Unisex,,,,,,,https://cdn.shopify.com/s/files/1/0072/0646/9679/files/velo-Twisted-Pineapple-Strong-aw_8d042020-f586-469a-b78f-1f3decade286.png,,,,,5.20,0.00,1,G,14,IN,3,3,3,,,,
,,VE-1605-1,Unisex,Title,Default Title,,,,,,,,,,5.20,0.00,1,G,14,IN,3,3,3,,,VELO (SE),Twisted Pineapple Strong AW
Frosted AW Slim,"Thunder jetzt auch als ""All White"" Nikotinbeutel erhältlich! Eiskalt mit einem heißen Stechen und einem vertrauten Spearmint-Geschmack.",Frosted AW Slim,Unisex,,,,,,,https://cdn.shopify.com/s/files/1/0072/0646/9679/products/Thunder-Frosted-Slim-AW.png,,,,,5.55,,1,G,30,IN,3,3,3,,,,
,,TH-5005-1,Unisex,Title,Default Title,,,,,,,,,,5.55,,1,G,30,IN,3,3,3,,,Thunder,Frosted AW Slim
Black Edition AW,"<meta charset=""utf-8"">
<div class=""item flex"">
<div class=""title"">
<div class=""info"">
<div class=""info"">
<p>Unter der Marke White Fox vertreibt der Produzent von <a href=""https://snushus.ch/collections/odens"" title=""Oden's"">Oden's</a> und <a href=""https://snushus.ch/collections/siberia"" title=""Siberia"">Siberia </a>(GN Tobacco) seine All White Portionsbeutel. Der White Fox kommt mit einem eisigen Minzgeschmack im Slim Beutel.</p>
<p> </p>
<p>Auf aromatisierter Zellulosebasis und völlig frei von Tabak kommen auch die White Fox Beutel im Slim Format. Ohne Tabak bedeutet ohne gewöhnungsbedürftigen Tabakgeruch sowie ohne jegliche Tabakschadstoffe - aktuell gibt es weltweit keine weniger schädliche Art, Nikotin zu konsumieren. All White Snus / Nicotine Pouches bietet sich deshalb vor allem Rauchern an, welche mit Rauchentwöhnung wie Nikotinpflaster, Nikotinkaugummi oder Nikotinspray nichts anfangen können.</p>
</div>
</div>
</div>
</div>
<div class=""item flex""></div>",Black Edition AW,Unisex,,,,,,,https://cdn.shopify.com/s/files/1/0072/0646/9679/products/32d9dcfa3a31396d441e599e0cd7dd38.jpg,,,,,5.20,0.00,1,G,30000,IN,3,3,3,,,,
,,WF-5005-1,Unisex,Title,Default Title,,,,,,,,,,5.20,0.00,1,G,30000,IN,3,3,3,,,White Fox,Black Edition AW
Violet Velvet AW,"<p>VID ist die neuste Kreation vom Hause Kurbits Snus AB - kräftige Schweizer Aromen treffen auf schwedisches Snus Know How.</p>
<p>Violet Velvet ist eine verspielte Kombination aus Veilchen und süsser Lakritze. Die schnelle Nikotinfreisetzung und der süsse Geschmack haben sich zu einer Sensation im Segment der frischen und süssen Nikotinbeutel entwickelt. Die Entwickler wollten dem Produkt das Gefühl eines angenehmen Geschmacks geben, der der nordischen Geschmackstradition nahe steht.</p>",Violet Velvet AW,Unisex,,,,,,,https://cdn.shopify.com/s/files/1/0072/0646/9679/products/VID-Violet-Velvet-AW.png,,,,,3.90,0.00,1,G,30000,IN,3,3,3,,,,
,,VI-6005-1,Unisex,Title,Default Title,,,,,,,,,,3.90,0.00,1,G,30000,IN,3,3,3,,,VID,Violet Velvet AW
Ruby Raspberry AW,"<p>VID Ruby Raspberry spielt mit unseren Sinnen und versetzt uns zurück in die Kindheitserinnerungen, die aus dem Himbeerduft an der Laube oder am Wasser bestehen. Gleichzeitig sind es Himbeeren, die in jedem Süsswarenladen die Obertöne geben. Mit klarem Himbeerduft und der Stärkung sonnengereifter Erdbeeren wagen wir zu behaupten, dass dies ein Nikotinbeutel ist, der den Sommer bei jedem Wetter hervorbringt.</p>
<p>Wenn es um einen leichten und leckeren Nikotinbeutel geht, ist VID RubyRaspberry eine einfache Wahl. Ansprechender Geschmack mit frischem Duft macht diesen Nikotinbeutel bei vielen zum Favoriten. Die Auswahl der Aromen, die sich in der Tüte befinden, soll die natürliche Süsse der Beeren hervorheben, damit es so schmeckt, wie ein Sommertraum schmecken sollte.</p>
<p><span>Dieser Name ist neu, aber die Aromen von Beeren sind immer noch dieselben. Der alt bekannte Racing Raspberry im neuen Design.</span></p>",Ruby Raspberry AW,Unisex,,,,,,,https://cdn.shopify.com/s/files/1/0072/0646/9679/files/VID-ruby-raspberry-2023-aw.png,,,,,3.90,0.00,1,G,30000,IN,3,3,3,,,,
,,VI-1105-1,Unisex,Title,Default Title,,,,,,,,,,3.90,0.00,1,G,30000,IN,3,3,3,,,VID,Ruby Raspberry AW
Mini Cool Mint 3mg AW,"ZYN Mini Cool Mint ist treffend benannt - es liefert einen kühlenden Mentholgeschmack mit Noten von Pfefferminze. Die Beutel sind trocken und beginnen Geschmack und Nikotin zu liefern, sobald sie ein wenig feucht werden.",Mini Cool Mint 3mg AW,Unisex,,,,,,,https://cdn.shopify.com/s/files/1/0072/0646/9679/products/zyn-mini-cool-mint-3mg-aw-new.png,,,,,1.99,0.00,1,G,1,IN,3,3,3,,,,
,,ZY-1005-1,Unisex,Title,Default Title,,,,,,,,,,1.99,0.00,1,G,1,IN,3,3,3,,,ZYN,Mini Cool Mint 3mg AW
Peppermint AW,"<meta charset=""utf-8"">
<div class=""item flex"">
<div class=""title"">
<div class=""info"">
<div class=""info"">
<p>Unter der Marke White Fox vertreibt der Produzent von <a href=""https://snushus.ch/collections/odens"" title=""Oden's"">Oden's</a> und <a href=""https://snushus.ch/collections/siberia"" title=""Siberia"">Siberia </a>(GN Tobacco) seine All White Portionsbeutel. Der White Fox kommt mit einem eisigen Minzgeschmack im Slim Beutel.</p>
<p> </p>
<p>Auf aromatisierter Zellulosebasis und völlig frei von Tabak kommen auch die White Fox Beutel im Slim Format. Ohne Tabak bedeutet ohne gewöhnungsbedürftigen Tabakgeruch sowie ohne jegliche Tabakschadstoffe - aktuell gibt es weltweit keine weniger schädliche Art, Nikotin zu konsumieren. All White Snus / Nicotine Pouches bietet sich deshalb vor allem Rauchern an, welche mit Rauchentwöhnung wie Nikotinpflaster, Nikotinkaugummi oder Nikotinspray nichts anfangen können.</p>
</div>
</div>
</div>
</div>
<div class=""item flex""></div>",Peppermint AW,Unisex,,,,,,,https://cdn.shopify.com/s/files/1/0072/0646/9679/products/fe93b5a36240d50c4d88c4598d1928d1.jpg,,,,,5.20,0.00,1,G,30000,IN,3,3,3,,,,
,,WF-4005-1,Unisex,Title,Default Title,,,,,,,,,,5.20,0.00,1,G,30000,IN,3,3,3,,,White Fox,Peppermint AW
Blueberry Extra Strong AW,<span>Killa Blueberry Extra Strong Slim All White - schlanke Portionen mit süssem Heidelbeeraroma.</span>,Blueberry Extra Strong AW,Unisex,,,,,,,https://cdn.shopify.com/s/files/1/0072/0646/9679/products/2b2751bc8fc359606f682460463ded3a.jpg,,,,,5.20,0.00,1,G,28000,IN,3,3,3,,,,
,,KI-2005-1,Unisex,Title,Default Title,,,,,,,,,,5.20,0.00,1,G,28000,IN,3,3,3,,,Killa,Blueberry Extra Strong AW
Mini Cool Mint 9mg AW,"ZYN Mini Cool Mint ist treffend benannt - es liefert einen kühlenden Mentholgeschmack mit Noten von Pfefferminze. Die Beutel sind trocken und beginnen Geschmack und Nikotin zu liefern, sobald sie ein wenig feucht werden.",Mini Cool Mint 9mg AW,Unisex,,,,,,,https://cdn.shopify.com/s/files/1/0072/0646/9679/products/zyn-mini-cool-mint-9mg-aw.png,,,,,1.99,0.00,1,G,1,IN,3,3,3,,,,
,,ZY-1205-1,Unisex,Title,Default Title,,,,,,,,,,1.99,0.00,1,G,1,IN,3,3,3,,,ZYN,Mini Cool Mint 9mg AW
Red AW,"<span>Pablo Red, der einzige Nikotinbeutel auf dem Markt mit gleichzeitig kühlender und brennender Wirkung! </span>",Red AW,Unisex,,,,,,,https://cdn.shopify.com/s/files/1/0072/0646/9679/products/PabloRedAW.png,,,,,5.20,0.00,1,G,28000,IN,3,3,3,,,,
,,PA-2005-1,Unisex,Title,Default Title,,,,,,,,,,5.20,0.00,1,G,28000,IN,3,3,3,,,Pablo,Red AW
Super White Frozen Mint No.60 AW,"<meta charset=""utf-8"">
<div class=""item flex"">
<div class=""title""></div>
</div>
<div class=""item flex"">
<div class=""info"">
<p><span></span><span>Auf aromatisierter Zellulosebasis und völlig frei von Tabak kommen auch die Skruf Super White Beutel im Slim Format. Ohne Tabak bedeutet ohne gewöhnungsbedürftigen Tabakgeruch sowie ohne jegliche Tabakschadstoffe - aktuell gibt es weltweit keine weniger schädliche Art, Nikotin zu konsumieren. All White Snus / Nicotine Pouches bietet sich deshalb vor allem Rauchern an, welche mit Rauchentwöhnung wie Nikotinpflaster, Nikotinkaugummi oder Nikotinspray nichts anfangen können.<br></span></p>
<p> </p>
<p>Der Artikel erscheint in einem neuen Design, hat jedoch die selbe Rezeptur wie der alt bekannte Skruf Frozen Shot #4 AW</p>
</div>
<div class=""info"">
<div class=""info"">
<div class=""item flex"">
<div class=""title""><br></div>
<div class=""title""><br></div>
</div>
</div>
</div>
</div>",Super White Frozen Mint No.60 AW,Unisex,,,,,,,https://cdn.shopify.com/s/files/1/0072/0646/9679/products/Skruf_Superwhite_frozen_mint_supeslim_no54_xtra.jpg,,,,,5.20,0.00,1,G,30000,IN,3,3,3,,,,
,,SK-1405-1,Unisex,Title,Default Title,,,,,,,,,,5.20,0.00,1,G,30000,IN,3,3,3,,,Skruf,Super White Frozen Mint No.60 AW
Mini Espressino 6mg AW,"ZYN Mini Espressino ist für diejenigen, die die Kombination von frisch geröstetem Kaffee lieben, aber auch den Geschmack von Schokolade, Nougat und Vanille mögen. Der Charakter ist leicht cremig und etwas dunkler als andere Geschmacksrichtungen.",Mini Espressino 6mg AW,Unisex,,,,,,,https://cdn.shopify.com/s/files/1/0072/0646/9679/products/zyn-mini-espressino-6mg-aw.png,,,,,1.99,0.00,1,G,1,IN,3,3,3,,,,
,,ZY-3105-1,Unisex,Title,Default Title,,,,,,,,,,1.99,0.00,1,G,1,IN,3,3,3,,,ZYN,Mini Espressino 6mg AW
Mini Citrus 6mg AW,"ZYN Mini Citrus hat einen köstlichen frischen Geschmack von sonnigen Zitrusfrüchten mit Noten von Orangen und Zitronengras. Die Beutel sind trocken und beginnen, Geschmack und Nikotin zu liefern, sobald sie ein wenig feucht werden.",Mini Citrus 6mg AW,Unisex,,,,,,,https://cdn.shopify.com/s/files/1/0072/0646/9679/products/zyn-mini-citrus-6mg-aw.png,,,,,1.99,0.00,1,G,1,IN,3,3,3,,,,
,,ZY-2105-1,Unisex,Title,Default Title,,,,,,,,,,1.99,0.00,1,G,1,IN,3,3,3,,,ZYN,Mini Citrus 6mg AW
Deep Freeze AW Slim,"Thunder jetzt auch als ""All White"" Nikotinbeutel erhältlich!  Intensiver eisiger und frischer kühlender Charakter mit Noten von Eukalyptus und Menthol.",Deep Freeze AW Slim,Unisex,,,,,,,https://cdn.shopify.com/s/files/1/0072/0646/9679/products/Thunder-Deep-Freeze-Slim-AW.png,,,,,5.55,,1,G,30,IN,3,3,3,,,,
,,TH-6005-1,Unisex,Title,Default Title,,,,,,,,,,5.55,,1,G,30,IN,3,3,3,,,Thunder,Deep Freeze AW Slim
Perfect Pear AW,"<p>Der Sommer ist eine fantastische Zeit voller Sonne, Strand und eisigem Birneneis. Auch wenn wir nicht das ganze Jahr über sonnige Sommertage haben können, können wir dieses Gefühl überall hin mitnehmen. Sonnengereifte Birnen, die zusammen mit klaren Vanilletönen einen wunderbaren Geschmack und eine Weichheit erzeugen, die uns an Freizeit, Spiel und Wärme erinnern.</p>
<p> </p>
<p>Bei VID Perfect Pear wollten wir den Geschmack von köstlichem Birneneis hervorheben, einen Geschmack, den viele Menschen kennen und mögen. Die Aromen oszillieren zwischen Birnen-Vanille und Säure auf eine Weise, die herausfordernd ist, wenn es darum geht, was mit Aromen für Nikotinbeutel gemacht werden kann. Der weiche Geschmack und die angenehme Nikotinstärke machen VID Perfect Pear zum perfekten Produkt für diejenigen, die täglich Nikotinbeutel verwenden möchten, oder für diejenigen, die einen milden Nikotinbeutel wünschen, wenn das Verlangen nach Nikotin zu groß wird.</p>",Perfect Pear AW,Unisex,,,,,,,https://cdn.shopify.com/s/files/1/0072/0646/9679/products/VID-Perfect-Pear-AW.png,,,,,3.90,0.00,1,G,30000,IN,3,3,3,,,,
,,VI-8005-1,Unisex,Title,Default Title,,,,,,,,,,3.90,0.00,1,G,30000,IN,3,3,3,,,VID,Perfect Pear AW
Cold Mint Extra Strong AW,<span>Killa Cold Mint Extra Strong Slim All White - schlanke Portionen mit kühlendem Minzgeschmack.</span>,Cold Mint Extra Strong AW,Unisex,,,,,,,https://cdn.shopify.com/s/files/1/0072/0646/9679/products/c3a9d8486e1d81d69a40a5851c68db83.jpg,,,,,5.20,0.00,1,G,28000,IN,3,3,3,,,,
,,KI-1005-1,Unisex,Title,Default Title,,,,,,,,,,5.20,0.00,1,G,28000,IN,3,3,3,,,Killa,Cold Mint Extra Strong AW
Mini Cool Mint 6mg AW,"ZYN Mini Cool Mint ist treffend benannt - es liefert einen kühlenden Mentholgeschmack mit Noten von Pfefferminze. Die Beutel sind trocken und beginnen Geschmack und Nikotin zu liefern, sobald sie ein wenig feucht werden.",Mini Cool Mint 6mg AW,Unisex,,,,,,,https://cdn.shopify.com/s/files/1/0072/0646/9679/products/zyn-mini-cool-mint-6mg-aw.png,,,,,1.99,0.00,1,G,1,IN,3,3,3,,,,
,,ZY-1105-1,Unisex,Title,Default Title,,,,,,,,,,1.99,0.00,1,G,1,IN,3,3,3,,,ZYN,Mini Cool Mint 6mg AW
No.8 Raspberry Liqorice AW,"<p>Entdecke Après No.8 Raspberry-Liquorice All White Slim – Dein starker Begleiter für ein einzigartiges und belebendes Nikotinerlebnis. Mit einem Nikotingehalt von 8 mg/g und einer Stärke von 3/5 bietet Dir dieser Snus eine kraftvolle und langanhaltende Wirkung. Die 20 Slim Beutel sorgen für einen diskreten und komfortablen Genuss.</p>
<p>Après No.8 Himbeer-Lakritz vereint die bewährte Geschmackskombination aus süssen Himbeeren und würzigem Lakritz. Dieses harmonische Zusammenspiel verleiht Dir ein unvergleichliches Geschmackserlebnis.</p>
<p>Geniesse die perfekte Balance aus Himbeeren und Lakritz mit Après No.8 Himbeer-Lakritz und erlebe die Vorteile eines tabakfreien Nikotinerlebnisses. </p>",No.8 Raspberry Liqorice AW,Unisex,,,,,,,https://cdn.shopify.com/s/files/1/0072/0646/9679/files/apres-no-8-Raspberry-Liqorice-aw_479f4086-edc1-4843-87e3-fec337a346d2.png,,,,,5.20,0.00,1,G,26000,IN,3,3,3,,,,
,,AP-8005-1,Unisex,Title,Default Title,,,,,,,,,,5.20,0.00,1,G,26000,IN,3,3,3,,,Après,No.8 Raspberry Liqorice AW
Ginger Lemon AW,"<p>Frisch geschälter Ingwer, frische Zitrone und Honig! Wer kann der bewährten Kombination widerstehen? Das Gewicht des Ingwers trifft auf die saure Zitrone und beide werden durch eine sanfte Süße verstärkt, die die Dreieinigkeit ergänzt, wenn es um den Hauptgeschmack der Entspannung geht. Die Aromen von VID Ginger Lemon wollen dir ein Gefühl von Pflege und Ruhe vermitteln – aber mit spürbarer Nikotinabgabe für lange Zeit.</p>
<p>Wenn etwas Sicheres und Umfassendes gefragt ist, ist VID Ginger Lemon die Antwort, wenn es um Nikotinbeutel geht. Die Aromen sind sauber und greifbar, ohne überwältigend zu sein, aber perfekt ausbalanciert für diejenigen, die einen erwachseneren Geschmack in ihrem Nikotinbeutel haben möchten.</p>",Ginger Lemon AW,Unisex,,,,,,,https://cdn.shopify.com/s/files/1/0072/0646/9679/products/VID-Ginger-Lemon-aw.png,,,,,3.90,0.00,1,G,30000,IN,3,3,3,,,,
,,VI-9005-1,Unisex,Title,Default Title,,,,,,,,,,3.90,0.00,1,G,30000,IN,3,3,3,,,VID,Ginger Lemon AW
Super White Red Rhuby #3 AW,"<meta charset=""utf-8"">
<div class=""item flex "">
<div class=""title""></div>
</div>
<div class=""item flex "">
<div class=""info"">
<p>Auf aromatisierter Zellulosebasis und völlig frei von Tabak kommen auch die Skruf Super White Beutel im Slim Format. Ohne Tabak bedeutet ohne gewöhnungsbedürftigen Tabakgeruch sowie ohne jegliche Tabakschadstoffe - aktuell gibt es weltweit keine weniger schädliche Art, Nikotin zu konsumieren. All White Snus / Nicotine Pouches bietet sich deshalb vor allem Rauchern an, welche mit Rauchentwöhnung wie Nikotinpflaster, Nikotinkaugummi oder Nikotinspray nichts anfangen können.<br></p>
</div>
<div class=""info"">
<div class=""info"">
<div class=""item flex "">
<div class=""title"">
<p> </p>
<p>Der Skruf Super White Red Rhuby<span> schmeckt nach frischem Rhabarber </span>und hat einen durchschnittlichen<span> </span>Nikotingehalt.</p>
</div>
<div class=""title""><br></div>
</div>
</div>
</div>
</div>",Super White Red Rhuby #3 AW,Unisex,,,,,,,https://cdn.shopify.com/s/files/1/0072/0646/9679/products/skruf-red-rhuby-3-super-white.png,,,,,5.20,,1,G,30,IN,3,3,3,,,,
,,SK-5005-1,Unisex,Title,Default Title,,,,,,,,,,5.20,,1,G,30,IN,3,3,3,,,Skruf,Super White Red Rhuby #3 AW
Skruf Nordic Liquorice No.58 AW,"<meta charset=""utf-8"">
<div class=""item flex"">
<div class=""title""><br></div>
</div>
<div class=""item flex"">
<div class=""info"">
<p><span></span><span>Auf aromatisierter Zellulosebasis und völlig frei von Tabak kommen auch die Skruf Super White Beutel im Slim Format. Ohne Tabak bedeutet ohne gewöhnungsbedürftigen Tabakgeruch sowie ohne jegliche Tabakschadstoffe - aktuell gibt es weltweit keine weniger schädliche Art, Nikotin zu konsumieren. All White Snus / Nicotine Pouches bietet sich deshalb vor allem Rauchern an, welche mit Rauchentwöhnung wie Nikotinpflaster, Nikotinkaugummi oder Nikotinspray nichts anfangen können.</span></p>
</div>
</div>",Skruf Nordic Liquorice No.58 AW,Unisex,,,,,,,https://cdn.shopify.com/s/files/1/0072/0646/9679/products/skruf-xtra-nordic-liquorice-sized.png,,,,,5.20,0.00,1,G,30,IN,3,3,3,,,,
,,SK-1505-1,Unisex,Title,Default Title,,,,,,,,,,5.20,0.00,1,G,30,IN,3,3,3,,,Skruf,Skruf Nordic Liquorice No.58 AW
Salty Liquorice AW,Ein aufregendes Zusammenspiel von einer salzigen Note und dem einzigartigen Lakritze-Geschmack – das wird den Fans von VID Salty Liquorice Slim Strong All White Portion Nikotinbeutel mit Nikotingehalt 12 mg/g geboten.,Salty Liquorice AW,Unisex,,,,,,,https://cdn.shopify.com/s/files/1/0072/0646/9679/products/vid-salty-liquorice-aw.png,,,,,3.90,0.00,1,G,1,IN,3,3,3,,,,
,,VI-1205-1,Unisex,Title,Default Title,,,,,,,,,,3.90,0.00,1,G,1,IN,3,3,3,,,VID,Salty Liquorice AW
Ice Mint Slim AW,Erfrischender Snus mit vollmundigem Charakter – Snus Super White Ice Mint SLIM,Ice Mint Slim AW,Unisex,,,,,,,https://cdn.shopify.com/s/files/1/0072/0646/9679/files/royal-lifestyle-ice-mint-aw_5b8e9b29-b952-42da-af03-02d47af71218.png,,,,,5.90,0.00,1,G,32,IN,3,3,3,,,,
,,RL-2010-1,Unisex,Title,Default Title,,,,,,,,,,5.90,0.00,1,G,32,IN,3,3,3,,,Royal Lifestyle,Ice Mint Slim AW
Mint-Lime Slim (Joker) AW,Kräftiger Special Snus mit Limettenkick auf Minze- Snus Special Limette/Mint SLIM Super White<br>,Mint-Lime Slim (Joker) AW,Unisex,,,,,,,https://cdn.shopify.com/s/files/1/0072/0646/9679/files/royal-lifestyle-mint-lime-joker-aw_3dd8775c-60bd-40b7-9660-9eb7307ab04a.png,,,,,5.90,0.00,1,G,32,IN,3,3,3,,,,
,,RL-3010-1,Unisex,Title,Default Title,,,,,,,,,,5.90,0.00,1,G,32,IN,3,3,3,,,Royal Lifestyle,Mint-Lime Slim (Joker) AW
Chill-Mint Slim (Sparten) AW,Cool Chill Mint Special Snus mit verschiedene Minzaroma – Snus Special Chill/Mint SLIM Super White,Chill-Mint Slim (Sparten) AW,Unisex,,,,,,,https://cdn.shopify.com/s/files/1/0072/0646/9679/files/royal-lifestyle-chill-mint-spartan-aw_e5f0d2a2-6bce-4b1d-975b-6ceba3543edb.png,,,,,5.90,0.00,1,G,32,IN,3,3,3,,,,
,,RL-4010-1,Unisex,Title,Default Title,,,,,,,,,,5.90,0.00,1,G,32,IN,3,3,3,,,Royal Lifestyle,Chill-Mint Slim (Sparten) AW
Eucalyptus Slim AW,Belebender Snus mit vollmundigem Charakter – Snus Super White Eucalypthus SLIM,Eucalyptus Slim AW,Unisex,,,,,,,https://cdn.shopify.com/s/files/1/0072/0646/9679/files/royal-lifestyle-eucalyptus-aw_7f7c7b96-fd4f-4773-af16-6d2e389978eb.png,,,,,5.90,0.00,1,G,32,IN,3,3,3,,,,
,,RL-5010-1,Unisex,Title,Default Title,,,,,,,,,,5.90,0.00,1,G,32,IN,3,3,3,,,Royal Lifestyle,Eucalyptus Slim AW
Menthol -Mint Slim (Punisher) AW,Royal Lifetsyle Cool Menthol Special Snus mit Minzaroma – Snus Special Menthol/Mint SLIM Super White,Menthol -Mint Slim (Punisher) AW,Unisex,,,,,,,https://cdn.shopify.com/s/files/1/0072/0646/9679/files/royal-lifestyle-menthol-mint-punisher-aw_4eacc539-b34b-4f69-99d9-53e92482b70c.png,,,,,5.90,0.00,1,G,32,IN,3,3,3,,,,
,,RL-6010-1,Unisex,Title,Default Title,,,,,,,,,,5.90,0.00,1,G,32,IN,3,3,3,,,Royal Lifestyle,Menthol -Mint Slim (Punisher) AW
Vanilla Pear Strong AW,"Der Sommer ist eine fantastische Zeit voller Sonne, Strand und eisigem Birneneis. Auch wenn wir nicht das ganze Jahr über sonnige Sommertage haben können, können wir dieses Gefühl überall hin mitnehmen. Sonnengereifte Birnen, die zusammen mit klaren Vanilletönen einen wunderbaren Geschmack und eine Weichheit erzeugen, die uns an Freizeit, Spiel und Wärme erinnern.<br data-mce-fragment=""1""><br data-mce-fragment=""1""><br data-mce-fragment=""1"">Bei VID <span data-mce-fragment=""1"">Vanilla Pear Strong</span> wollten wir den Geschmack von köstlichem Birneneis hervorheben, einen Geschmack, den viele Menschen kennen und mögen. Die Aromen oszillieren zwischen Birnen-Vanille und Säure auf eine Weise, die herausfordernd ist, wenn es darum geht, was mit Aromen für Nikotinbeutel gemacht werden kann. Der weiche Geschmack und die angenehme Nikotinstärke machen <span data-mce-fragment=""1"">VID Vanilla Pear Strong</span> zum perfekten Produkt für diejenigen, die täglich Nikotinbeutel verwenden möchten, oder für diejenigen, die einen milden Nikotinbeutel wünschen, wenn das Verlangen nach Nikotin zu groß wird.<br>",Vanilla Pear Strong AW,Unisex,,,,,,,https://cdn.shopify.com/s/files/1/0072/0646/9679/files/VID-vanilla-pear-sized.png,,,,,3.90,0.00,1,G,14,IN,3,3,3,,,,
,,VI-8105-1,Unisex,Title,Default Title,,,,,,,,,,3.90,0.00,1,G,14,IN,3,3,3,,,VID,Vanilla Pear Strong AW
Sour Cola Strong AW,"<p>VID ist die neuste Kreation vom Hause Kurbits Snus AB - kräftige Schweizer Aromen treffen auf schwedisches Snus Know How. Eine Abwechslung zu allen Nikotinbeuteln welche es bisher gab: VID Sour Cola strong  ist, wie der Name schon sagt, ein All White Snus mit Cola Geschmack! Ein unbeschreibliches Geschmackserlebnis.</p>
<p>Auf aromatisierter Zellulosebasis und völlig frei von Tabak kommen auch die VID Beutel im Slim Format. Ohne Tabak bedeutet ohne gewöhnungsbedürftigen Tabakgeruch sowie ohne jegliche Tabakschadstoffe - aktuell gibt es weltweit keine weniger schädliche Art, Nikotin zu konsumieren. All White Snus / Nicotine Pouches bietet sich deshalb vor allem Rauchern an, welche mit Rauchentwöhnung wie Nikotinpflaster, Nikotinkaugummi oder Nikotinspray nichts anfangen können.</p>
<p><span>Neues Design gleicher Geschmack! Der VID Sour Cola Strong ersezt den alt bekannten VID Fresh Cola Strong.</span></p>",Sour Cola Strong AW,Unisex,,,,,,,https://cdn.shopify.com/s/files/1/0072/0646/9679/files/VID_Sour_Cola_Strong_sized.png,,,,,3.90,0.00,1,G,14,IN,3,3,3,,,,
,,VI-5105-1,Unisex,Title,Default Title,,,,,,,,,,3.90,0.00,1,G,14,IN,3,3,3,,,VID,Sour Cola Strong AW
Coffee Caramel Strong AW,"Der VID Coffee Caramel strong All White Snus ist die neuste Kreation vom Hause Kurbits Snus AB und überzeugt geschmacklich mit einer perfekten Balance zwischen starken Arabica-Kaffeebohnen sowie karamellisierter Vanille. Mittelmässig süss und durchschnittlich stark sind diese Beutel etwas für Geniesser, die den Kaffeegeschmack lieben!<br>Auf aromatisierter Zellulosebasis und völlig frei von Tabak kommen auch die VID Beutel im Slim Format. Ohne Tabak bedeutet ohne gewöhnungsbedürftigen Tabakgeruch sowie ohne jegliche Tabakschadstoffe - aktuell gibt es weltweit keine weniger schädliche Art, Nikotin zu konsumieren. All White Snus / Nicotine Pouches bietet sich deshalb vor allem Rauchern an, welche mit Rauchentwöhnung wie Nikotinpflaster, Nikotinkaugummi oder Nikotinspray nichts anfangen können.",Coffee Caramel Strong AW,Unisex,,,,,,,https://cdn.shopify.com/s/files/1/0072/0646/9679/products/VID_Caramel_Coffe_Strong_dt.png,,,,,3.90,0.00,1,G,14,IN,3,3,3,,,,
,,VI-7105-1,Unisex,Title,Default Title,,,,,,,,,,3.90,0.00,1,G,14,IN,3,3,3,,,VID,Coffee Caramel Strong AW
Extremely Strong AW,"<span data-mce-fragment=""1"">Der beliebteste Brand der Schweizer kommt nun auch mit einer All-White Variante daher! Der Siberia Extremely Strong AW kommt mit starken 33 mg/g Nikotin.</span>",Extremely Strong AW,Unisex,,,,,,,https://cdn.shopify.com/s/files/1/0072/0646/9679/products/Siberia-all-white-regular-sized600.jpg,,,,,6.90,0.00,1,G,15,IN,3,3,3,,,,
,,SI-9005-1,Unisex,Title,Default Title,,,,,,,,,,6.90,0.00,1,G,15,IN,3,3,3,,,Siberia,Extremely Strong AW
Extremely Strong AW Slim,Der beliebteste Brand der Schweizer kommt nun auch mit einer All-White Variante daher! Der Siberia Extremely Strong AW kommt mit starken 33 mg/g Nikotin.,Extremely Strong AW Slim,Unisex,,,,,,,https://cdn.shopify.com/s/files/1/0072/0646/9679/products/Siberia-all-white-slim-sized600.jpg,,,,,6.90,,1,G,15,IN,3,3,3,,,,
,,SI-9015-1,Unisex,Title,Default Title,,,,,,,,,,6.90,,1,G,15,IN,3,3,3,,,Siberia,Extremely Strong AW Slim
No.4 Après Cola AW Mini,"<p>Entdecke Après No.4 Cola All White Mini – Dein neuer Favorit für ein sanftes und erfrischendes Nikotinerlebnis. Mit einer Stärke von 2/5 und einem Nikotingehalt von 8 mg/g bietet Dir dieser Snus eine angenehme und langanhaltende Wirkung. Die Mini Beutel enthalten insgesamt 8g Tabakersatz pro Dose und sind ideal für diskreten und bequemen Genuss.</p>
<p>Après No.4 Cola Mini verspricht einen Geschmack, der die Nostalgie von Cola einfängt, wie wir sie alle kennen und lieben. Dieses sinnliche Erlebnis bietet Dir die perfekte Mischung aus vertrautem Cola-Geschmack und belebender Frische, ein Genuss, der am liebsten nie enden sollte.</p>
<p>Geniesse den nostalgischen Cola-Geschmack von Après No.4 Cola All White Mini und erlebe die perfekte Kombination aus Frische und Leichtigkeit. Bestelle jetzt online und entdecke Après für Dich.</p>",No.4 Après Cola AW Mini,Unisex,,,,,,,https://cdn.shopify.com/s/files/1/0072/0646/9679/files/apres-no-4-cola-mini-aw.png,,,,,5.20,0.00,1,G,26000,IN,3,3,3,,,,
,,AP-4015-1,Unisex,Title,Default Title,,,,,,,,,,5.20,0.00,1,G,26000,IN,3,3,3,,,Après,No.4 Après Cola AW Mini
No.5 Ice Tea Peach AW Mini,"<p>Entdecke Après No.5 Ice Tea Peach All White Mini – Dein köstlicher Begleiter für ein leichtes und erfrischendes Nikotinerlebnis. Mit einem Nikotingehalt von 8 mg/g und einer Stärke von 2/5 bietet Dir dieser Snus eine sanfte und langanhaltende Wirkung. Die Mini Pouches sind ideal für den diskreten und komfortablen Genuss.</p>
<p>Après No.5 Ice Tea Peach Mini ist ein Genuss für die Sinne. Der Geschmack von süssem Pfirsich und einem Hauch von schwarzem Tee sorgt für ein vollmundiges Eistee-Erlebnis. Es ist fast so, als hättest Du eine grosse Karaffe Eistee direkt in einen weichen kleinen Beutel gegossen.</p>",No.5 Ice Tea Peach AW Mini,Unisex,,,,,,,https://cdn.shopify.com/s/files/1/0072/0646/9679/files/apres-no-5-ice-tea-peach-mini-aw.png,,,,,5.20,,1,G,26000,IN,3,3,3,,,,
,,AP-5015-1,Unisex,Title,Default Title,,,,,,,,,,5.20,,1,G,26000,IN,3,3,3,,,Après,No.5 Ice Tea Peach AW Mini
No.8 Raspberry Liqorice AW Mini,"<p>Entdecke Après No.8 Raspberry-Liquorice AW Mini – Dein starker Begleiter für ein einzigartiges und belebendes Nikotinerlebnis. Mit einem Nikotingehalt von 8 mg/g und einer Stärke von 3/5 bietet Dir dieser Snus eine kraftvolle und langanhaltende Wirkung. Die 20 Slim Beutel sorgen für einen diskreten und komfortablen Genuss.</p>
<p>Après No.8 Himbeer-Lakritz vereint die bewährte Geschmackskombination aus süssen Himbeeren und würzigem Lakritz. Dieses harmonische Zusammenspiel verleiht Dir ein unvergleichliches Geschmackserlebnis.</p>
<p>Geniesse die perfekte Balance aus Himbeeren und Lakritz mit Après No.8 Himbeer-Lakritz und erlebe die Vorteile eines tabakfreien Nikotinerlebnisses. </p>
<div class=""info"">
<div class=""info"">
<div class=""item flex"">
<div class=""title""><br></div>
</div>
</div>
</div>",No.8 Raspberry Liqorice AW Mini,Unisex,,,,,,,https://cdn.shopify.com/s/files/1/0072/0646/9679/files/apres-no-8-Raspberry-Liqorice-mini-aw.png,,,,,5.20,0.00,1,G,26,IN,3,3,3,,,,
,,AP-8015-1,Unisex,Title,Default Title,,,,,,,,,,5.20,0.00,1,G,26,IN,3,3,3,,,Après,No.8 Raspberry Liqorice AW Mini
Jalapeño Lime Extra Strong AW,"<p data-mce-fragment=""1"">Loop Jalapeño Lime Slim Strong<span data-mce-fragment=""1""> </span>ist sicherlich einzigartig. Mit seinen scharfen Noten von grünem Jalapeño, die Sie sofort erreichen, wenn der Nikotinbeutel unter der Oberlippe angefeuchtet ist, und dem säuerlichen Abgang in Form von Limette wird er Ihnen ein Geschmackserlebnis bescheren, das Sie so schnell nicht vergessen werden! Minzprodukte waren anfangs das große Ding in Europa. Heute gibt es sie in Hülle und Fülle. Aber irgendwann gab es eine Verschiebung der Nachfrage und die europäischen Anwender wünschen sich jetzt einzigartigere Mischungen wie Jalapeño und Limette!</p>
<p data-mce-fragment=""1"">Die Portionen sind dünn und schmal, wodurch sie perfekt unter Ihre Lippe passen. Dank des all white, tabakfreien Inhalts jedes Beutels verfärben sich Ihre Zähne nicht. Auch übermäßiges Tropfen ist nicht zu befürchten. Mit der ständigen Bewegung von Menschen über Ozeane und Ländergrenzen hinweg wird es für die Benutzer immer wichtiger, einen diskreten Beutel zu haben, der keiner Erklärung oder Rechtfertigung bedarf – hier eignen sich die unglaublichen Beutel von LOOP wirklich hervorragend. Sie sind beides – bequem und diskret! Der Nikotingehalt liegt bei 15 mg/g – ein starker Nikotingehalt, der vom erfahrenen Benutzer geschätzt wird.</p>
<p data-mce-fragment=""1"">LOOP wird von Another Snus Factory hergestellt, die ihren Sitz in Stockholm und in Oslo hat. LOOP ist die erste Marke dieses aufstrebenden Snusherstellers.</p>",Jalapeño Lime Extra Strong AW,Unisex,,,,,,,https://cdn.shopify.com/s/files/1/0072/0646/9679/files/Loop-Jalapeno-lime-extra-strong-sized.png,,,,,8.90,,1,G,13,IN,3,3,3,,,,
,,LO-1000-1,Unisex,Title,Default Title,,,,,,,,,,8.90,,1,G,13,IN,3,3,3,,,LOOP,Jalapeño Lime Extra Strong AW
Habanero Mint Extra Strong AW,"<p data-mce-fragment=""1"">Loop Habanero Mint Extra Strong<strong data-mce-fragment=""1""><span data-mce-fragment=""1""> </span></strong>ist ein starker Nikotinbeutel mit einer Kombination aus scharfer Habanero (Chili) und kühler Minze, wodurch das Erlebnis dieses starken Nikotinbeutels sehr intensiv ist. Die Mischung aus würzigem Chili und kühlender Minze ist genial und köstlich interessant.</p>
<p data-mce-fragment=""1"">Diese Nikotinbeutel enthalten einen Nikotingehalt von 20 mg/g, was stark ist. Sie geben ihren Inhalt dank LOOPs InstantRush-Technologie schnell und kraftvoll ab, was bedeutet, dass der Nikotinkick aus diesen Beuteln stark und unmittelbar ist. Eine Dose kommt mit 24 Beuteln, die schlank und feucht und völlig tropffrei sind.</p>
<p data-mce-fragment=""1"">LOOP ist eine Marke, die das Wort Spaß wirklich verkörpert. Ihre Dosen, ihre Geschmacksrichtungen, ihre Website, alles an ihnen sticht hervor und das ist ein Grund für die Liebe, die sie erhalten haben. Sie sind auch für ihre Intensität und ihren starken Nikotingehalt bekannt, der zwischen 10 mg/g und 20 mg/g liegt</p>",Habanero Mint Extra Strong AW,Unisex,,,,,,,https://cdn.shopify.com/s/files/1/0072/0646/9679/files/loop-habanero-mint-extra-strong-sized-aw.png,,,,,8.90,0.00,1,G,13,IN,3,3,3,,,,
,,LO-2000-1,Unisex,Title,Default Title,,,,,,,,,,8.90,0.00,1,G,13,IN,3,3,3,,,LOOP,Habanero Mint Extra Strong AW
Ice Mango AW DUOPACK,"<span data-mce-fragment=""1"">Der DOPE Ice Mango Strong ist eine saftige Mischung aus dem eisigen Gefühl von DOPE und dem unverwechselbaren fruchtigen Geschmack von Mango. Die DOPE RUSH Instant Kick Technologie setzt das Nikotin mit intensivem und kraftvollem Kick frei. Wenn Du einen erfrischenden Geschmack mit garantiertem Kick willst, ist Deine Wahl DOPE! Jede Dose enthält 22 Nikotinbeutel im Slimformat.</span>",Ice Mango AW DUOPACK,Unisex,,,,,,,https://cdn.shopify.com/s/files/1/0072/0646/9679/products/dope_ice_mango_strong_edition.jpg,,,,,5.90,0.00,1,G,15,IN,3,3,3,,,,
,,DO-1020-1,Unisex,Title,Default Title,,,,,,,,,,5.90,0.00,1,G,15,IN,3,3,3,,,DOPE,Ice Mango AW DUOPACK
Lime Smash AW DUOPACK,"<span data-mce-fragment=""1"">Der DOPE Lime Smash Strong ist eine exotische Mischung aus dem eisigen Gefühl von DOPE und dem süsslichen Geschmack von Limette. Die DOPE RUSH Instant Kick Technologie setzt das Nikotin mit intensivem und kraftvollem Kick frei. Wenn Du einen erfrischenden Geschmack mit garantiertem Kick willst, ist Deine Wahl DOPE! Jede Dose enthält 22 Nikotinbeutel im Slimformat.</span>",Lime Smash AW DUOPACK,Unisex,,,,,,,https://cdn.shopify.com/s/files/1/0072/0646/9679/products/Dope_Lime_Smash_Strong_Edition.jpg,,,,,5.90,,1,G,15,IN,3,3,3,,,,
,,DO-2020-1,Unisex,Title,Default Title,,,,,,,,,,5.90,,1,G,15,IN,3,3,3,,,DOPE,Lime Smash AW DUOPACK
Eucalyptus X-Strong AW,"<span data-mce-fragment=""1"">Von der bekannten Marke Velo kommt mit Velo Eucalyptus Slim X-Strong All White Portion eine neue Geschmacksrichtung der populären Marke. Dabei ist nicht nur das Geschmackserlebnis recht intensiv. Auch der Nikotinkick ist mit einem Nikotingehalt 15,6 mg/g eher stark. Die 20 All-White Portionen im Slim-Format sind zudem in einer praktischen Dose verpackt, die auch für unterwegs passt.</span>",Eucalyptus X-Strong AW,Unisex,,,,,,,https://cdn.shopify.com/s/files/1/0072/0646/9679/files/velo-eucalyptus-x-strong-aw.png,,,,,5.20,0.00,1,G,30,IN,3,3,3,,,,
,,VE-1805-1,Unisex,Title,Default Title,,,,,,,,,,5.20,0.00,1,G,30,IN,3,3,3,,,VELO (SE),Eucalyptus X-Strong AW
Mini Crispy Peppermint AW,"<p><span data-mce-fragment=""1"">Erlebe mit dem VELO Crispy Peppermint AW Mini eine erfrischende Neuheit! Der altbekannte Velo Mini Ice Cool Strong AW wurde aufgewertet und erstrahlt nun unter dem neuen Design. </span></p>
<p><span data-mce-fragment=""1"">Die Minibeutel haben den gleichen intensiv kühlenden Minzgeschmack, für den VELO Crispy Peppermint bekannt ist: scharfe Pfefferminze mit einem Hauch von Süsse und Minze.</span></p>",Mini Crispy Peppermint AW,Unisex,,,,,,,https://cdn.shopify.com/s/files/1/0072/0646/9679/files/velo-crispy-peppermint-mini.png,,,,,5.20,0.00,1,G,20,IN,3,3,3,,,,
,,VE-6115-1,Unisex,Title,Default Title,,,,,,,,,,5.20,0.00,1,G,20,IN,3,3,3,,,VELO (SE),Mini Crispy Peppermint AW
COLD AW Bigpack,Der edel COLD ist in aller Munde und wurde bereits im ersten Jahr zum beliebtesten und meistverkauften All White Snus Produkt auf dem Schweizer Markt. Diese einzigartige Minz-Menthol Mischung mit Frischebooster und 20 mg/g Nikotin wurde speziell für die Vorlieben der heimischen Konsumenten entwickelt. Mit der Kraft des COLD kann kommen was wolle - immer und überall. Jetzt auch in der Vorteilspackung aus umweltfreundlichem Karton mit 100 Snusbeuteln!,COLD AW Bigpack,Unisex,,,,,,,https://cdn.shopify.com/s/files/1/0072/0646/9679/files/edelsnus-cold-all-white-big-pack-20.png,https://cdn.shopify.com/s/files/1/0072/0646/9679/products/edelsnus-cold-all-white-big-pack-comparison.png,,,,24.90,0.00,1,G,1,IN,3,3,3,,,,
,,ED-1020-1,Unisex,Title,Default Title,,,,,,,,,,24.90,0.00,1,G,1,IN,3,3,3,,,edel,COLD AW Bigpack
ONYX AW Bigpack,"<p>Der edel ONYX ist das bisher stärkste All White Produkt auf dem Schweizer Markt. Eine Mischung saftiger Bergkräuter mit einem Hauch von Eukalyptus. ONYX ist nichts für schwache Gemüter, aber trotzdem unglaublich lecker. Bist du bereit für den Kick? Jetzt auch in der Vorteilspackung aus umweltfreundlichem Karton mit 100 Snusbeuteln!</p>",ONYX AW Bigpack,Unisex,,,,,,,https://cdn.shopify.com/s/files/1/0072/0646/9679/files/edelsnus-onyx-all-white-big-pack-20.png,https://cdn.shopify.com/s/files/1/0072/0646/9679/products/edelsnus-onyx-all-white-big-pack-comparison.png,,,,24.90,0.00,1,G,1,IN,3,3,3,,,,
,,ED-9020-1,Unisex,Title,Default Title,,,,,,,,,,24.90,0.00,1,G,1,IN,3,3,3,,,edel,ONYX AW Bigpack
Extremely Strong  AW Super Slim,"<span data-mce-fragment=""1"">Siberia ist der stärkste Snus der Welt – und nun kannst du Siberia All White Extremely Strong Super Slim kaufen, die tabakfreie Alternative! Gönn dir die Marke mit dem unglaublich hohen Nikotingehalt von 33 mg/g für eine extrem starke belebende Wirkung. Per diskreter Super Slim Portion sind das 21 mg Nikotin! Dazu passt das eiskalte Minzaroma – echt sibirisch kalt!</span>",Extremely Strong  AW Super Slim,Unisex,,,,,,,https://cdn.shopify.com/s/files/1/0072/0646/9679/products/Siberia-Extremly-Strong-super-slim-aw_b94b7e46-18df-49cf-b352-cd0ccb2c1296.jpg,,,,,6.90,,1,G,13,IN,3,3,3,,,,
,,SI-9115-1,Unisex,Title,Default Title,,,,,,,,,,6.90,,1,G,13,IN,3,3,3,,,Siberia,Extremely Strong  AW Super Slim
Mighty Peppermint MAX AW,"<div class=""info"">
<div class=""info"">
<div class=""item flex"">
<div class=""title"">
<p>Erlebe <a href=""https://snushus.ch/collections/velo-snus"">VELO</a> Mighty Peppermint MAX All White – Dein extrem starker Begleiter für ein intensives Nikotinerlebnis. Mit einer Stärke von 6/5 und einem beeindruckenden Nikotingehalt von 24 mg/g bietet Dir dieser Snus eine außergewöhnlich starke und langanhaltende Wirkung. Die 20 Slim Beutel sind perfekt für diskreten und bequemen Genuss und enthalten einen erfrischenden Minzgeschmack.</p>
<p><strong>Der altbekannte VELO Freeze Max trägt nun den Namen VELO Mighty Peppermint MAX und erstrahlt in einem neuen Deisgn</strong>.</p>
<p>Auf aromatisierter Zellulosebasis und völlig frei von Tabak kommen auch die VELO Beutel im Slim Format. Ohne Tabak bedeutet kein gewöhnungsbedürftiger Tabakgeruch sowie keine Tabakschadstoffe – weltweit gibt es aktuell keine weniger schädliche Art, Nikotin zu konsumieren. All White Snus / Nicotine Pouches bieten sich deshalb vor allem Rauchern an, die mit herkömmlichen Methoden zur Rauchentwöhnung wie Nikotinpflastern, Nikotinkaugummis oder Nikotinsprays wenig Erfolg haben.</p>
<p>Geniesse die kraftvolle Frische von VELO Mighty Peppermint MAX All White und erlebe die Vorteile eines tabakfreien Nikotinerlebnisses. Bestelle jetzt online und entdecke, warum VELO die bevorzugte Wahl für Snus-Liebhaber ist. Gönn Dir diesen extrem starken und erfrischenden Genuss und bringe Frische in Deinen Alltag!</p>
<p>EPOK, LYFT oder VELO?<span> </span><a href=""https://snushus.ch/blogs/snusbuch/epok-und-lyft-werden-ersetzt-mit-velo"">Hier findest Du alle Informationen zu diesem Thema!</a></p>
</div>
</div>
</div>
</div>",Mighty Peppermint MAX AW,Unisex,,,,,,,https://cdn.shopify.com/s/files/1/0072/0646/9679/files/velo-mighty-peppermint-6-aw.png,,,,,5.20,0.00,1,G,14,IN,3,3,3,,,,
,,VE-1115-1,Unisex,Title,Default Title,,,,,,,,,,5.20,0.00,1,G,14,IN,3,3,3,,,VELO (SE),Mighty Peppermint MAX AW
Mighty Peppermint ULTRA AW,"<p>Erlebe <a href=""https://snushus.ch/collections/velo-snus"">VELO</a> Mighty Peppermint ULTRA All White – Dein kraftvoller Begleiter für ein erfrischendes und starkes Nikotinerlebnis. Mit einer Stärke von 5/5 und einem Nikotingehalt von 20 mg/g bietet Dir dieser Snus eine intensive und langanhaltende Wirkung. Die 20 Slimbeutel sind ideal für diskreten und bequemen Genuss und enthalten einen belebenden Geschmack von Pfefferminze und Menthol.</p>
<p><strong>Der VELO Mighty Peppermint ULTRA ist das neuste Produkt von VELO und ersetzt den altbekannten VELO Freeze Ultra</strong>. </p>
<p>Auf aromatisierter Zellulosebasis und völlig frei von Tabak kommen auch die VELO Beutel im Slim Format. Ohne Tabak bedeutet kein gewöhnungsbedürftiger Tabakgeruch sowie keine Tabakschadstoffe – weltweit gibt es aktuell keine weniger schädliche Art, Nikotin zu konsumieren. All White Snus / Nicotine Pouches sind besonders für Raucher geeignet, die mit herkömmlichen Methoden zur Rauchentwöhnung wie Nikotinpflastern, Nikotinkaugummis oder Nikotinsprays wenig Erfolg haben.</p>
<p>Erlebe den Unterschied mit VELO Mighty Peppermint ULTRA All White. Lass Dich von der kraftvollen Frische und der praktischen Handhabung überzeugen.</p>
<p>EPOK, LYFT oder VELO? <a href=""https://snushus.ch/blogs/snusbuch/epok-und-lyft-werden-ersetzt-mit-velo"">Hier findest Du alle Informationen zu diesem Thema!</a></p>",Mighty Peppermint ULTRA AW,Unisex,,,,,,,https://cdn.shopify.com/s/files/1/0072/0646/9679/files/Velo-mighty-peppermint-ultra.png,,,,,5.20,0.00,1,G,14,IN,3,3,3,,,,
,,VE-1125-1,Unisex,Title,Default Title,,,,,,,,,,5.20,0.00,1,G,14,IN,3,3,3,,,VELO (SE),Mighty Peppermint ULTRA AW
Peppermint Storm X-Strong AW,"<p>Erlebe <a href=""https://snushus.ch/collections/velo-snus"">VELO</a> Peppermint Storm X-Strong AW – Dein kraftvoller Begleiter für ein intensives und erfrischendes Nikotinerlebnis. Mit einer Stärke von 4/5 und einem beeindruckenden Nikotingehalt von 15,6 mg/g bietet Dir dieser Snus eine starke und langanhaltende Wirkung.</p>
<p><strong>Der altbekannte Velo Cool Storm X-Strong AW</strong> wurde aufgewertet und erstrahlt nun unter dem neuen Design.</p>
<p>Auf aromatisierter Zellulosebasis und völlig frei von Tabak kommen auch die VELO Beutel im Slim Format. Ohne Tabak bedeutet ohne gewöhnungsbedürftigen Tabakgeruch sowie ohne jegliche Tabakschadstoffe – weltweit gibt es aktuell keine weniger schädliche Art, Nikotin zu konsumieren. All White Snus / Nicotine Pouches sind besonders für Raucher geeignet, die mit herkömmlichen Methoden zur Rauchentwöhnung wie Nikotinpflastern, Nikotinkaugummis oder Nikotinsprays nichts anfangen können.</p>
<p>VELO Cool Storm bietet einen starken Mentholgeschmack, ergänzt durch einen Hauch von Pfefferminz und ein sehr starkes Kühlungsgefühl. Diese Kombination sorgt für ein belebendes und erfrischendes Aroma, das Deine Sinne belebt und Dich sofort erfrischt.</p>
<p>Geniesse die kraftvolle Frische von VELO Peppermint Storm X-Strong AW und erlebe die Vorteile eines tabakfreien Nikotinerlebnisses. Bestelle jetzt online und entdecke, warum VELO die bevorzugte Wahl für Snus-Liebhaber ist. Gönn Dir diesen intensiven Genuss und bringe Frische in Deinen Alltag!</p>
<p><a href=""https://snushus.ch/blogs/snusbuch/epok-und-lyft-werden-ersetzt-mit-velo"">EPOK, LYFT oder VELO? Hier findest Du alle Informationen zu diesem Thema!</a></p>",Peppermint Storm X-Strong AW,Unisex,,,,,,,https://cdn.shopify.com/s/files/1/0072/0646/9679/files/velo-peppermint-storm.png,,,,,5.20,0.00,1,G,14,IN,3,3,3,,,,
,,VE-1205-1,Unisex,Title,Default Title,,,,,,,,,,5.20,0.00,1,G,14,IN,3,3,3,,,VELO (SE),Peppermint Storm X-Strong AW
Wild Lavender AW,"<p>Auf aromatisierter Zellulosebasis und völlig frei von Tabak kommen auch die VELO Beutel im Slim Format. Ohne Tabak bedeutet ohne gewöhnungsbedürftigen Tabakgeruch sowie ohne jegliche Tabakschadstoffe - aktuell gibt es weltweit keine weniger schädliche Art, Nikotin zu konsumieren. All White Snus / Nicotine Pouches bietet sich deshalb vor allem Rauchern an, welche mit Rauchentwöhnung wie Nikotinpflaster, Nikotinkaugummi oder Nikotinspray nichts anfangen können.</p>
<p>VELO Wild Lavendel Limited Edition. Inspiriert von Wildblumenfeldern und voll von der krautigen Rundheit des Lavendels.<br data-mce-fragment=""1""><br data-mce-fragment=""1"">EPOK, LYFT oder VELO? Hier findest Du alle Informationen zu diesem Thema!</p>",Wild Lavender AW,Unisex,,,,,,,https://cdn.shopify.com/s/files/1/0072/0646/9679/files/velo-wild-lavender-strong-aw.png,,,,,5.20,0.00,1,G,14,IN,3,3,3,,,,
,,VE-1905-1,Unisex,Title,Default Title,,,,,,,,,,5.20,0.00,1,G,14,IN,3,3,3,,,VELO (SE),Wild Lavender AW
Spicy Pineapple AW,"<p>Auf aromatisierter Zellulosebasis und völlig frei von Tabak kommen auch die VELO Beutel im Slim Format. Ohne Tabak bedeutet ohne gewöhnungsbedürftigen Tabakgeruch sowie ohne jegliche Tabakschadstoffe - aktuell gibt es weltweit keine weniger schädliche Art, Nikotin zu konsumieren. All White Snus / Nicotine Pouches bietet sich deshalb vor allem Rauchern an, welche mit Rauchentwöhnung wie Nikotinpflaster, Nikotinkaugummi oder Nikotinspray nichts anfangen können.<br></p>
<p>VELO Spicy Pineapple ist die Geschmacksrichtung mit einem Hauch von feurig-scharfem Chili, der der Süsse der Ananas eine besondere Note verleiht.<br data-mce-fragment=""1""><br data-mce-fragment=""1"">EPOK, LYFT oder VELO? Hier findest Du alle Informationen zu diesem Thema!</p>",Spicy Pineapple AW,Unisex,,,,,,,https://cdn.shopify.com/s/files/1/0072/0646/9679/files/velo-spicy-pineapple-strong-aw.png,,,,,5.20,0.00,1,G,14,IN,3,3,3,,,,
,,VE-3005-1,Unisex,Title,Default Title,,,,,,,,,,5.20,0.00,1,G,14,IN,3,3,3,,,VELO (SE),Spicy Pineapple AW
Zesty Elderflower AW,"<p>Erlebe <a href=""https://snushus.ch/collections/velo-snus"">VELO</a>  Zesty Elderflower AW – Dein frischer Begleiter für ein angenehmes Nikotinerlebnis. Mit einem erfrischenden Geschmack von Holunderblüten und Limetten bietet Dir dieser Snus eine ausgewogene Stärke von 3/5 und 10 mg/g Nikotin. Die 14g Dose umfasst insgesamt 20 Slim Beutel, die für ein langanhaltendes Vergnügen sorgen.</p>
<p>Auf aromatisierter Zellulosebasis und völlig frei von Tabak kommen auch die VELO Beutel im Slim Format. Das bedeutet: kein Tabakgeruch und keine Tabakschadstoffe – derzeit gibt es weltweit keine weniger schädliche Art, Nikotin zu konsumieren. All White Snus / Nicotine Pouches sind besonders für Raucher geeignet, die mit traditionellen Rauchentwöhnungsmethoden wie Nikotinpflastern, -kaugummis oder -sprays wenig Erfolg haben.</p>
<p><strong>der altbekannte VELO Elderflower Spritz wird zu VELO Zesty Elderflower. Er bietet Dir einen erfrischenden Geschmack, der an den beliebten VELO Hugo AW erinnert</strong>.</p>
<p>  Die Kombination aus Holunderblüten und Limetten schafft ein einzigartiges Aroma, das Deine Sinne belebt und erfrischt. Diese Nikotinbeutel sind perfekt für den täglichen Gebrauch und bieten Dir eine diskrete und praktische Möglichkeit, Nikotin zu geniessen.</p>
<p>Bestelle jetzt Deinen VELO Zesty Elderflower AW online und entdecke die perfekte Balance aus Geschmack und Stärke. Gönn Dir diesen erfrischenden Genuss und erlebe, warum VELO die bevorzugte Wahl für Snus-Liebhaber ist!</p>
<p><a href=""https://snushus.ch/blogs/snusbuch/epok-und-lyft-werden-ersetzt-mit-velo"">EPOK, LYFT oder VELO? Hier findest Du alle Informationen zu diesem Thema!</a></p>",Zesty Elderflower AW,Unisex,,,,,,,https://cdn.shopify.com/s/files/1/0072/0646/9679/files/velo-zesty-elderflower-3.png,,,,,5.20,0.00,1,G,14,IN,3,3,3,,,,
,,VE-5005-1,Unisex,Title,Default Title,,,,,,,,,,5.20,0.00,1,G,14,IN,3,3,3,,,VELO (SE),Zesty Elderflower AW
Extremely Strong AW Mini,"<span data-mce-fragment=""1"">Der beliebteste Brand der Schweizer kommt nun auch mit einer All-White Variante daher! Der Siberia Extremely Strong Mini AW kommt mit starken 33 mg/g Nikotin.</span>",Extremely Strong AW Mini,Unisex,,,,,,,https://cdn.shopify.com/s/files/1/0072/0646/9679/files/siberia-all-white-mini-sized-23.png,,,,,6.90,0.00,1,G,10,IN,3,3,3,,,,
,,SI-9215-1,Unisex,Title,Default Title,,,,,,,,,,6.90,0.00,1,G,10,IN,3,3,3,,,Siberia,Extremely Strong AW Mini
Menthol Mini AW,"<span>Die neue Geschmacksrichtung der beliebten Marke VID überzeugt nicht nur beim frischen Geschmack. Die auf Pflanzenfasern basierenden Nicotine Pouches mit Nikotinstärke 3/4 sind All-White, deshalb verfärben sie die Zähne nicht. Ausserdem erlaubt das bequeme Mini-Format den diskreten Genuss an fast jedem Ort. Ein Produkthighlight ist auch die nachhaltig hergestellte Dose, in der 20 Portionen Platz finden.</span>",Menthol Mini AW,Unisex,,,,,,,https://cdn.shopify.com/s/files/1/0072/0646/9679/products/vid-mini-menthol-aw.png,,,,,3.90,0.00,1,G,1,IN,3,3,3,,,,
,,VI-9215-1,Unisex,Title,Default Title,,,,,,,,,,3.90,0.00,1,G,1,IN,3,3,3,,,VID,Menthol Mini AW
Minty Apple Mini AW,"Die neue Geschmacksrichtung der beliebten Marke VID überzeugt nicht nur beim frischen Geschmack. Die auf Pflanzenfasern basierenden Nicotine Pouches mit Nikotinstärke 3/4 sind All-White, deshalb verfärben sie die Zähne nicht. Ausserdem erlaubt das bequeme Mini-Format den diskreten Genuss an fast jedem Ort. Ein Produkthighlight ist auch die nachhaltig hergestellte Dose, in der 20 Portionen Platz finden.",Minty Apple Mini AW,Unisex,,,,,,,https://cdn.shopify.com/s/files/1/0072/0646/9679/products/vid-mini-minty-apple-aw.png,,,,,3.90,0.00,1,G,1,IN,3,3,3,,,,
,,VI-9115-1,Unisex,Title,Default Title,,,,,,,,,,3.90,0.00,1,G,1,IN,3,3,3,,,VID,Minty Apple Mini AW
Sweet Tea Mini AW,"Die neue Geschmacksrichtung der beliebten Marke VID überzeugt nicht nur beim frischen Geschmack. Die auf Pflanzenfasern basierenden Nicotine Pouches mit Nikotinstärke 3/4 sind All-White, deshalb verfärben sie die Zähne nicht. Ausserdem erlaubt das bequeme Mini-Format den diskreten Genuss an fast jedem Ort. Ein Produkthighlight ist auch die nachhaltig hergestellte Dose, in der 20 Portionen Platz finden.",Sweet Tea Mini AW,Unisex,,,,,,,https://cdn.shopify.com/s/files/1/0072/0646/9679/products/vid-mini-sweet-tea-aw.png,,,,,3.90,0.00,1,G,1,IN,3,3,3,,,,
,,VI-9315-1,Unisex,Title,Default Title,,,,,,,,,,3.90,0.00,1,G,1,IN,3,3,3,,,VID,Sweet Tea Mini AW
Alpächrütli AW,"<p>Der 7SIÄCH Alpächrütli ist eine einzigartige Mischung aus frischen Kräutern und erinnert an die saftigen Schweizer Alpen. Mit 25 mg/g Nikotin gibt er dir einen garantierten Frischekick. Das perfekte Geschmackserlebnis für alle Snuser, die Wert auf Schweizer Qualität legen.<br></p>
<p>7SIÄCH ist ein junges Schweizer Startup, das einzigartigen Schweizer Snus in höchster Qualität auf den Markt bringt. Ihr Ziel ist es, eine Schweizer Alternative zu den Produkten der grossen Tabakunternehmen anzubieten.</p>",Alpächrütli AW,Unisex,,,,,,,https://cdn.shopify.com/s/files/1/0072/0646/9679/products/7SIACH_Alpaechruetli_sized.png,,,,,6.90,0.00,1,G,1,IN,3,3,3,,,,
,,7S-1000-1,Unisex,Title,Default Title,,,,,,,,,,6.90,0.00,1,G,1,IN,3,3,3,,,7Siäch,Alpächrütli AW
Bergluft AW,"<p>Der 7SIÄCH Bergluft katapultiert dich direkt auf die Schweizer Berggipfel - tief einatmen und die angenehme Kühle geniessen. Mit 20 mg/g Nikotin und einem Hauch von Menthol ist er der Klassiker in Schweizer Qualität.</p>
<p>7SIÄCH ist ein junges Schweizer Startup, das einzigartigen Schweizer Snus in höchster Qualität auf den Markt bringt. Ihr Ziel ist es, eine Schweizer Alternative zu den Produkten der grossen Tabakunternehmen anzubieten.</p>",Bergluft AW,Unisex,,,,,,,https://cdn.shopify.com/s/files/1/0072/0646/9679/products/7SIACH_Bergluft_sized.png,,,,,6.90,0.00,1,G,1,IN,3,3,3,,,,
,,7S-2000-1,Unisex,Title,Default Title,,,,,,,,,,6.90,0.00,1,G,1,IN,3,3,3,,,7Siäch,Bergluft AW
Ice Cool AW DUOPACK,"Der DOPE Ice COOL Strong hat den Geschmack von eisiger Minze. Die DOPE RUSH Instant Kick Technologie setzt das Nikotin mit intensivem und kraftvollem Kick frei. Wenn Du einen erfrischenden Geschmack mit garantiertem Kick willst, ist Deine Wahl DOPE! Jede Dose enthält 22 Nikotinbeutel im Slimformat.",Ice Cool AW DUOPACK,Unisex,,,,,,,https://cdn.shopify.com/s/files/1/0072/0646/9679/products/dope_ice_cool_strong_edition_doppelpack_sized.png,,,,,5.90,0.00,1,G,15,IN,3,3,3,,,,
,,DO-3020-1,Unisex,Title,Default Title,,,,,,,,,,5.90,0.00,1,G,15,IN,3,3,3,,,DOPE,Ice Cool AW DUOPACK
Lash Glacier Mint AW Slim,"<span>Dieser Nico Snus ist einer der stärksten tabakfreien Nikotinbeutel, welche es auf dem Markt gibt.</span><br><span>The Snus Factory kombiniert bei diesem Snus scharfe, Schweizer Pfefferminze mit eisigem Menthol.</span><br><br><span>Diese Nikotinbeutel geben einen erfrischend, minzigen Geschmack, der von einem extra starken Nikotinkick verstärkt wird.</span>",Lash Glacier Mint AW Slim,Unisex,,,,,,,https://cdn.shopify.com/s/files/1/0072/0646/9679/products/NICO_Lash_sized.jpg,,,,,5.20,0.00,1,G,16,IN,3,3,3,,,,
,,NI-1000-1,Unisex,Title,Default Title,,,,,,,,,,5.20,0.00,1,G,16,IN,3,3,3,,,Nico,Lash Glacier Mint AW Slim
Whip Alpine Mint AW Slim,<span>Nico Whip Alpine Mint Strong Nicotine Pouches schmecken frisch nach kühler alpinen Minze. Der hohe Nikotingehalt von 10 mg/g sorgt für ein kraftvollesGefühl. Die Füllung der bequemen Slim-Portionen besteht aus Pflanzenfasern und ist daher komplett tabakfrei. Zudem laufen die Nicotine Pouches kaum und schmecken so richtig lang. Die belebende Wirkung des Nikotins ist ebenfalls lange zu spüren.</span>,Whip Alpine Mint AW Slim,Unisex,,,,,,,https://cdn.shopify.com/s/files/1/0072/0646/9679/products/NICO_Whip_sized.jpg,,,,,5.20,0.00,1,G,16,IN,3,3,3,,,,
,,NI-2000-1,Unisex,Title,Default Title,,,,,,,,,,5.20,0.00,1,G,16,IN,3,3,3,,,Nico,Whip Alpine Mint AW Slim
Mojito Strawberry Pink AW Slim,"<span>VIKA Mojito Strawberry Pink ist ein all-white Snus. D.h. sowohl die Beutel als auch deren Inhalt sind weiss. Der Geschmack ist vom ersten Moment an interessant und bei vielen sehr beliebt. Er hat einen leicht süssen Erdbeergeschmack und ist gleichzeitig erfrischend. Der Kick kommt nach ca. 15 Sekunden und gibt dem Gehirn einen guten Nikotin-Rausch. VIKA Mojito Strawberry Pink ist speziell für rauchende Frauen entwickelt worden, um diese vom Rauchen abzuhalten und ihnen die Erleichterung und den Geschmack einer guten Pause zu geben.</span>",Mojito Strawberry Pink AW Slim,Unisex,,,,,,,https://cdn.shopify.com/s/files/1/0072/0646/9679/products/VIKA_Mojito_sized.jpg,,,,,5.20,0.00,1,G,12,IN,3,3,3,,,,
,,VK-4010-1,Unisex,Title,Default Title,,,,,,,,,,5.20,0.00,1,G,12,IN,3,3,3,,,Vika,Mojito Strawberry Pink AW Slim
Frozen Mint Deep Blue AW Slim,"VIKA Frozen Mint Deep Blue ist ein sehr starker Snus mit einem kräftigen Kick. Die erfrischende sibirische Minze bringt eine sehr angenehme Kühle mit sich.  Die weissen Pouches sind mit Mikrokristallen gefüllt, die keine Verfärbungen auf den Zähnen hinterlassen.
<div></div>",Frozen Mint Deep Blue AW Slim,Unisex,,,,,,,https://cdn.shopify.com/s/files/1/0072/0646/9679/products/VIKA_Frozen_Mint_sized.jpg,,,,,5.20,0.00,1,G,12,IN,3,3,3,,,,
,,VK-5010-1,Unisex,Title,Default Title,,,,,,,,,,5.20,0.00,1,G,12,IN,3,3,3,,,Vika,Frozen Mint Deep Blue AW Slim
Ice Cool Mint Blue AW Slim,"VIKA ICE COOL MINT ist ein schöner, weisser Portionssnus mit langanhaltendem Geschmack und einem schnellen Kick. Die weissen Pouches sind mit Mikrokristallen gefüllt, die keine Verfärbungen auf den Zähnen hinterlassen.
<div></div>",Ice Cool Mint Blue AW Slim,Unisex,,,,,,,https://cdn.shopify.com/s/files/1/0072/0646/9679/products/VIKA_Ice_Cool_Mint_sized.jpg,,,,,5.20,0.00,1,G,12,IN,3,3,3,,,,
,,VK-6010-1,Unisex,Title,Default Title,,,,,,,,,,5.20,0.00,1,G,12,IN,3,3,3,,,Vika,Ice Cool Mint Blue AW Slim
X Cool Mint AW Slim,"<p>Entdecke <a href=""https://snushus.ch/collections/ace-snus"">ACE</a> X Cool Mint AW Slim – Dein ultimativer Begleiter für ein intensives und erfrischendes Nikotinerlebnis. Mit einer Stärke von 4/5 und einem beeindruckenden Nikotingehalt von 20 mg/g bietet Dir dieser Snus eine kraftvolle und langanhaltende Wirkung. Der erfrischende Geschmack von Minze und kräftiger Pfefferminze sorgt für eine unvergleichliche Geschmacksexplosion.</p>
<p>ACE X Cool Mint AW Slim bietet Dir die erfolgreiche Kombination aus kühlender Minze und kräftiger Pfefferminze. Die 20 Slim Pouches sind so konzipiert, dass sie diskret und angenehm zu tragen sind, egal wo Du bist. Wir haben unsere Beutel in ""Raketentreibstoff"" getaucht, um Dir das bisher stärkste Gefühl zu geben. Das Freisetzungsprofil ""ace X"" beschleunigt wie eine Schleuder um die Sonne und schickt Dich augenblicklich vorwärts.</p>
<p>Bestelle jetzt Deinen ACE X Cool Mint AW Slim online und entdecke die perfekte Mischung aus Stärke und Frische. Erlebe die unvergleichliche Kraft von ""ace X"" und gönn Dir diesen intensiven Genuss!</p>",X Cool Mint AW Slim,Unisex,,,,,,,https://cdn.shopify.com/s/files/1/0072/0646/9679/files/AceXCoolMint-sized.png,,,,,5.90,0.00,1,G,13,IN,3,3,3,,,,
,,AC-1005-1,Unisex,Title,Default Title,,,,,,,,,,5.90,0.00,1,G,13,IN,3,3,3,,,Ace,X Cool Mint AW Slim
X Cosmic Cool Mint AW,"<p>Erlebe <a href=""https://snushus.ch/collections/ace-snus"">Ace</a> X Cosmic Cool Mint – Dein ultimativer Begleiter für ein intensives und erfrischendes Nikotinerlebnis. Mit einem Geschmack von kühler Minze und kräftiger Pfefferminze bietet Dir dieser Snus eine unvergleichliche Geschmacksexplosion. Mit einer Stärke von 6/5 und einem beeindruckenden Nikotingehalt von 20 mg/g liefert Ace X Cosmic Cool Mint eine kraftvolle und langanhaltende Wirkung.</p>
<p>Ace X Cosmic Cool Mint ist in Regular Size Pouches verpackt, die Dir einen Kick kosmischer Proportionen verleihen. Das verbesserte Freisetzungsprofil sorgt dafür, dass das Nikotin schneller freigesetzt wird, wodurch Du eine sofortige und intensive Wirkung spürst. Dieser Snus beschleunigt wie ein Komet um die Sonne und bietet Dir ein bisher unerreichtes Nikotinerlebnis.</p>
<p>Bestelle jetzt Deinen Ace X Cosmic Cool Mint online und entdecke die perfekte Kombination aus Frische und Stärke. Erlebe die unvergleichliche Kraft von Ace X und gönn Dir diesen intensiven Genuss!</p>",X Cosmic Cool Mint AW,Unisex,,,,,,,https://cdn.shopify.com/s/files/1/0072/0646/9679/files/AceXCoolMintCosmic-sized.png,,,,,5.90,0.00,1,G,20,IN,3,3,3,,,,
,,AC-2005-1,Unisex,Title,Default Title,,,,,,,,,,5.90,0.00,1,G,20,IN,3,3,3,,,Ace,X Cosmic Cool Mint AW
X Guarana Chili Boost AW Slim,"<p>Entdecke <a href=""https://snushus.ch/collections/ace-snus"">Ace</a> X Guarana Chili Boost AW Slim – Dein intensiver Begleiter für ein aufregendes und belebendes Nikotinerlebnis. Mit einem Geschmack von Guarana und einem Hauch von Chili bietet Dir dieser Snus eine einzigartige und scharfe Geschmacksexplosion. Mit einer Stärke von 4/5 und einem beeindruckenden Nikotingehalt von 20 mg/g liefert Ace X Guarana Chili Boost eine kraftvolle und langanhaltende Wirkung.</p>
<p>Ace X Guarana Chili Boost AW Slim ist nichts für schwache Nerven! Stell Dir das Gefühl eines Energydrinks vor, aufgepeppt mit einem Hauch von Chili. Das ist die neuste Ergänzung der ace X-Reihe, Ace X Guarana Chili Boost. Köstlich und scharf – der perfekte Geschmack für den belebenden hohen Nikotingehalt von Ace X.</p>
<p>Die 20 Slim Beutel bieten Dir genügend Vorrat für viele genussvolle Momente. Einfach einen Beutel entnehmen und das belebende Nikotinerlebnis geniessen.</p>
<p>Bestelle jetzt Deinen Ace X Guarana Chili Boost AW Slim online und entdecke die perfekte Kombination aus Schärfe und Stärke. Erlebe die unvergleichliche Kraft von Ace X und gönn Dir diesen intensiven Genuss!</p>",X Guarana Chili Boost AW Slim,Unisex,,,,,,,https://cdn.shopify.com/s/files/1/0072/0646/9679/files/edel-berry-all-white-sized.png,,,,,5.90,0.00,1,G,13,IN,3,3,3,,,,
,,AC-3005-1,Unisex,Title,Default Title,,,,,,,,,,5.90,0.00,1,G,13,IN,3,3,3,,,Ace,X Guarana Chili Boost AW Slim
Crisp Ice Extreme AW,<p><span>Spüren Sie die eisige Frische von GRITT Crisp Ice Extreme! Mit seinem erfrischenden Minzgeschmack und dem praktischen Super Slim-Format wird jede Pouch zu einem intensiven und erfrischenden Vergnügen. Kühlen Sie sich mit GRITT Crisp Ice Extreme ab!</span></p>,Crisp Ice Extreme AW,Unisex,,,,,,,https://cdn.shopify.com/s/files/1/0072/0646/9679/files/GRITTCrispIceExtraStrong-sized.png,,,,,5.90,0.00,1,G,1,IN,3,3,3,,,,
,,Gt-1005-1,Unisex,Title,Default Title,,,,,,,,,,5.90,0.00,1,G,1,IN,3,3,3,,,GRITT,Crisp Ice Extreme AW
Frost Bite Extreme AW,Erleben Sie ein einzigartiges Minz-Geschmackserlebnis! GRITT Frost Bite Extreme bietet Ihnen eine erfrischende Intensität und kommt in einem praktischen Super Slim-Format daher. Geniessen Sie ein Endlos-Minz-Erlebnis!,Frost Bite Extreme AW,Unisex,,,,,,,https://cdn.shopify.com/s/files/1/0072/0646/9679/files/GRITTFrostBiteExtraStrong-sized.png,,,,,5.90,0.00,1,G,12000,IN,3,3,3,,,,
,,GT-2005-1,Unisex,Title,Default Title,,,,,,,,,,5.90,0.00,1,G,12000,IN,3,3,3,,,GRITT,Frost Bite Extreme AW
No.1 Menthol AW Mini,"<p>Entdecke <a href=""https://snushus.ch/collections/apres-snus"">Après</a> No.1 Menthol All White Mini – Dein erfrischender Begleiter für ein sanftes und belebendes Nikotinerlebnis. Mit einer Stärke von 1/5 und einem Nikotingehalt von 8 mg/g bietet Dir dieser Snus eine leichte und langanhaltende Wirkung. Die Mini Beutel sind ideal für diskreten und komfortablen Genuss, jede Dose enthält 8g Tabakersatz.</p>
<p>Après No.1 Menthol Mini ist genau das, wonach Du suchst – ein erfrischendes Mentholerlebnis, das ein frisches Gefühl auf den Lippen hinterlässt. Klappe den Deckel auf, lehne Dich zurück und geniesse die Kraft der Zermatter Bergwelt. Die einzigartige Kombination aus Menthol und dem praktischen Mini-Format macht diesen Snus zur perfekten Wahl für jeden Moment.</p>
<p>Geniesse den erfrischenden Mentholgeschmack von Après No.1 Menthol All White Mini und erlebe die perfekte Kombination aus Leichtigkeit und Frische. Bestelle jetzt online und entdecke, warum Après die bevorzugte Wahl für Snus-Liebhaber ist. Gönn Dir diesen sanften und belebenden Genuss und bringe Frische in Deinen Alltag!</p>",No.1 Menthol AW Mini,Unisex,,,,,,,https://cdn.shopify.com/s/files/1/0072/0646/9679/files/apres-no-1-mentol-mini-aw.png,,,,,5.20,0.00,1,G,1,IN,3,3,3,,,,
,,AP-1015-1,Unisex,Title,Default Title,,,,,,,,,,5.20,0.00,1,G,1,IN,3,3,3,,,Après,No.1 Menthol AW Mini
No.6 Appletini X-Strong AW,"<p>Entdecke Après No.6 Appletini X-Strong All White – Dein idealer Begleiter für ein erfrischendes und sanftes Nikotinerlebnis. Mit einer Stärke von 5/5 und einem Nikotingehalt von 15 mg/g bietet Dir dieser Snus eine angenehme und langanhaltende Wirkung.</p>
<p>Gib Deiner Nacht einen Cocktail-Kick mit Appletini von Après. Geniesse den unglaublichen Geschmack saftiger Äpfel und probiere den knackigen und fruchtig-kräftigen Extrakt. Dieses erfrischende Aroma sorgt dafür, dass Deine Nacht zu einem unvergesslichen Erlebnis wird!</p>
<p>Geniesse den fruchtigen Apfelgeschmack von Après No.6 Appletini X-Strong All White und erlebe die perfekte Kombination aus Frische und Leichtigkeit. Gönn Dir diesen spritzigen und belebenden Genuss.</p>",No.6 Appletini X-Strong AW,Unisex,,,,,,,https://cdn.shopify.com/s/files/1/0072/0646/9679/files/apres-no-6-appletini-aw.png,,,,,5.20,,1,G,13,IN,3,3,3,,,,
,,AP-9005-1,Unisex,Title,Default Title,,,,,,,,,,5.20,,1,G,13,IN,3,3,3,,,Après,No.6 Appletini X-Strong AW
Groovy Grape AW,"<p data-mce-fragment=""1"">Der VELO Groovy Grape ist das neuste Produkt von VELO und ist identisch mit dem alt bekannten Royal Purple. Der Geschmack von roten Trauben bleibt gleich.</p>
<p data-mce-fragment=""1"">Auf aromatisierter Zellulosebasis und völlig frei von Tabak kommen auch die<span data-mce-fragment=""1""> VELO </span>Beutel im Slim Format. Ohne Tabak bedeutet ohne gewöhnungsbedürftigen Tabakgeruch sowie ohne jegliche Tabakschadstoffe - aktuell gibt es weltweit keine weniger schädliche Art, Nikotin zu konsumieren. All White Snus / Nicotine Pouches bietet sich deshalb vor allem Rauchern an, welche mit Rauchentwöhnung wie Nikotinpflaster, Nikotinkaugummi oder Nikotinspray nichts anfangen können.</p>
<div class=""info"" data-mce-fragment=""1"">
<div class=""info"" data-mce-fragment=""1"">
<div class=""item flex"" data-mce-fragment=""1"">
<div class=""title"" data-mce-fragment=""1"">
<p data-mce-fragment=""1""><span data-mce-fragment=""1"">EPOK, LYFT oder VELO? </span><a title=""https://snushus.ch/blogs/snusbuch/epok-und-lyft-werden-ersetzt-mit-velo"" href=""https://snushus.ch/blogs/snusbuch/epok-und-lyft-werden-ersetzt-mit-velo"">Hier findest Du alle Informationen zu diesem Thema!</a></p>
</div>
</div>
</div>
</div>",Groovy Grape AW,Unisex,,,,,,,https://cdn.shopify.com/s/files/1/0072/0646/9679/files/velo-groovy-grape-slim.png,,,,,5.20,0.00,1,G,1,IN,3,3,3,,,,
,,VE-1415-1,Unisex,Title,Default Title,,,,,,,,,,5.20,0.00,1,G,1,IN,3,3,3,,,VELO (SE),Groovy Grape AW
Blue Ice Slim AW,"Royal Lifestyle Blue Ice überrascht dich mit einem leckeren Blaubeerengeschmack und einem hauch von coolen kaltem Menthol, was ihn zu einer guten Variante für Geniesser macht.",Blue Ice Slim AW,Unisex,,,,,,,https://cdn.shopify.com/s/files/1/0072/0646/9679/files/royal-lifestyle-blue-iceaw_8f7fe7fe-24fb-48e8-b468-7e1ce7c9ed18.png,,,,,5.90,0.00,1,G,1,IN,3,3,3,,,,
,,RL-7010-1,Unisex,Title,Default Title,,,,,,,,,,5.90,0.00,1,G,1,IN,3,3,3,,,Royal Lifestyle,Blue Ice Slim AW
Super White Purple Cassice No.63 Strong AW,Der Skruf Super White Cassice schmeckt nach Cassis sowie süsser Johannisbeere und hat einen durchschnittlichen Nikotingehalt.,Super White Purple Cassice No.63 Strong AW,Unisex,,,,,,,https://cdn.shopify.com/s/files/1/0072/0646/9679/files/skruf-super-white-cassice-strong-no63.png,,,,,5.20,0.00,1,G,1,IN,3,3,3,,,,
,,SK-4105-1,Unisex,Title,Default Title,,,,,,,,,,5.20,0.00,1,G,1,IN,3,3,3,,,Skruf,Super White Purple Cassice No.63 Strong AW
Natural Mint,"<p>Entdecke die perfekt ausbalancierte Mischung aus kühl und süss, die nur mit natürlichen Aromen hergestellt wird, die sicherlich Deine Sinne kitzeln werden.</p>
<p>Tauche ein in eine erfrischende Flucht mit COCOs Natural Mint Nikotinbeuteln, die fachmännisch mit rein authentischen Infusionen hergestellt werden. Geniesse die belebende Essenz der natürlichen Minze, während jeder Beutel Dich zu knackigen, kühlen Empfindungen und heiteren Momenten trägt. Erlebe die perfekte Harmonie von minzigem Reiz und echter Nikotinbefriedigung, die sorgfältig in jedem Beutel enthalten ist.</p>
<p> </p>
<p>Verwendung:</p>
<p><span>Für eine schnelle Freisetzung von Nikotin und Aromen:</span><br><span>1. Befeuchte den Beutel, indem Du ihn auf die Zunge legst.</span><br><span>2. Sobald der Beutel feucht ist, kaue den Beutel einmal vorsichtig. Achte darauf, den Beutel nicht zu </span><span>öffnen</span><span>.</span><br><span>3. Lege den Beutel unter die Oberlippe und spüre den intensiven Geschmack und die schnelle Nikotinfreisetzung.</span><br><span>4. Geniesse den Kick bis zu einer Stunde lang</span></p>",Natural Mint,Unisex,,,,,,,https://cdn.shopify.com/s/files/1/0072/0646/9679/files/CoCo_Natural_Mint_sized_4cf8253d-757c-42bd-8123-caf69aa36840.png,,,,,5.90,0.00,1,G,1,IN,3,3,3,,,,
,,CO-1005-1,Unisex,Title,Default Title,,,,,,,,,,5.90,0.00,1,G,1,IN,3,3,3,,,COCO,Natural Mint
Clean Peach,"<p>Unwiderstehlich lecker und ein Traum für jeden Pfirsichliebhaber. Geniesse die natürliche Essenz von reifen, saftigen Pfirsichen in jedem Beutel.</p>
<p>Begebe Dich auf eine Reise in die Gelassenheit mit den COCO Clean Peach Nikotinbeuteln, die kunstvoll mit natürlichen Essenzen durchzogen sind. Tauche ein in die zarte Süsse unberührter Pfirsiche, während jeder Beutel Dich zu sonnengetränkten Stränden und versteckten Oasen transportiert. Erlebe die harmonische Mischung aus fruchtigen Reizen und echtem Nikotingenuss in jedem Beutel.<br data-mce-fragment=""1""><br></p>
<p>Verwendung:</p>
<p><span>Für eine schnelle Freisetzung von Nikotin und Aromen:</span><br><span>1. Befeuchte den Beutel, indem Du ihn auf die Zunge legst.</span><br><span>2. Sobald der Beutel feucht ist, kaue den Beutel einmal vorsichtig. Achte darauf, den Beutel nicht zu </span><span>öffnen</span><span>.</span><br><span>3. Lege den Beutel unter die Oberlippe und spüre den intensiven Geschmack und die schnelle Nikotinfreisetzung.</span><br><span>4. Geniesse den Kick bis zu einer Stunde lang</span></p>",Clean Peach,Unisex,,,,,,,https://cdn.shopify.com/s/files/1/0072/0646/9679/files/CoCo_Clean_Peach-sized_a72b33f7-86dd-443f-93d5-cecfd562b6b2.png,,,,,5.90,0.00,1,G,1,IN,3,3,3,,,,
,,CO-2005-1,Unisex,Title,Default Title,,,,,,,,,,5.90,0.00,1,G,1,IN,3,3,3,,,COCO,Clean Peach
Tropical Mango,"<p>Mit einem kühlen und subtilen Mango Geschmack, der frisch und saftig, aber nicht übermässig süss ist. Erinnert an eine Reise zu einer exotischen Insel.</p>
<p>Begebe Dich auf eine Reise ins Paradies mit den COCO Tropical Mango Nikotinbeuteln, die mit rein natürlichen Aromen versetzt sind. Tauche ein in die üppige Süsse reifer Mangos, während jeder Beutel Dich an sonnenverwöhnte Strände und auf exotische Inseln entführt. Erlebe mit jedem Beutel die perfekte Mischung aus tropischer Verlockung und authentischer Nikotinbefriedigung.<br data-mce-fragment=""1""><br></p>
<p> </p>
<p>Verwendung:</p>
<p><span data-mce-fragment=""1"">Für eine schnelle Freisetzung von Nikotin und Aromen:</span><br data-mce-fragment=""1""><span data-mce-fragment=""1"">1. Befeuchte den Beutel, indem Du ihn auf die Zunge legst.</span><br data-mce-fragment=""1""><span data-mce-fragment=""1"">2. Sobald der Beutel feucht ist, kaue den Beutel einmal vorsichtig. Achte darauf, den Beutel nicht zu </span><span data-mce-fragment=""1"">öffnen</span><span data-mce-fragment=""1"">.</span><br data-mce-fragment=""1""><span data-mce-fragment=""1"">3. Lege den Beutel unter die Oberlippe und spüre den intensiven Geschmack und die schnelle Nikotinfreisetzung.</span><br data-mce-fragment=""1""><span data-mce-fragment=""1"">4. Geniesse den Kick bis zu einer Stunde lang</span><br></p>",Tropical Mango,Unisex,,,,,,,https://cdn.shopify.com/s/files/1/0072/0646/9679/files/CoCo_tropical_Mango_sized_4759ce2e-6141-419b-9333-8a2d604a4445.png,,,,,5.90,0.00,1,G,1,IN,3,3,3,,,,
,,CO-3005-1,Unisex,Title,Default Title,,,,,,,,,,5.90,0.00,1,G,1,IN,3,3,3,,,COCO,Tropical Mango
Blue Razz,"<p>Geniesse den köstlichen Geschmack frischer Beeren, die in diesem Nikotinbeutel ihre natürliche und spritzige Süsse entfalten.</p>
<p>Tauche ein in eine aufregende Welt mit den COCO Blue Razz Nikotinbeuteln, die sorgfältig mit völlig natürlichen Aromen versetzt sind. Tauche ein in die prickelnd-süsse Symphonie von blauen Himbeeren, während jeder Beutel Dich an belebte Küsten und Momente der Erregung entführt. Erlebe die nahtlose Mischung aus fruchtigen Reizen und echter Nikotinbefriedigung, die in jedem Beutel steckt.</p>
<p> </p>
<p>Verwendung:</p>
<p>Für eine schnelle Freisetzung von Nikotin und Aromen:<br>1. Befeuchte den Beutel, indem Du ihn auf die Zunge legst. <br>2. Sobald der Beutel feucht ist, kaue den Beutel einmal vorsichtig. Achte darauf, den Beutel nicht zu öffnen.<br>3. Lege den Beutel unter die Oberlippe und spüre den intensiven Geschmack und die schnelle Nikotinfreisetzung. <br>4. Geniesse den Kick bis zu einer Stunde lang</p>",Blue Razz,Unisex,,,,,,,https://cdn.shopify.com/s/files/1/0072/0646/9679/files/CoCo_Blue_Razz_sized_e6bdd2aa-7664-46f1-869d-7a8cacef4ae8.png,,,,,5.90,0.00,1,G,1,IN,3,3,3,,,,
,,CO-4005-1,Unisex,Title,Default Title,,,,,,,,,,5.90,0.00,1,G,1,IN,3,3,3,,,COCO,Blue Razz
Freezing-Mint AW,"<p>Entdecke den unschlagbaren Genuss von ¡VALE! Freezing-Mint AW zum attraktiven Preis!</p>
<p>Der Freezing-Mint AW begeistert mit seiner erfrischenden Geschmacksexplosion. <br>Die Kombination von Minze und Menthol verleiht ihm einen ganz besonderen Charakter. Hergestellt nach anspruchsvollsten schweizerischen Verfahren, bietet dieser Snus <br>ein unvergleichliches Erlebnis.<br></p>",Freezing-Mint AW,Unisex,,,,,,,https://cdn.shopify.com/s/files/1/0072/0646/9679/files/vale-freezing-mint-aw.png,,,,,5.90,0.00,1,G,1,IN,3,3,3,,,,
,,VA-1010-1,Unisex,Title,Default Title,,,,,,,,,,5.90,0.00,1,G,1,IN,3,3,3,,,¡VALE!,Freezing-Mint AW
Frosted-Berry AW,"<p>Erlebe mit ¡VALE! Frosted-Berry AW das ultimative Geschmacksabenteuer: Swiss Made, erfrischend fruchtig und belebend – mit einem schnellen Energie-Kick!</p>
<p><br>Der Frosted-Berry AW bietet ein einzigartiges Geschmackserlebnis durch seinen intensiv fruchtigen, reichhaltigen und köstlichen Beeren-Geschmack zum <br>erschwinglichen Preis.<br></p>",Frosted-Berry AW,Unisex,,,,,,,https://cdn.shopify.com/s/files/1/0072/0646/9679/files/vale-frosted-berry-aw.png,,,,,5.90,0.00,1,G,1,IN,3,3,3,,,,
,,VA-2010-1,Unisex,Title,Default Title,,,,,,,,,,5.90,0.00,1,G,1,IN,3,3,3,,,¡VALE!,Frosted-Berry AW
Fresh Mint AW,"Starker frischer Pfefferminzgeschmack mit einem hauch an Kräutern. Ström Mint liefert Dir Mittelstarke Kühlung mit lang anhaltendem Geschmack.<br data-mce-fragment=""1""><br>",Fresh Mint AW,Unisex,,,,,,,https://cdn.shopify.com/s/files/1/0072/0646/9679/files/strom-fresh-mint-aw-sized.png,,,,,4.90,0.00,1,G,13,IN,3,3,3,,,,
,,SR-1010-1,Unisex,Title,Default Title,,,,,,,,,,4.90,0.00,1,G,13,IN,3,3,3,,,STRÖM,Fresh Mint AW
Juicy Berry AW,"Anfänglich saftige und zitrusartige Frische kombiniert mit Melonenfruchtigkeit und Süsse, gefolgt von einem frischen und fruchtigen Beerengeschmack.",Juicy Berry AW,Unisex,,,,,,,https://cdn.shopify.com/s/files/1/0072/0646/9679/files/strom-juicy-berry-aw-sized.png,,,,,4.90,0.00,1,G,13,IN,3,3,3,,,,
,,SR-2010-1,Unisex,Title,Default Title,,,,,,,,,,4.90,0.00,1,G,13,IN,3,3,3,,,STRÖM,Juicy Berry AW
FOREVER ICE AW,"<p>Entdecke unseren erfrischenden und belebenden edel FOREVER ICE! Tauche ein in den leicht süsslichen Geschmack von Gletscherminze und erinnere Dich an das unvergleichliche Gefühl Deiner Lieblings-Eisbonbons in Kombination mit einem wuchtigen Nikotinkick!</p>
<p><strong>Durch deinen Kauf unterstützt Du den Verein ""Gletscher und Klima“, der sich für das wissenschaftliche Langzeitmonitoring der Alpen-Gletscher einsetzt – die Basis für effektive Massnahmen und eine Zukunft mit einem gesunden Klima. Mit einem Beitrag von CHF 1.- pro verkaufter Dose, welcher von edelsnus übernommen wird, gibt es keine Ausreden mehr sich nicht zu engagieren…</strong> 😊 <a href=""https://edelsnus.com/verein-gletscher-und-klima/"">Erfahre mehr</a></p>",FOREVER ICE AW,Unisex,,,,,,,https://cdn.shopify.com/s/files/1/0072/0646/9679/files/edelsnus_PP_Top_ForEverIce_wo_Shadow.png,,,,,5.90,0.00,1,G,14,IN,3,3,3,,,,
,,ED-1115-1,Unisex,Title,Default Title,,,,,,,,,,5.90,0.00,1,G,14,IN,3,3,3,,,edel,FOREVER ICE AW
Minty Orange AW,"Die kühlende Frische der Minze kombiniert mit saftigem, bittersüssem Orangenaroma und Noten von Orangenschalen.",Minty Orange AW,Unisex,,,,,,,https://cdn.shopify.com/s/files/1/0072/0646/9679/files/strom-minty-orange-aw-sized.png,,,,,4.90,0.00,1,G,13,IN,3,3,3,,,,
,,SR-3010-1,Unisex,Title,Default Title,,,,,,,,,,4.90,0.00,1,G,13,IN,3,3,3,,,STRÖM,Minty Orange AW
Salty Raspberry AW,"<p>Ein weiterer unvergleichlicher tabakfreier Snus unter den unverwechselbaren Lakritz Geschmacksrichtungen von FUMI. Die natürliche Aromakomposition aus Lakritz und Himbeeren sorgt für ein sehr ekstatisches Erlebnis. FUMI Salty Rasberry hat die gleiche schnelle Freisetzung und das gleiche lange Geschmackserlebnis wie die anderen Produkte im FUMI-Sortiment.</p>
<p>Die Dose enthält 20 schlanke Beutel aus dem exklusiven weichen und weissen Vliesmaterial. Der Nikotingehalt beträgt 8.4 mg/Beutel.</p>",Salty Raspberry AW,Unisex,,,,,,,https://cdn.shopify.com/s/files/1/0072/0646/9679/files/Fumi_Salty_Rasperry_sized.png,,,,,5.90,0.00,1,G,1,IN,3,3,3,,,,
,,FU-1015-1,Unisex,Title,Default Title,,,,,,,,,,5.90,0.00,1,G,1,IN,3,3,3,,,FUMI,Salty Raspberry AW
Strawberry Cream AW,"<p>Tabakfreier Snus mit dem exklusiven Geschmack des Getränks Frozen Strawberry Daiquiri. Der süsse, erfrischende Geschmack der Erdbeere gibt ein Gefühl der Feier. Die Beutel haben eine schnelle Freigabe und einen lang anhaltenden Geschmack.</p>
<p>Die Dosen enthalten 20 schlanke Portionsbeutel aus dem exklusiven Vliesstoff. Die Nikotinstärke beträgt 8.4 mg/Beutel.</p>",Strawberry Cream AW,Unisex,,,,,,,https://cdn.shopify.com/s/files/1/0072/0646/9679/files/Fumi_Strawberry_Cream_sized.png,,,,,5.90,0.00,1,G,1,IN,3,3,3,,,,
,,FU-3015-1,Unisex,Title,Default Title,,,,,,,,,,5.90,0.00,1,G,1,IN,3,3,3,,,FUMI,Strawberry Cream AW
Spicy Cola AW,"<p>Tabakfreier Snus mit einem starken, aber ausgewogenen Cola-Geschmack. Von vielen als der Lieblingsgeschmack angesehen, zu dem man immer mal wieder wechselt. Das Erlebnis der schnellen Freisetzung und des lang anhaltenden Geschmacks ist etwas, das in allen Geschmacksrichtungen von FUMI wiedererkannt wird.</p>
<p>Die Dose enthält 20 schlanke Beutel aus exklusivem, weichem und weissem Vliesmaterial. Die Nikotinstärke beträgt 8.4 mg/Beutel.</p>",Spicy Cola AW,Unisex,,,,,,,https://cdn.shopify.com/s/files/1/0072/0646/9679/files/Fumi_Spicy_cola_sized.png,,,,,5.90,0.00,1,G,1,IN,3,3,3,,,,
,,FU-5015-1,Unisex,Title,Default Title,,,,,,,,,,5.90,0.00,1,G,1,IN,3,3,3,,,FUMI,Spicy Cola AW
Salty Violet AW,"<p>Der neueste tabakfreie Snus in der vielseitigen Lakritzfamilie von Fumi. Lakritze und Veilchen sind traditionelle und sehr geschätzte schwedische Bonbongeschmacksrichtungen, die nun endlich als Snus erhältlich sind. Es sind kindliche, erwachsene Aromen, die perfekt zusammenpassen und von denen wir überzeugt sind, dass viele sie lieben werden. Ein Produkt für alle, die Lakritz lieben, aber zwischen verschiedenen aufregenden Geschmacksrichtungen wechseln möchten. Fumi Salty Violet hat die gleiche schnelle Freisetzung und lang anhaltende Geschmackserfahrung wie andere Fumi-Produkte.</p>
<p>Die Dose enthält 20 schlanke Beutel aus dem exklusiv weichen und weissen Vliesmaterial, das alle Fumi-Produkte kennzeichnet. Die Nikotinstärke beträgt 8,4 mg/Beutel.</p>",Salty Violet AW,Unisex,,,,,,,https://cdn.shopify.com/s/files/1/0072/0646/9679/files/Fumi_Salty_Violet_sized.png,,,,,5.90,0.00,1,G,1,IN,3,3,3,,,,
,,FU-2015-1,Unisex,Title,Default Title,,,,,,,,,,5.90,0.00,1,G,1,IN,3,3,3,,,FUMI,Salty Violet AW
Icemint AW,"<p>Ein extrem starker tabakfreier Snus für alle, die einen aussergewöhnlich starken Nikotinkick wollen. Sein unverwechselbarer Geschmack von natürlicher Minze gibt ein eisig frisches und atemberaubendes Gefühl. Die schnelle Freisetzung mit lang anhaltenden Aromen macht Sie gut fühlen und von anderen geschätzt werden.</p>
<p>Die Dose enthält 20 schlanke Beutel aus exklusivem, weichem und weissem Vliesmaterial. Die Nikotinstärke beträgt 11,2 mg/Beutel.</p>",Icemint AW,Unisex,,,,,,,https://cdn.shopify.com/s/files/1/0072/0646/9679/files/Fumi_Icemint_sized.png,,,,,5.90,0.00,1,G,1,IN,3,3,3,,,,
,,FU-4015-1,Unisex,Title,Default Title,,,,,,,,,,5.90,0.00,1,G,1,IN,3,3,3,,,FUMI,Icemint AW
Orange Apple Strong AW,"<p>XQS Orange Apple Strong hat eine Kombination aus frischem Orangen- und Apfelgeschmack mit einem perfekten Feuchtigkeitsgrad, um die kontrollierte Freisetzung von Geschmack und Nikotin zu ermöglichen.</p>
<p>Die Beutel sind ganz weiss und färben nicht auf die Zähne ab. Die Beutel sind schlank und fühlen sich unter der Lippe angenehm an. <span data-mce-fragment=""1"">Die Beutel müssen nicht gekühlt aufbewahrt werden.</span></p>
<p><br></p>",Orange Apple Strong AW,Unisex,,,,,,,https://cdn.shopify.com/s/files/1/0072/0646/9679/files/XQS_Orange_Apple_sized.png,,,,,4.20,0.00,1,G,1,IN,3,3,3,,,,
,,XQ-3015-1,Unisex,Title,Default Title,,,,,,,,,,4.20,0.00,1,G,1,IN,3,3,3,,,XQS,Orange Apple Strong AW
Black Cherry Strong AW,"<p>XQS Black Cherry Strong ist ein aufregendes Erlebnis mit einem süssen und exquisiten Kirschgeschmack, der Ihre Geschmacksnerven auf eine sehr angenehme Weise kitzeln wird. Der Kirschgeschmack ist reichhaltig und detailliert, mit einem scharfen Unterton, um ihn ein wenig aufblitzen zu lassen.</p>
<p>Die Beutel sind ganz weiss und färben nicht auf die Zähne ab. Die Beutel sind schlank und fühlen sich unter der Lippe angenehm an. <span data-mce-fragment=""1"">Die Beutel müssen nicht gekühlt aufbewahrt werden.</span></p>",Black Cherry Strong AW,Unisex,,,,,,,https://cdn.shopify.com/s/files/1/0072/0646/9679/files/XQS_Black_Cherry_sized.png,,,,,4.20,0.00,1,G,1,IN,3,3,3,,,,
,,XQ-1015-1,Unisex,Title,Default Title,,,,,,,,,,4.20,0.00,1,G,1,IN,3,3,3,,,XQS,Black Cherry Strong AW
Blueberry Mint Strong AW,"<p>Dieses XQS-Produkt ist perfekt für alle, die auf der Suche nach einem erfrischenden Geschmack mit einem Hauch von Frucht sind. Du hättest nicht gedacht, dass Blaubeere und Minze eine leckere Kombination sind, aber wir bitten Dich, sie selbst zu probieren! Mit einem grossartigen Geschmack und einem starken Nikotin-Kick werden Deine Geschmacksnerven Kribbeln.</p>
<p>Die Beutel sind ganz weiss und färben nicht auf die Zähne ab. Die Beutel sind schlank und fühlen sich unter der Lippe angenehm an. <span data-mce-fragment=""1"">Die Beutel müssen nicht gekühlt aufbewahrt werden.</span></p>",Blueberry Mint Strong AW,Unisex,,,,,,,https://cdn.shopify.com/s/files/1/0072/0646/9679/files/XQS_Blueberry_Mint_sized_3073c03c-6d2a-43cf-bc9c-966300be9dab.png,,,,,4.20,0.00,1,G,1,IN,3,3,3,,,,
,,XQ-2015-1,Unisex,Title,Default Title,,,,,,,,,,4.20,0.00,1,G,1,IN,3,3,3,,,XQS,Blueberry Mint Strong AW
Tropical Strong AW,"XQS Tropical mit einem einzigartigen Design und einem Geschmack, der Dich in tropische Wälder entführt.<br data-mce-fragment=""1"">Tropical wurde im Sommer 2021 als limitierte Auflage herausgebracht, erfreute sich aber so grosser Beliebtheit, dass sie ihren festen Platz in unserem Sortiment bekam und hier bleibt!<br data-mce-fragment=""1"">Die Aromen von Ananas, Passionsfrucht und Mango sorgen für ein köstliches Geschmackserlebnis.<br data-mce-fragment=""1""><br data-mce-fragment=""1"">Die Beutel sind ganz weiss und färben nicht auf die Zähne ab. Die Beutel sind schlank und fühlen sich unter der Lippe angenehm an. Die Beutel müssen nicht gekühlt aufbewahrt werden.",Tropical Strong AW,Unisex,,,,,,,https://cdn.shopify.com/s/files/1/0072/0646/9679/files/xqs-tropical-sized.png,,,,,4.20,0.00,1,G,1,IN,3,3,3,,,,
,,XQ-4015-1,Unisex,Title,Default Title,,,,,,,,,,4.20,0.00,1,G,1,IN,3,3,3,,,XQS,Tropical Strong AW
Twin Apple Strong AW,"<p>XQS Twin Apple bietet einen ausgeprägten Apfelgeschmack, was sie ideal für alle macht, die einen fruchtigen Kick mögen. Das Produkt wird Ihre Geschmacksknospen garantiert zum Kribbeln bringen!</p>
<p>Die Beutel sind schlank und fühlen sich unter der Lippe angenehm an. Die Beutel müssen nicht gekühlt aufbewahrt werden.</p>",Twin Apple Strong AW,Unisex,,,,,,,https://cdn.shopify.com/s/files/1/0072/0646/9679/files/XQS_Twin_Apple_sized.png,,,,,4.20,0.00,1,G,1,IN,3,3,3,,,,
,,XQ-5015-1,Unisex,Title,Default Title,,,,,,,,,,4.20,0.00,1,G,1,IN,3,3,3,,,XQS,Twin Apple Strong AW
BERRY ICE AW,"<span>Entdecke die erfrischende kühle des edel BERRY ICE! Diese einzigartige Mischung mit kräftigen 20 mg/g Nikotin verführt deine Sinne mit dem kühlen Hauch von Menthol, perfekt kombiniert mit dem saftigen Geschmack von Waldbeeren. Ein Genuss, der die Natur in deinen Gaumen zaubert und dich in eine belebende Geschmacksexplosion entführt.</span>",BERRY ICE AW,Unisex,,,,,,,https://cdn.shopify.com/s/files/1/0072/0646/9679/files/edelsnus_PP_Top_Berry-Ice_wo_Shadow.png,,,,,5.90,0.00,1,G,12,IN,3,3,3,,,,
,,ED-4110-1,Unisex,Title,Default Title,,,,,,,,,,5.90,0.00,1,G,12,IN,3,3,3,,,edel,BERRY ICE AW
Menthol AW,"<p>Ein eiskalter Spritzer purer Minzigkeit. Der kraftvolle grosse Bruder des klassischen Helwits Mint-Geschmack. </p>
<p><span>Die Helwit Menthol bietet einen authentischen Geschmack, der anhaltend ist. Darüber hinaus gewährleistet die Pouch eine hohe Nikotinstärke von 4 von 5 und eine langanhaltende Wirkung. Das schlanke Format eignet sich perfekt für den diskreten Genuss unterwegs. Eine handliche Dose mit 20 Portionen sorgt jederzeit für die benötigte Versorgung. Dank der All-White Herstellung bleiben die Zähne frei von Verfärbungen.</span></p>",Menthol AW,Unisex,,,,,,,https://cdn.shopify.com/s/files/1/0072/0646/9679/files/Helwit_Menthol_sized.png,,,,,4.95,0.00,1,G,10,IN,3,3,3,,,,
,,HW-1015-1,Unisex,Title,Default Title,,,,,,,,,,4.95,0.00,1,G,10,IN,3,3,3,,,Helwit,Menthol AW
Mint AW Slim,"<p>Entdecke <a href=""https://snushus.ch/collections/red-muule-snus"">Red Muule</a><a href=""https://snushus.ch/collections/red-muule""> </a>Mint All White Slim – Deine perfekte Wahl für ein erfrischendes Nikotinerlebnis! Mit einem Nikotingehalt von 14 mg/g und schlanken Beuteln bietet Dir dieser Snus eine ausgewogene und intensive Erfahrung. Die All White Nikotinbeutel sorgen für einen frischen Minzgeschmack, der Deine Sinne belebt.</p>
<p>Red Muule Mint AW Slim, die auf der Suche nach einem hochwertigen und erfrischenden Produkt sind. Die schlanken Beutel sind diskret und angenehm zu tragen, sodass Du Deinen Snus jederzeit und überall geniessen kannst. Die 20g Dose bietet Dir ausreichend Vorrat für langanhaltenden Genuss.</p>
<p>Geniesse den frischen Minzgeschmack von Red Muule Mint AW Slim und erlebe, wie dieser All White Snus Deinen Tag belebt. Einfach einen Beutel entnehmen und das erfrischende Nikotinerlebnis geniessen.</p>
<p>Bestelle jetzt Deinen Red Muule Mint AW Slim online und entdecke die erfrischende Welt von Red Muule.</p>
<!---->",Mint AW Slim,Unisex,,,,,,,https://cdn.shopify.com/s/files/1/0072/0646/9679/files/redmuule_mint_5fcea3f5-3992-4c97-a01b-68b7c3989889.png,,,,,4.90,0.00,1,G,10,IN,3,3,3,,,,
,,RM-1015-1,Unisex,Title,Default Title,,,,,,,,,,4.90,0.00,1,G,10,IN,3,3,3,,,Red Muule,Mint AW Slim
Forest Fruits AW Slim,"<p>Erlebe den unvergleichlichen Genuss von <a href=""https://snushus.ch/collections/red-muule-snus"">Red Muule</a> Forest Fruits – der italienische Snus, der Dir den Geschmack des Waldes in jedem Beutel bietet. Diese Premium-Marke aus Italien überzeugt mit einer mittleren Stärke von 3/5 und einer Nikotinkonzentration von 14 mg/g, perfekt für gelegentliche Snuser, die einen ausgewogenen und dennoch intensiven Genuss bevorzugen.</p>
<p>Der Red Muule Forest Fruits Snus begeistert mit seinem verlockenden Geschmack nach Waldfrüchten. Die Slim Beutel sind besonders diskret und angenehm zu tragen, sodass Du Deinen Snus jederzeit und überall geniessen kannst. Mit 10 g Tabakersatz pro Dose bietet dieser All White Snus eine erfrischende Alternative ohne Verfärbung Deiner Zähne.</p>
<p>Dieser hochwertige Snus aus Italien ist ideal für alle, die einen gelegentlichen Nikotinkick suchen, ohne auf Geschmack und Qualität zu verzichten. Die sorgfältig ausgewählten Zutaten und die erstklassige Verarbeitung garantieren ein gleichmässiges und befriedigendes Snus-Erlebnis.</p>
<p>Bestelle jetzt Deinen Red Muule Forest Fruits Snus online und geniesse den fruchtigen Geschmack und die angenehme Nikotinstärke. Erlebe die Qualität und den erfrischenden Geschmack von Red Muule Forest Fruits und finde heraus, warum dieser Snus so besonders ist.</p>
<!---->",Forest Fruits AW Slim,Unisex,,,,,,,https://cdn.shopify.com/s/files/1/0072/0646/9679/files/redmuule_forest_fruits.png,,,,,4.90,0.00,1,G,10,IN,3,3,3,,,,
,,RM-2015-1,Unisex,Title,Default Title,,,,,,,,,,4.90,0.00,1,G,10,IN,3,3,3,,,Red Muule,Forest Fruits AW Slim
Mango AW Slim,"<p>Erlebe die tropische Frische mit <a href=""https://snushus.ch/collections/red-muule-snus"">Red Muule</a> Mango All White – Deinem idealen Begleiter für einen fruchtigen Snus-Genuss. Mit einem Nikotingehalt von 14 mg/g und praktischen Slim Beuteln bietet dieser Snus eine perfekt abgestimmte Nikotindosis für mittlere Snus-Gewohnte.</p>
<p>Red Muule Mango begeistert mit seinem exotischen Mango-Geschmack, der Deine Sinne verwöhnt und ein angenehmes, fruchtiges Aroma hinterlässt. Die 10 g Nikotinersatz pro Dose sind in praktischen All White Pouches verpackt, die sich durch ihre Diskretion und einfache Handhabung auszeichnen. Diese Beutel sind so gestaltet, dass sie keine Verfärbungen hinterlassen und stets ein sauberes Gefühl vermitteln.</p>
<p>Jetzt ist der perfekte Zeitpunkt, Red Muule Mango auszuprobieren und Dich von der tropischen Frische dieser Snus-Marke zu überzeugen. Geniesse den exotischen Geschmack und die perfekte Nikotindosis, wo immer Du bist.</p>
<!---->",Mango AW Slim,Unisex,,,,,,,https://cdn.shopify.com/s/files/1/0072/0646/9679/files/redmuule_mango.png,,,,,4.90,0.00,1,G,10,IN,3,3,3,,,,
,,RM-3015-1,Unisex,Title,Default Title,,,,,,,,,,4.90,0.00,1,G,10,IN,3,3,3,,,Red Muule,Mango AW Slim
STRUDEL AW,"Winterfreunde aufgepasst. Unser edel Strudel entführt Dich auf eine kulinarische Reise durch die festliche Atmosphäre der Winterzeit. <br data-mce-fragment=""1"">Der süsse Geschmack reifer Äpfel verbindet sich harmonisch mit der warmen Würze von Zimt, um ein delikates Aroma zu schaffen. <br data-mce-fragment=""1"">Diese einzigartige Kreation ist nicht nur ein Genuss für den Gaumen, sondern auch eine Hommage an die gemütlichen Momente der Weihnachtszeit.",STRUDEL AW,Unisex,,,,,,,https://cdn.shopify.com/s/files/1/0072/0646/9679/files/edelsnus_PP_Top_Strudel_wo_Shadow.png,,,,,5.90,0.00,1,G,1,IN,3,3,3,,,,
,,ED-1215-1,Unisex,Title,Default Title,,,,,,,,,,5.90,0.00,1,G,1,IN,3,3,3,,,edel,STRUDEL AW
Icy Berries AW,"<p><span data-mce-fragment=""1"">VELO Berry Frost X-Strong AW wird zu VELO Icy Berries AW:</span></p>
<p><span data-mce-fragment=""1"">VELO Icy Berries ist eine vollständig weisse Portion mit einem erfrischenden Beerenaroma. Die schlanke Präsentation des Produkts verleiht ihm ein modernes Erscheinungsbild.</span></p>",Icy Berries AW,Unisex,,,,,,,https://cdn.shopify.com/s/files/1/0072/0646/9679/files/Velo_Icy_Berries.png,,,,,5.20,0.00,1,G,14,IN,3,3,3,,,,
,,VE-1305-1,Unisex,Title,Default Title,,,,,,,,,,5.20,0.00,1,G,14,IN,3,3,3,,,VELO (SE),Icy Berries AW
Red Berries AW Slim,"<p>Entdecke <a href=""https://snushus.ch/collections/red-muule-snus"">Red Muule</a><a href=""https://snushus.ch/collections/red-muule""></a> Red Berries All White Slim – Dein perfekter Begleiter für ein intensives und erfrischendes Nikotinerlebnis! Mit einem Nikotingehalt von 14 mg/g und Slim Beuteln bietet Dir dieser Snus eine ausgewogene und lang anhaltende Erfahrung. Die All White Nikotinbeutel sorgen für einen erfrischenden und fruchtigen Geschmack nach roten Beeren.</p>
<p>Red Muule Red Berries All White Slim ist die ideale Wahl für alle, die Diskretion und Komfort schätzen. Dank der fortschrittlichen Technologie zur Geschmacksverstärkung erlebst Du ein intensives Aroma, das langanhaltende Zufriedenheit garantiert. Die schlanken Beutel sind diskret und angenehm zu konsumieren, sodass Du Deinen Snus jederzeit und überall geniessen kannst. Die 20g Dose bietet Dir ausreichend Vorrat für viele genussvolle Momente.</p>
<p>Gönn Dir den unvergleichlichen Genuss von Red Muule Red Berries All White Slim. Bestelle jetzt online und erfahre, wie dieser Snus Dir eine perfekte Mischung aus Fruchtigkeit, Diskretion und lang anhaltender Zufriedenheit bietet. Entdecke den Unterschied und bereichere Deinen Alltag mit einem intensiven Geschmackserlebnis!</p>
<!---->",Red Berries AW Slim,Unisex,,,,,,,https://cdn.shopify.com/s/files/1/0072/0646/9679/files/redmuule_red_berries_3e772af2-8902-476e-a37d-79f8f39a02ea.png,,,,,4.90,0.00,1,G,10,IN,3,3,3,,,,
,,RM-4015-1,Unisex,Title,Default Title,,,,,,,,,,4.90,0.00,1,G,10,IN,3,3,3,,,Red Muule,Red Berries AW Slim
Lime Cactus AW Slim,"<p>Tauche ein in das erfrischende Erlebnis von <a href=""https://snushus.ch/collections/red-muule-snus"">Red Muule</a> Lime Cactus – die ideale Wahl für alle, die nach einem exotischen und spritzigen Snus suchen. Mit einem Nikotingehalt von 14 mg/g bietet dieser Snus eine ausgewogene und kräftige Wirkung, die sich perfekt für Snus-Liebhaber eignet.</p>
<p>Red Muule Lime Cactus vereint den einzigartigen Geschmack von Kaktus mit der frischen Note von Limette. Die schlanken Beutel sind besonders unauffällig und angenehm zu tragen, sodass Du Deinen Snus diskret und komfortabel geniessen kannst.</p>
<p>Die hochwertigen Zutaten und die exzellente Verarbeitung sorgen für ein gleichmässiges und zufriedenstellendes Snus-Erlebnis. Red Muule Lime Cactus steht für erfrischenden Genuss und ein exotisches Aroma, das jeden Moment aufwertet.</p>
<p>Sichere Dir jetzt Deinen Red Muule Lime Cactus Snus online und erlebe die harmonische Mischung aus Kaktus und Limette. Gönne Dir diesen besonderen Snus und entdecke, warum Red Muule Lime Cactus die perfekte Wahl für Snus-Liebhaber ist.</p>
<!---->",Lime Cactus AW Slim,Unisex,,,,,,,https://cdn.shopify.com/s/files/1/0072/0646/9679/files/redmuule_lime_cactus.png,,,,,4.90,0.00,1,G,10,IN,3,3,3,,,,
,,RM-5015-1,Unisex,Title,Default Title,,,,,,,,,,4.90,0.00,1,G,10,IN,3,3,3,,,Red Muule,Lime Cactus AW Slim
Fresh-Mint AW Slim,"<p data-mce-fragment=""1"">Der Fünfhaus Flavour mit erfrischendem Minzgeschmack sorgt für die nötige Freshness im stressigen Alltag.<br data-mce-fragment=""1""></p>
<p data-mce-fragment=""1"">15 bringt den Fünfhaus Flavour direkt in deine Hosentasche. Die neuen Nicotine Baggies aus dem fünfzehnten Wiener Gemeindebezirk ermöglichen dir rauchfreien Genuss in erfrischenden Geschmacksrichtungen. Ob beim Arbeiten, Trainieren, Feiern oder einfach zum Entspannen: Es gibt mehr als 1150 Gründe, um mit 15 Nicotine Pouches nicht den Fokus zu verlieren. Komm in deinen Flow!</p>",Fresh-Mint AW Slim,Unisex,,,,,,,https://cdn.shopify.com/s/files/1/0072/0646/9679/files/15-Baggies_PackshotFreshMintDarkBG_600x600_62ceae55-2cf2-4c4e-ae9f-fc7f27f53103.png,,,,,7.90,0.00,1,G,12,IN,3,3,3,,,,
,,FH-1010-1,Unisex,Title,Default Title,,,,,,,,,,7.90,0.00,1,G,12,IN,3,3,3,,,15 Nicotine Baggies,Fresh-Mint AW Slim
Menthol AW Slim,"<p data-mce-fragment=""1"">Cool bleiben – mit dem Fünfhaus Flavour Menthol hast du immer ein Baggie in der Tasche für den schnellen Frische-Kick.</p>
<p data-mce-fragment=""1"">15 bringt den Fünfhaus Flavour direkt in deine Hosentasche. Die neuen Nicotine Baggies aus dem fünfzehnten Wiener Gemeindebezirk ermöglichen dir rauchfreien Genuss in erfrischenden Geschmacksrichtungen. Ob beim Arbeiten, Trainieren, Feiern oder einfach zum Entspannen: Es gibt mehr als 1150 Gründe, um mit 15 Nicotine Pouches nicht den Fokus zu verlieren. Komm in deinen Flow!</p>",Menthol AW Slim,Unisex,,,,,,,https://cdn.shopify.com/s/files/1/0072/0646/9679/files/15-Baggies_PackshotMentholDarkBG_600x600_1e9c6679-4170-4167-8890-196c564947dd.png,,,,,7.90,0.00,1,G,12,IN,3,3,3,,,,
,,FH-2010-1,Unisex,Title,Default Title,,,,,,,,,,7.90,0.00,1,G,12,IN,3,3,3,,,15 Nicotine Baggies,Menthol AW Slim
No.7 Very Berry AW,"<p>Entdecke Après No.7 Very Berry All White – Dein fruchtiger Begleiter für ein leichtes und erfrischendes Nikotinerlebnis. Mit einer Stärke von 2/5 und einem Nikotingehalt von 8 mg/g bietet Dir dieser Snus eine angenehme und langanhaltende Wirkung. Der köstliche Beerengeschmack sorgt für ein erfrischendes und fruchtiges Aroma, das Deine Sinne belebt.</p>
<p>Geniesse den einzigartigen Geschmack von No.7 Very Berry. Die aromatische Mischung aus verschiedenen Beerennoten verleiht Dir ein unvergleichliches Geschmackserlebnis. Lass Dich vom fruchtigen Aroma verzaubern und erlebe eine neue Art des tabakfreien Nikotingenusses.</p>
<p>Bestelle jetzt Deinen Après No.7 Very Berry All White online und entdecke die perfekte Kombination aus Frische und Fruchtigkeit. Erfahre, warum Après die bevorzugte Wahl für Snus-Liebhaber ist. Gönn Dir diesen erfrischenden und belebenden Genuss und bringe neue Frische in Deinen Alltag!</p>",No.7 Very Berry AW,Unisex,,,,,,,https://cdn.shopify.com/s/files/1/0072/0646/9679/files/apres-no-7-Very-Berry-aw.png,,,,,5.20,0.00,1,G,13,IN,3,3,3,,,,
,,AP-1105-1,Unisex,Title,Default Title,,,,,,,,,,5.20,0.00,1,G,13,IN,3,3,3,,,Après,No.7 Very Berry AW
No.3 Lemon Curd X-Strong AW,"<p>Erlebe Après No.3 Lemon Curd X-Strong All White – Dein erfrischender Begleiter für ein kräftiges und belebendes Nikotinerlebnis. Mit einem Nikotingehalt von 15 mg/g und einer Stärke von 4/5 bietet Dir dieser Snus eine angenehme und langanhaltende Wirkung. Die 20 Slim Beutel enthalten insgesamt 11g Tabakersatz und sorgen für einen diskreten und komfortablen Genuss. Der Klassiker von <span data-mce-fragment=""1"">Après n</span>un auch in Extra Stark erhältlich.</p>
<p>Après No.3 Lemon Curd X-Strong AW wurde entwickelt, um das Gefühl einer frisch gepflückten Zitrone aus den Feldern Argentiniens einzufangen. Der intensive, frische Duft beim Öffnen der Dose sorgt für eine sensorische Explosion und bietet Dir die perfekte Mischung aus süss und sauer.</p>
<p>Geniesse den erfrischenden Zitronengeschmack von Après No.3 Lemon Curd All White. Gönn Dir diesen spritzigen und belebenden Genuss und bringe neue Frische in Deinen Alltag!</p>",No.3 Lemon Curd X-Strong AW,Unisex,,,,,,,https://cdn.shopify.com/s/files/1/0072/0646/9679/files/apres-no-3-Lemon-Curd-x-strong-aw.png,,,,,5.20,0.00,1,G,13,IN,3,3,3,,,,
,,AP-3105-1,Unisex,Title,Default Title,,,,,,,,,,5.20,0.00,1,G,13,IN,3,3,3,,,Après,No.3 Lemon Curd X-Strong AW
No.6 Appletini AW,"<p>Entdecke Après No.6 Appletini All White – Dein idealer Begleiter für ein erfrischendes und sanftes Nikotinerlebnis. Mit einer Stärke von 2/5 und einem Nikotingehalt von 8 mg/g bietet Dir dieser Snus eine angenehme und langanhaltende Wirkung.</p>
<p>Gib Deiner Nacht einen Cocktail-Kick mit Appletini von Après. Geniesse den unglaublichen Geschmack saftiger Äpfel und probiere den knackigen und fruchtig-kräftigen Extrakt. Dieses erfrischende Aroma sorgt dafür, dass Deine Nacht zu einem unvergesslichen Erlebnis wird!</p>
<p>Geniesse den fruchtigen Apfelgeschmack von Après No.6 Appletini All White und erlebe die perfekte Kombination aus Frische und Leichtigkeit. Gönn Dir diesen spritzigen und belebenden Genuss.</p>",No.6 Appletini AW,Unisex,,,,,,,https://cdn.shopify.com/s/files/1/0072/0646/9679/files/apres-no-6-appletini-extra-strong-aw.png,,,,,5.20,,1,G,1,IN,3,3,3,,,,
,,AP-9105-1,Unisex,Title,Default Title,,,,,,,,,,5.20,,1,G,1,IN,3,3,3,,,Après,No.6 Appletini AW
Cinnamon Flame AW,"<p>Erlebe <a href=""https://snushus.ch/collections/velo-snus"">VELO</a> Cinnamon Flame AW – Dein perfekter Begleiter für ein würziges und erfrischendes Nikotinerlebnis. Mit einem köstlichen Zimtgeschmack und einer Stärke von 3/5 und 14,3 mg/g bietet Dir dieser Snus eine angenehme und langanhaltende Wirkung. </p>
<p>Auf aromatisierter Zellulosebasis und völlig frei von Tabak kommen die VELO Beutel im Slim Format. Ohne Tabak bedeutet ohne den gewöhnungsbedürftigen Tabakgeruch sowie ohne jegliche Tabakschadstoffe – weltweit gibt es aktuell keine weniger schädliche Art, Nikotin zu konsumieren. VELO Cinnamon Flame AW ist besonders geeignet für alle, die ein ausgewogenes und aromatisches Snus-Erlebnis suchen.</p>
<p>Geniesse den würzigen Zimtgeschmack von VELO Cinnamon Flame AW und erlebe die Vorteile eines tabakfreien Nikotinerlebnisses. Diese Kombination sorgt für ein angenehmes und wärmendes Aroma, das Deine Sinne belebt und Dir ein wohltuendes Gefühl gibt.</p>
<p>Bestelle jetzt Deinen VELO Cinnamon Flame AW online und entdecke, warum VELO die bevorzugte Wahl für Snus-Liebhaber ist. Gönn Dir diesen aromatischen Genuss und bringe Würze in Deinen Alltag! VELO Snus kaufen war noch nie so einfach und bequem.</p>
<p><span data-mce-fragment=""1"">Die VELO Sensations-Serie ist für den erfahrenen Nutzer gedacht, der eine andere Art von Produktintensität sucht.</span></p>",Cinnamon Flame AW,Unisex,,,,,,,https://cdn.shopify.com/s/files/1/0072/0646/9679/files/velo-cinnamon-flame-aw.png,,,,,5.20,0.00,1,G,14,IN,3,3,3,,,,
,,VE-4005-1,Unisex,Title,Default Title,,,,,,,,,,5.20,0.00,1,G,14,IN,3,3,3,,,VELO (SE),Cinnamon Flame AW
Mighty Mango,"<p>COCO Nicotine Pouches werden sorgfältig aus Kokosfasern hergestellt, die eine längere und sanftere Freisetzung von Nikotin und Aromen ermöglichen. Im Gegensatz zu anderen Marken, die oft übermässig verarbeitete Pflanzenfasern verwenden, werden die Kokosfasern der COCO-Beutel direkt mit Nikotin und natürlichen Aromen versetzt. <br><br>Erlebe eine verlängerte Freisetzung von Nikotin und köstlichen Aromen von bis zu 60+ Minuten befriedigender Momente. Entdecke den Unterschied mit COCO Nikotinbeuteln - die länger anhaltende, natürlichere und sanftere Wahl für Deinen Lebensstil mit Nikotinbeuteln. COCO Mighty Mango ist Teil der Mighty Stong Reihe und bietet 13,5mg/Beutel mit einem saftigen Geschmackserlebnis von frischer Mango.<br></p>
<p><br></p>
<p>Verwendung:</p>
<p><span>Für eine schnelle Freisetzung von Nikotin und Aromen:</span><br><span>1. Befeuchte den Beutel, indem Du ihn auf die Zunge legst.</span><br><span>2. Sobald der Beutel feucht ist, kaue den Beutel einmal vorsichtig. Achte darauf, den Beutel nicht zu </span><span>öffnen</span><span>.</span><br><span>3. Lege den Beutel unter die Oberlippe und spüre den intensiven Geschmack und die schnelle Nikotinfreisetzung.</span><br><span>4. Geniesse den Kick bis zu einer Stunde lang</span></p>",Mighty Mango,Unisex,,,,,,,https://cdn.shopify.com/s/files/1/0072/0646/9679/files/CoCo_Mighty_Mango_sized.png,,,,,5.90,0.00,1,G,9,IN,3,3,3,,,,
,,CO-5005-1,Unisex,Title,Default Title,,,,,,,,,,5.90,0.00,1,G,9,IN,3,3,3,,,COCO,Mighty Mango
Mighty Fresh,"<p>COCO Nicotine Pouches werden sorgfältig aus Kokosfasern hergestellt, die eine längere und sanftere Freisetzung von Nikotin und Aromen ermöglichen. Im Gegensatz zu anderen Marken, die oft übermässig verarbeitete Pflanzenfasern verwenden, werden die Kokosfasern der COCO-Beutel direkt mit Nikotin und natürlichen Aromen versetzt. <br data-mce-fragment=""1""><br data-mce-fragment=""1"">Erlebe eine verlängerte Freisetzung von Nikotin und köstlichen Aromen von bis zu 60+ Minuten befriedigender Momente. Entdecke den Unterschied mit COCO Nikotinbeuteln - die länger anhaltende, natürlichere und sanftere Wahl für Deinen Lebensstil mit Nikotinbeuteln. COCO Mighty Fresh ist Teil des Mighty Stong-Sortiments und bietet 13,5mg/Beutel, kombiniert mit einer intensiven und kühlenden Kombination aus Pfefferminz und Menthol.<br></p>
<p><br></p>
<p>Verwendung:</p>
<p><span>Für eine schnelle Freisetzung von Nikotin und Aromen:</span><br><span>1. Befeuchte den Beutel, indem Du ihn auf die Zunge legst.</span><br><span>2. Sobald der Beutel feucht ist, kaue den Beutel einmal vorsichtig. Achte darauf, den Beutel nicht zu </span><span>öffnen</span><span>.</span><br><span>3. Lege den Beutel unter die Oberlippe und spüre den intensiven Geschmack und die schnelle Nikotinfreisetzung.</span><br><span>4. Geniesse den Kick bis zu einer Stunde lang</span></p>",Mighty Fresh,Unisex,,,,,,,https://cdn.shopify.com/s/files/1/0072/0646/9679/files/CoCo_Mighty_Fresh_sized.png,,,,,5.90,0.00,1,G,9,IN,3,3,3,,,,
,,CO-6005-1,Unisex,Title,Default Title,,,,,,,,,,5.90,0.00,1,G,9,IN,3,3,3,,,COCO,Mighty Fresh
Mighty Colada,"<p>COCO Nicotine Pouches werden sorgfältig aus Kokosfasern hergestellt, die eine längere und sanftere Freisetzung von Nikotin und Aromen ermöglichen. Im Gegensatz zu anderen Marken, die oft übermässig verarbeitete Pflanzenfasern verwenden, werden die Kokosfasern der COCO-Beutel direkt mit Nikotin und natürlichen Aromen versetzt. <br data-mce-fragment=""1""><br data-mce-fragment=""1"">Erlebe eine verlängerte Freisetzung von Nikotin und köstlichen Aromen von bis zu 60+ Minuten befriedigender Momente. Entdecke den Unterschied mit COCO Nikotinbeuteln - die länger anhaltende, natürlichere und sanftere Wahl für Deinen Lebensstil mit Nikotinbeuteln. COCO Mighty Colada ist Teil der Mighty Stong Reihe und bietet 13,5mg/Beutel mit der bekannten Geschmackskombination von Kokosnuss und Ananas.<br></p>
<p> </p>
<p>Verwendung:</p>
<p><span>Für eine schnelle Freisetzung von Nikotin und Aromen:</span><br><span>1. Befeuchte den Beutel, indem Du ihn auf die Zunge legst.</span><br><span>2. Sobald der Beutel feucht ist, kaue den Beutel einmal vorsichtig. Achte darauf, den Beutel nicht zu </span><span>öffnen</span><span>.</span><br><span>3. Lege den Beutel unter die Oberlippe und spüre den intensiven Geschmack und die schnelle Nikotinfreisetzung.</span><br><span>4. Geniesse den Kick bis zu einer Stunde lang</span></p>",Mighty Colada,Unisex,,,,,,,https://cdn.shopify.com/s/files/1/0072/0646/9679/files/CoCo_Mighty_Colada_sized.png,,,,,5.90,0.00,1,G,9,IN,3,3,3,,,,
,,CO-7005-1,Unisex,Title,Default Title,,,,,,,,,,5.90,0.00,1,G,9,IN,3,3,3,,,COCO,Mighty Colada
Mighty Lemonade,"<p>COCO Nicotine Pouches werden sorgfältig aus Kokosfasern hergestellt, die eine längere und sanftere Freisetzung von Nikotin und Aromen ermöglichen. Im Gegensatz zu anderen Marken, die oft übermässig verarbeitete Pflanzenfasern verwenden, werden die Kokosfasern der COCO-Beutel direkt mit Nikotin und natürlichen Aromen versetzt. <br data-mce-fragment=""1""><br data-mce-fragment=""1"">Erlebe eine verlängerte Freisetzung von Nikotin und köstlichen Aromen von bis zu 60+ Minuten befriedigender Momente. Entdecke den Unterschied mit COCO Nikotinbeuteln - die länger anhaltende, natürlichere und sanftere Wahl für Deinen Lebensstil mit Nikotinbeuteln. COCO Mighty Lemonade ist Teil der Mighty Stong Reihe und bietet 13,5mg/Beutel, die die einzigartige Geschmackskombination von Schwarzem Tee und Limonade nutzen.<br></p>
<p><br></p>
<p>Verwendung:</p>
<p><span>Für eine schnelle Freisetzung von Nikotin und Aromen:</span><br><span>1. Befeuchte den Beutel, indem Du ihn auf die Zunge legst.</span><br><span>2. Sobald der Beutel feucht ist, kaue den Beutel einmal vorsichtig. Achte darauf, den Beutel nicht zu </span><span>öffnen</span><span>.</span><br><span>3. Lege den Beutel unter die Oberlippe und spüre den intensiven Geschmack und die schnelle Nikotinfreisetzung.</span><br><span>4. Geniesse den Kick bis zu einer Stunde lang</span></p>",Mighty Lemonade,Unisex,,,,,,,https://cdn.shopify.com/s/files/1/0072/0646/9679/files/CoCo_Mighty_Lemonade_sized.png,,,,,5.90,0.00,1,G,9,IN,3,3,3,,,,
,,CO-8005-1,Unisex,Title,Default Title,,,,,,,,,,5.90,0.00,1,G,9,IN,3,3,3,,,COCO,Mighty Lemonade
Arctic Mint AW Slim,"Extra starke Minze. Dieses Produkt ist nur für erfahrene Konsumenten, die die höhere Nikotindosis vertragen können. Nicht für Anfänger geeignet.",Arctic Mint AW Slim,Unisex,,,,,,,https://cdn.shopify.com/s/files/1/0072/0646/9679/files/KLINT_S5_arctic-mint_AW.png,,,,,5.90,0.00,1,G,29,IN,3,3,3,,,,
,,KL-3115-1,Unisex,Title,Default Title,,,,,,,,,,5.90,0.00,1,G,29,IN,3,3,3,,,KLINT,Arctic Mint AW Slim
No.5 Ice Tea Peach AW Mini,"<p>Entdecke Après No.5 Ice Tea Peach All White Mini – Dein köstlicher Begleiter für ein leichtes und erfrischendes Nikotinerlebnis. Mit einem Nikotingehalt von 8 mg/g und einer Stärke von 2/5 bietet Dir dieser Snus eine sanfte und langanhaltende Wirkung. Die Mini Pouches sind ideal für den diskreten und komfortablen Genuss.</p>
<p>Après No.5 Ice Tea Peach Mini ist ein Genuss für die Sinne. Der Geschmack von süssem Pfirsich und einem Hauch von schwarzem Tee sorgt für ein vollmundiges Eistee-Erlebnis. Es ist fast so, als hättest Du eine grosse Karaffe Eistee direkt in einen weichen kleinen Beutel gegossen.</p>",No.5 Ice Tea Peach AW Mini,Unisex,,,,,,,https://cdn.shopify.com/s/files/1/0072/0646/9679/files/apres-no-5-ice-tea-peach-mini-aw.png,,,,,5.20,,1,G,26000,IN,3,3,3,,,,
,,AP-5015-1,Unisex,Title,Default Title,,,,,,,,,,5.20,,1,G,26000,IN,3,3,3,,,Après,No.5 Ice Tea Peach AW Mini
No.4 Cola X-Strong AW,"<p>Entdecke Après No.4 Cola X-Strong All White Slim– Dein neuer Favorit für ein kräftiges und erfrischendes Nikotinerlebnis. Mit einer Stärke von 5/5 und einem Nikotingehalt von 15 mg/g bietet Dir dieser Snus eine angenehme und langanhaltende Wirkung. Die Slim Beutel enthalten insgesamt 11g Tabakersatz pro Dose und sind ideal für diskreten und bequemen Genuss.</p>
<p>Après No.4 Cola X-Strong AW Slim verspricht einen Geschmack, der die Nostalgie von Cola einfängt, wie wir sie alle kennen und lieben. Dieses sinnliche Erlebnis bietet Dir die perfekte Mischung aus vertrautem Cola-Geschmack und belebender Frische, ein Genuss, der am liebsten nie enden sollte.</p>
<p>Geniesse den nostalgischen Cola-Geschmack von Après No.4 Cola X-Strong All White Slim und erlebe die perfekte Kombination aus Frische und Geschmack. Bestelle jetzt online und entdecke Après für Dich.</p>",No.4 Cola X-Strong AW,Unisex,,,,,,,https://cdn.shopify.com/s/files/1/0072/0646/9679/files/apres-no-4-cola-aw.png,,,,,5.20,0.00,1,G,26000,IN,3,3,3,,,,
,,AP-4105-1,Unisex,Title,Default Title,,,,,,,,,,5.20,0.00,1,G,26000,IN,3,3,3,,,Après,No.4 Cola X-Strong AW
No.5 Ice Tea Peach AW,"<p>Entdecke Après No.5 Ice Tea Peach All White Slim – Dein köstlicher Begleiter für ein leichtes und erfrischendes Nikotinerlebnis. Mit einem Nikotingehalt von 8 mg/g und einer Stärke von 2/5 bietet Dir dieser Snus eine sanfte und langanhaltende Wirkung. Die Slim Pouches sind ideal für den diskreten und komfortablen Genuss.</p>
<p>Après No.5 Ice Tea Peach ist ein Genuss für die Sinne. Der Geschmack von süssem Pfirsich und einem Hauch von schwarzem Tee sorgt für ein vollmundiges Eistee-Erlebnis. Es ist fast so, als hättest Du eine grosse Karaffe Eistee direkt in einen weichen kleinen Beutel gegossen.</p>",No.5 Ice Tea Peach AW,Unisex,,,,,,,https://cdn.shopify.com/s/files/1/0072/0646/9679/files/apres-no-5-ice-tea-peach-aw-2023.png,,,,,5.20,0.00,1,G,1,IN,3,3,3,,,,
,,AP-5005-1,Unisex,Title,Default Title,,,,,,,,,,5.20,0.00,1,G,1,IN,3,3,3,,,Après,No.5 Ice Tea Peach AW
No.4 Cola AW,"<p>Entdecke Après No.4 Cola All White Slim– Dein neuer Favorit für ein sanftes und erfrischendes Nikotinerlebnis. Mit einer Stärke von 2/5 und einem Nikotingehalt von 8 mg/g bietet Dir dieser Snus eine angenehme und langanhaltende Wirkung. Die Slim Beutel enthalten insgesamt 11g Tabakersatz pro Dose und sind ideal für diskreten und bequemen Genuss.</p>
<p>Après No.4 Cola AW Slim verspricht einen Geschmack, der die Nostalgie von Cola einfängt, wie wir sie alle kennen und lieben. Dieses sinnliche Erlebnis bietet Dir die perfekte Mischung aus vertrautem Cola-Geschmack und belebender Frische, ein Genuss, der am liebsten nie enden sollte.</p>
<p>Geniesse den nostalgischen Cola-Geschmack von Après No.4 Cola All White Slim und erlebe die perfekte Kombination aus Frische und Leichtigkeit. Bestelle jetzt online und entdecke Après für Dich.</p>",No.4 Cola AW,Unisex,,,,,,,https://cdn.shopify.com/s/files/1/0072/0646/9679/files/apres-no-4-cola-aw-2023.png,,,,,5.20,0.00,1,G,1,IN,3,3,3,,,,
,,AP-4005-1,Unisex,Title,Default Title,,,,,,,,,,5.20,0.00,1,G,1,IN,3,3,3,,,Après,No.4 Cola AW
No.5 Ice Tea Peach X-Strong AW,"<p>Entdecke Après No.5 Ice Tea Peach X-Strong All White – Dein köstlicher Begleiter für ein kräftiges und erfrischendes Nikotinerlebnis. Mit einem Nikotingehalt von 15 mg/g und einer Stärke von 2/5 bietet Dir dieser Snus eine sanfte und langanhaltende Wirkung. Die Slim Pouches sind ideal für den diskreten und komfortablen Genuss.</p>
<p>Après No.5 Ice Tea Peach X-Strong ist ein Genuss für die Sinne. Der Geschmack von süssem Pfirsich und einem Hauch von schwarzem Tee sorgt für ein vollmundiges Eistee-Erlebnis. Es ist fast so, als hättest Du eine grosse Karaffe Eistee direkt in einen weichen kleinen Beutel gegossen.</p>",No.5 Ice Tea Peach X-Strong AW,Unisex,,,,,,,https://cdn.shopify.com/s/files/1/0072/0646/9679/files/apres-no-5-ice-tea-peach-x-strong-aw-2023.png,,,,,5.20,,1,G,26000,IN,3,3,3,,,,
,,AP-5105-1,Unisex,Title,Default Title,,,,,,,,,,5.20,,1,G,26000,IN,3,3,3,,,Après,No.5 Ice Tea Peach X-Strong AW
No.2 Mint AW,"<p>Entdecke Après No.2 Mint All White Mint – Dein erfrischender Begleiter für ein leichtes und angenehmes Nikotinerlebnis. Mit einer Stärke von 2/5 und einem Nikotingehalt von 8 mg/g bietet Dir dieser Snus eine sanfte und wohltuende Wirkung. Der frische Minzgeschmack sorgt für ein süsses und belebendes Aroma, das Deine Sinne erfrischt.</p>
<p>Après No.2 Mint schmeckt so, wie eine Minze schmecken sollte – süss, frisch und mit einem Hauch Pfefferminze, der Dir ein anhaltendes Gefühl von Vitalität verleiht. Diese Kombination sorgt für ein langanhaltendes, erfrischendes Erlebnis, das perfekt für den täglichen Gebrauch geeignet ist.</p>
<p>Geniesse den frischen Minzgeschmack von Après No.2 Mint All White Mint und erlebe die perfekte Kombination aus Leichtigkeit und Frische. Bestelle jetzt online und entdecke, warum Après die bevorzugte Wahl für Snus-Liebhaber ist. Gönn Dir diesen erfrischenden und vitalisierenden Genuss und bringe neue Frische in Deinen Alltag!</p>
<!---->",No.2 Mint AW,Unisex,,,,,,,https://cdn.shopify.com/s/files/1/0072/0646/9679/files/apres-no-2-mint-aw.png,,,,,5.20,,1,G,1,IN,3,3,3,,,,
,,AP-2005-1,Unisex,Title,Default Title,,,,,,,,,,5.20,,1,G,1,IN,3,3,3,,,Après,No.2 Mint AW
No.3 Lemon Curd AW,"<p>Erlebe Après No.3 Lemon Curd All White – Dein erfrischender Begleiter für ein sanftes und belebendes Nikotinerlebnis. Mit einem Nikotingehalt von 8 mg/g und einer Stärke von 2/5 bietet Dir dieser Snus eine angenehme und langanhaltende Wirkung. Die 20 Slim Beutel enthalten insgesamt 11g Tabakersatz und sorgen für einen diskreten und komfortablen Genuss.</p>
<p>Après No.3 Lemon Curd AW wurde entwickelt, um das Gefühl einer frisch gepflückten Zitrone aus den Feldern Argentiniens einzufangen. Der intensive, frische Duft beim Öffnen der Dose sorgt für eine sensorische Explosion und bietet Dir die perfekte Mischung aus süss und sauer.</p>
<p>Geniesse den erfrischenden Zitronengeschmack von Après No.3 Lemon Curd All White. Gönn Dir diesen spritzigen und belebenden Genuss und bringe neue Frische in Deinen Alltag!</p>",No.3 Lemon Curd AW,Unisex,,,,,,,https://cdn.shopify.com/s/files/1/0072/0646/9679/files/apres-no-3-lemon-curd-aw-2023.png,,,,,5.20,0.00,1,G,1,IN,3,3,3,,,,
,,AP-3005-1,Unisex,Title,Default Title,,,,,,,,,,5.20,0.00,1,G,1,IN,3,3,3,,,Après,No.3 Lemon Curd AW
No.1 Menthol X-Strong AW,"<p>Tauche ein in das erfrischende Erlebnis von <a href=""https://snushus.ch/collections/apres-snus"">Après</a> No.1 Menthol Extra Strong All White – Dein starker Partner für ein belebendes Nikotinerlebnis. Mit einem hohen Nikotingehalt von 15 mg/g und einer Stärke von 3/5 liefert dieser Snus eine kräftige und anhaltende Wirkung. Die Dose enthält 20 Beutel, die ideal für den täglichen Gebrauch und den diskreten Genuss unterwegs sind.</p>
<p>Après No.1 Menthol Extra Strong ist genau das, wonach Du suchst – ein erfrischendes Mentholerlebnis, das ein frisches Gefühl auf den Lippen hinterlässt. Klappe den Deckel auf, lehne Dich zurück und geniesse die Kraft der Zermatter Bergwelt. Der kraftvolle Mentholgeschmack und die starke Nikotinwirkung machen diesen Snus zur perfekten Wahl für jeden Moment.</p>
<p>Geniesse den intensiven Mentholgeschmack von Après No.1 Menthol Extra Strong All White und erlebe die perfekte Kombination aus Stärke und Frische. Bestelle jetzt online und entdecke, warum Après die bevorzugte Wahl für Snus-Liebhaber ist. Gönn Dir diesen starken und belebenden Genuss und bringe Frische in Deinen Alltag!</p>",No.1 Menthol X-Strong AW,Unisex,,,,,,,https://cdn.shopify.com/s/files/1/0072/0646/9679/files/apres-no-1-mentol-extra-strong-aw.png,,,,,5.20,,1,G,1,IN,3,3,3,,,,
,,AP-1005-1,Unisex,Title,Default Title,,,,,,,,,,5.20,,1,G,1,IN,3,3,3,,,Après,No.1 Menthol X-Strong AW
No.8 Raspberry Liqorice AW,"<p>Entdecke Après No.8 Raspberry-Liquorice All White Slim – Dein starker Begleiter für ein einzigartiges und belebendes Nikotinerlebnis. Mit einem Nikotingehalt von 8 mg/g und einer Stärke von 3/5 bietet Dir dieser Snus eine kraftvolle und langanhaltende Wirkung. Die 20 Slim Beutel sorgen für einen diskreten und komfortablen Genuss.</p>
<p>Après No.8 Himbeer-Lakritz vereint die bewährte Geschmackskombination aus süssen Himbeeren und würzigem Lakritz. Dieses harmonische Zusammenspiel verleiht Dir ein unvergleichliches Geschmackserlebnis.</p>
<p>Geniesse die perfekte Balance aus Himbeeren und Lakritz mit Après No.8 Himbeer-Lakritz und erlebe die Vorteile eines tabakfreien Nikotinerlebnisses. </p>",No.8 Raspberry Liqorice AW,Unisex,,,,,,,https://cdn.shopify.com/s/files/1/0072/0646/9679/files/apres-no-8-Raspberry-Liqorice-aw_479f4086-edc1-4843-87e3-fec337a346d2.png,,,,,5.20,0.00,1,G,26000,IN,3,3,3,,,,
,,AP-8005-1,Unisex,Title,Default Title,,,,,,,,,,5.20,0.00,1,G,26000,IN,3,3,3,,,Après,No.8 Raspberry Liqorice AW
No.8 Raspberry Liqorice AW Mini,"<p>Entdecke Après No.8 Raspberry-Liquorice AW Mini – Dein starker Begleiter für ein einzigartiges und belebendes Nikotinerlebnis. Mit einem Nikotingehalt von 8 mg/g und einer Stärke von 3/5 bietet Dir dieser Snus eine kraftvolle und langanhaltende Wirkung. Die 20 Slim Beutel sorgen für einen diskreten und komfortablen Genuss.</p>
<p>Après No.8 Himbeer-Lakritz vereint die bewährte Geschmackskombination aus süssen Himbeeren und würzigem Lakritz. Dieses harmonische Zusammenspiel verleiht Dir ein unvergleichliches Geschmackserlebnis.</p>
<p>Geniesse die perfekte Balance aus Himbeeren und Lakritz mit Après No.8 Himbeer-Lakritz und erlebe die Vorteile eines tabakfreien Nikotinerlebnisses. </p>
<div class=""info"">
<div class=""info"">
<div class=""item flex"">
<div class=""title""><br></div>
</div>
</div>
</div>",No.8 Raspberry Liqorice AW Mini,Unisex,,,,,,,https://cdn.shopify.com/s/files/1/0072/0646/9679/files/apres-no-8-Raspberry-Liqorice-mini-aw.png,,,,,5.20,0.00,1,G,26,IN,3,3,3,,,,
,,AP-8015-1,Unisex,Title,Default Title,,,,,,,,,,5.20,0.00,1,G,26,IN,3,3,3,,,Après,No.8 Raspberry Liqorice AW Mini
No.1 Menthol AW Mini,"<p>Entdecke <a href=""https://snushus.ch/collections/apres-snus"">Après</a> No.1 Menthol All White Mini – Dein erfrischender Begleiter für ein sanftes und belebendes Nikotinerlebnis. Mit einer Stärke von 1/5 und einem Nikotingehalt von 8 mg/g bietet Dir dieser Snus eine leichte und langanhaltende Wirkung. Die Mini Beutel sind ideal für diskreten und komfortablen Genuss, jede Dose enthält 8g Tabakersatz.</p>
<p>Après No.1 Menthol Mini ist genau das, wonach Du suchst – ein erfrischendes Mentholerlebnis, das ein frisches Gefühl auf den Lippen hinterlässt. Klappe den Deckel auf, lehne Dich zurück und geniesse die Kraft der Zermatter Bergwelt. Die einzigartige Kombination aus Menthol und dem praktischen Mini-Format macht diesen Snus zur perfekten Wahl für jeden Moment.</p>
<p>Geniesse den erfrischenden Mentholgeschmack von Après No.1 Menthol All White Mini und erlebe die perfekte Kombination aus Leichtigkeit und Frische. Bestelle jetzt online und entdecke, warum Après die bevorzugte Wahl für Snus-Liebhaber ist. Gönn Dir diesen sanften und belebenden Genuss und bringe Frische in Deinen Alltag!</p>",No.1 Menthol AW Mini,Unisex,,,,,,,https://cdn.shopify.com/s/files/1/0072/0646/9679/files/apres-no-1-mentol-mini-aw.png,,,,,5.20,0.00,1,G,1,IN,3,3,3,,,,
,,AP-1015-1,Unisex,Title,Default Title,,,,,,,,,,5.20,0.00,1,G,1,IN,3,3,3,,,Après,No.1 Menthol AW Mini
No.6 Appletini X-Strong AW,"<p>Entdecke Après No.6 Appletini X-Strong All White – Dein idealer Begleiter für ein erfrischendes und sanftes Nikotinerlebnis. Mit einer Stärke von 5/5 und einem Nikotingehalt von 15 mg/g bietet Dir dieser Snus eine angenehme und langanhaltende Wirkung.</p>
<p>Gib Deiner Nacht einen Cocktail-Kick mit Appletini von Après. Geniesse den unglaublichen Geschmack saftiger Äpfel und probiere den knackigen und fruchtig-kräftigen Extrakt. Dieses erfrischende Aroma sorgt dafür, dass Deine Nacht zu einem unvergesslichen Erlebnis wird!</p>
<p>Geniesse den fruchtigen Apfelgeschmack von Après No.6 Appletini X-Strong All White und erlebe die perfekte Kombination aus Frische und Leichtigkeit. Gönn Dir diesen spritzigen und belebenden Genuss.</p>",No.6 Appletini X-Strong AW,Unisex,,,,,,,https://cdn.shopify.com/s/files/1/0072/0646/9679/files/apres-no-6-appletini-aw.png,,,,,5.20,,1,G,13,IN,3,3,3,,,,
,,AP-9005-1,Unisex,Title,Default Title,,,,,,,,,,5.20,,1,G,13,IN,3,3,3,,,Après,No.6 Appletini X-Strong AW
No.7 Very Berry AW,"<p>Entdecke Après No.7 Very Berry All White – Dein fruchtiger Begleiter für ein leichtes und erfrischendes Nikotinerlebnis. Mit einer Stärke von 2/5 und einem Nikotingehalt von 8 mg/g bietet Dir dieser Snus eine angenehme und langanhaltende Wirkung. Der köstliche Beerengeschmack sorgt für ein erfrischendes und fruchtiges Aroma, das Deine Sinne belebt.</p>
<p>Geniesse den einzigartigen Geschmack von No.7 Very Berry. Die aromatische Mischung aus verschiedenen Beerennoten verleiht Dir ein unvergleichliches Geschmackserlebnis. Lass Dich vom fruchtigen Aroma verzaubern und erlebe eine neue Art des tabakfreien Nikotingenusses.</p>
<p>Bestelle jetzt Deinen Après No.7 Very Berry All White online und entdecke die perfekte Kombination aus Frische und Fruchtigkeit. Erfahre, warum Après die bevorzugte Wahl für Snus-Liebhaber ist. Gönn Dir diesen erfrischenden und belebenden Genuss und bringe neue Frische in Deinen Alltag!</p>",No.7 Very Berry AW,Unisex,,,,,,,https://cdn.shopify.com/s/files/1/0072/0646/9679/files/apres-no-7-Very-Berry-aw.png,,,,,5.20,0.00,1,G,13,IN,3,3,3,,,,
,,AP-1105-1,Unisex,Title,Default Title,,,,,,,,,,5.20,0.00,1,G,13,IN,3,3,3,,,Après,No.7 Very Berry AW
No.3 Lemon Curd X-Strong AW,"<p>Erlebe Après No.3 Lemon Curd X-Strong All White – Dein erfrischender Begleiter für ein kräftiges und belebendes Nikotinerlebnis. Mit einem Nikotingehalt von 15 mg/g und einer Stärke von 4/5 bietet Dir dieser Snus eine angenehme und langanhaltende Wirkung. Die 20 Slim Beutel enthalten insgesamt 11g Tabakersatz und sorgen für einen diskreten und komfortablen Genuss. Der Klassiker von <span data-mce-fragment=""1"">Après n</span>un auch in Extra Stark erhältlich.</p>
<p>Après No.3 Lemon Curd X-Strong AW wurde entwickelt, um das Gefühl einer frisch gepflückten Zitrone aus den Feldern Argentiniens einzufangen. Der intensive, frische Duft beim Öffnen der Dose sorgt für eine sensorische Explosion und bietet Dir die perfekte Mischung aus süss und sauer.</p>
<p>Geniesse den erfrischenden Zitronengeschmack von Après No.3 Lemon Curd All White. Gönn Dir diesen spritzigen und belebenden Genuss und bringe neue Frische in Deinen Alltag!</p>",No.3 Lemon Curd X-Strong AW,Unisex,,,,,,,https://cdn.shopify.com/s/files/1/0072/0646/9679/files/apres-no-3-Lemon-Curd-x-strong-aw.png,,,,,5.20,0.00,1,G,13,IN,3,3,3,,,,
,,AP-3105-1,Unisex,Title,Default Title,,,,,,,,,,5.20,0.00,1,G,13,IN,3,3,3,,,Après,No.3 Lemon Curd X-Strong AW
No.6 Appletini AW,"<p>Entdecke Après No.6 Appletini All White – Dein idealer Begleiter für ein erfrischendes und sanftes Nikotinerlebnis. Mit einer Stärke von 2/5 und einem Nikotingehalt von 8 mg/g bietet Dir dieser Snus eine angenehme und langanhaltende Wirkung.</p>
<p>Gib Deiner Nacht einen Cocktail-Kick mit Appletini von Après. Geniesse den unglaublichen Geschmack saftiger Äpfel und probiere den knackigen und fruchtig-kräftigen Extrakt. Dieses erfrischende Aroma sorgt dafür, dass Deine Nacht zu einem unvergesslichen Erlebnis wird!</p>
<p>Geniesse den fruchtigen Apfelgeschmack von Après No.6 Appletini All White und erlebe die perfekte Kombination aus Frische und Leichtigkeit. Gönn Dir diesen spritzigen und belebenden Genuss.</p>",No.6 Appletini AW,Unisex,,,,,,,https://cdn.shopify.com/s/files/1/0072/0646/9679/files/apres-no-6-appletini-extra-strong-aw.png,,,,,5.20,,1,G,1,IN,3,3,3,,,,
,,AP-9105-1,Unisex,Title,Default Title,,,,,,,,,,5.20,,1,G,1,IN,3,3,3,,,Après,No.6 Appletini AW
No.4 Après Cola AW Mini,"<p>Entdecke Après No.4 Cola All White Mini – Dein neuer Favorit für ein sanftes und erfrischendes Nikotinerlebnis. Mit einer Stärke von 2/5 und einem Nikotingehalt von 8 mg/g bietet Dir dieser Snus eine angenehme und langanhaltende Wirkung. Die Mini Beutel enthalten insgesamt 8g Tabakersatz pro Dose und sind ideal für diskreten und bequemen Genuss.</p>
<p>Après No.4 Cola Mini verspricht einen Geschmack, der die Nostalgie von Cola einfängt, wie wir sie alle kennen und lieben. Dieses sinnliche Erlebnis bietet Dir die perfekte Mischung aus vertrautem Cola-Geschmack und belebender Frische, ein Genuss, der am liebsten nie enden sollte.</p>
<p>Geniesse den nostalgischen Cola-Geschmack von Après No.4 Cola All White Mini und erlebe die perfekte Kombination aus Frische und Leichtigkeit. Bestelle jetzt online und entdecke Après für Dich.</p>",No.4 Après Cola AW Mini,Unisex,,,,,,,https://cdn.shopify.com/s/files/1/0072/0646/9679/files/apres-no-4-cola-mini-aw.png,,,,,5.20,0.00,1,G,26000,IN,3,3,3,,,,
,,AP-4015-1,Unisex,Title,Default Title,,,,,,,,,,5.20,0.00,1,G,26000,IN,3,3,3,,,Après,No.4 Après Cola AW Mini
No.9 Cactus Lime AW,"<p>Entdecke Après No.9 Cactus Lime All White Slim – Dein erfrischender Begleiter für ein leichtes und belebendes Nikotinerlebnis. Mit einer Stärke von 2/5 und einem Nikotingehalt von 8 mg/g bietet Dir dieser Snus eine sanfte und langanhaltende Wirkung. Die Slim Beutel sorgen für einen diskreten und komfortablen Genuss.</p>
<p>Après No.9 Cactus Lime ist eine einzigartige Mischung aus zwei besonderen Aromen – Kaktus und Limette. Diese Kombination schafft eine perfekte Harmonie zwischen der Trockenheit der Wüste und der Feuchtigkeit des tropischen Waldes. Das Geschmackserlebnis ist unvergleichlich und wird in einem weichen, kleinen Beutel geliefert, der sich perfekt für den täglichen Gebrauch eignet.</p>",No.9 Cactus Lime AW,Unisex,,,,,,,https://cdn.shopify.com/s/files/1/0072/0646/9679/files/apres-no-9-cactus-lime-aw.png,,,,,5.20,0.00,1,G,1,IN,3,3,3,,,,
,,AP-6005-1,Unisex,Title,Default Title,,,,,,,,,,5.20,0.00,1,G,1,IN,3,3,3,,,Après,No.9 Cactus Lime AW
No.10 Tangerine Spritz AW,"<p>Entdecke <a href=""https://snushus.ch/collections/apres-snus"" data-mce-href=""https://snushus.ch/collections/apres-snus"">Après</a> No.10 Tangerine Spritz All White – Dein perfekter Begleiter für ein leichtes und erfrischendes Nikotinerlebnis. Mit einem köstlichen Mandarinen-Geschmack und einer angenehmen Stärke von 2/5 bietet Dir dieser Snus eine sanfte und langanhaltende Wirkung. Die Dose enthält enthält 8 mg/g Nikotin.</p>
<p>Geniesse den erfrischenden Mandarinen-Geschmack von Après No.10 Tangerine Spritz All White und erlebe die perfekte Kombination aus Innovation und Qualität. Bestelle jetzt online und entdecke, warum Après die bevorzugte Wahl für anspruchsvolle Snus-Liebhaber ist. Gönn Dir diesen leichten und fruchtigen Genuss und bringe frische Abwechslung in Deinen Alltag!</p>
<!---->",No.10 Tangerine Spritz AW,Unisex,,,,,,,https://cdn.shopify.com/s/files/1/0072/0646/9679/files/apres-no-10-tangerine-spritz-aw.png,,,,,5.20,0.00,1,G,11,IN,3,3,3,,,,
,,AP-1205-1,Unisex,Title,Default Title,,,,,,,,,,5.20,0.00,1,G,11,IN,3,3,3,,,Après,No.10 Tangerine Spritz AW
Extreme WDP 500g Box,"<p>Soldat Extreme für die langen Tage auf dem Feld! Mit seinen unglaublichen 45 mg/g Nikotingehalt, gibt er jedem Snuser einen unverwechselbaren Kick welcher lange anhält. Unter der Lippe fühlen sich die Beutel sehr geschmeidig an und der Minz/Menthol Geschmack kommt angenehm zur Geltung. Jetzt auch in der beliebten 500g Box erhältlich!<br></p>",Extreme WDP 500g Box,Unisex,,,,,,,https://cdn.shopify.com/s/files/1/0072/0646/9679/files/soldat-black-extreme-white-dry-portion-500g-box.png,,,,,99.00,,1,G,600000,IN,3,3,3,,,,
,,SO-3025-1,Unisex,Title,Default Title,,,,,,,,,,99.00,,1,G,600000,IN,3,3,3,,,Soldat,Extreme WDP 500g Box
COLD AW,"<p class=""MsoNormal""><span lang=""DE-AT"" style=""mso-ansi-language: DE-AT;"">Der edel COLD ist in aller Munde und wurde bereits im ersten Jahr zum beliebtesten und meistverkauften All-White-Snus auf dem Schweizer Markt. Diese einzigartige Minz-Menthol-Mischung mit Frische-Booster und einem Nikotingehalt von 20 mg/g wurde speziell für die Vorlieben der heimischen Konsumenten entwickelt. Mit der erfrischenden Kraft des COLD bist du für alles gewappnet – jederzeit und überall.</span><span lang=""DE"" style=""mso-ansi-language: DE;""></span></p>",COLD AW,Unisex,,,,,,,https://cdn.shopify.com/s/files/1/0072/0646/9679/files/edelsnus_PP_Top_Cold_wo_Shadow.png,,,,,5.90,,1,G,14,IN,3,3,3,,,,
,,ED-1010-1,Unisex,Title,Default Title,,,,,,,,,,5.90,,1,G,14,IN,3,3,3,,,edel,COLD AW
ONYX AW,"Der edel ONYX ist das bisher stärkste All White Produkt auf dem Schweizer Markt. Eine Mischung saftiger Bergkräuter mit einem Hauch von Eukalyptus. ONYX ist nichts für schwache Gemüter, aber trotzdem unglaublich lecker. Bist du bereit für den Kick?",ONYX AW,Unisex,,,,,,,https://cdn.shopify.com/s/files/1/0072/0646/9679/files/edelsnus_PP_Top_Onyx_wo_Shadow.png,,,,,5.90,0.00,1,G,28000,IN,3,3,3,,,,
,,ED-9010-1,Unisex,Title,Default Title,,,,,,,,,,5.90,0.00,1,G,28000,IN,3,3,3,,,edel,ONYX AW
Mighty Peppermint AW,"<p>Erlebe <a href=""https://snushus.ch/collections/velo-snus"">VELO</a> Mighty Peppermint All White – Dein erfrischender Begleiter für ein kraftvolles Nikotinerlebnis. Mit einer Stärke von 4/5 und einem hohen Nikotingehalt von 15,6 mg/g bietet Dir dieser Snus eine starke und langanhaltende Wirkung. Die 20 Slim Beutel sind perfekt für den diskreten und bequemen Genuss.</p>
<p>Erlebe mit VELO Mighty Peppermint AW eine erfrischende Neuheit! <strong>Der altbekannte Velo Freeze AW wurde aufgewertet und erstrahlt nun im neuen Design</strong>.</p>
<p>Die VELO Beutel, auf aromatisierter Zellulosebasis und völlig frei von Tabak, kommen im Slim Format. Ohne Tabak bedeutet kein Tabakgeruch und keine Tabakschadstoffe – weltweit gibt es derzeit keine weniger schädliche Art, Nikotin zu konsumieren.</p>
<p>All White Snus / Nicotine Pouches bieten sich besonders für Raucher an, die mit herkömmlichen Methoden zur Rauchentwöhnung wie Nikotinpflastern, Nikotinkaugummis oder Nikotinsprays wenig Erfolg haben. VELO Mighty Peppermint kombiniert einen kühlenden Minzgeschmack mit einem hohen Nikotingehalt und sorgt so für ein belebendes und erfrischendes Aroma.</p>
<p>Geniesse die kraftvolle Frische von VELO Mighty Peppermint All White und erlebe die Vorteile eines tabakfreien Nikotinerlebnisses. Bestelle jetzt online und entdecke, warum VELO die bevorzugte Wahl für Snus-Liebhaber ist. Gönn Dir diesen intensiven Genuss und bringe Frische in Deinen Alltag!</p>
<div class=""info"">
<div class=""info"">
<div class=""item flex"">
<div class=""title"">
<p>EPOK, LYFT oder VELO? <a href=""https://snushus.ch/blogs/snusbuch/epok-und-lyft-werden-ersetzt-mit-velo"">Hier findest Du alle Informationen zu diesem Thema!</a></p>
</div>
</div>
</div>
</div>",Mighty Peppermint AW,Unisex,,,,,,,https://cdn.shopify.com/s/files/1/0072/0646/9679/files/Velo-Mighty-Peppermint-4.png,https://cdn.shopify.com/s/files/1/0072/0646/9679/files/velo-mighty-peppermint_8b1d59b0-561c-4753-91a9-54f7735fa305.png,,,,5.20,,1,G,14,IN,3,3,3,,,,
,,VE-1005-1,Unisex,Title,Default Title,,,,,,,,,,5.20,,1,G,14,IN,3,3,3,,,VELO (SE),Mighty Peppermint AW
Cold Extreme WDP,"<meta charset=""utf-8"">
<div class=""item flex "">
<div class=""title""></div>
</div>
<div class=""item flex "">
<div class=""info"">
<p>Oden's Cold Extreme WDP (<strong>White Dry Portion</strong>) ist ein eiskalter Portionssnus mit einer minzigen Frische. Ganz besonders tritt ein Geschmack von Spearmint aus dem ansonsten traditionellen, erdnahen Tabakgeschmack hervor. Oden's Cold Dry ist ein sogenannter trockener Portionssnus, der nicht rinnt und ein noch erfrischenderes Gefühl bietet als andere Snus dieser Serie. Odens zählt zusammen mit <a href=""https://snushus.ch/collections/siberia"" title=""Siberia"">Siberia </a>zu den beliebtesten Snusmarken der Schweiz. Bei Fragen, Wünschen oder Anregungen kannst du uns gerne auf der <a href=""https://snushus.ch/pages/kontakt"" title=""Kontakt"">Kontaktseite</a> schreiben.</p>
</div>
<div class=""info""></div>
<div class=""info"">
<div class=""info"">
<div class=""item flex ""></div>
</div>
</div>
</div>",Cold Extreme WDP,Unisex,,,,,,,https://cdn.shopify.com/s/files/1/0072/0646/9679/files/Snus_Container_Top_View_Odens_Cold_Dry.png,,,,,4.80,,1,G,30,IN,3,3,3,,,,
,,OD-1005-1,Unisex,Title,Default Title,,,,,,,,,,4.80,,1,G,30,IN,3,3,3,,,Oden's,Cold Extreme WDP
Africaine Bentchikou,<span>Makla Kautabake werden alle ohne künstliche Aroma- und Zusatzstoffe nach traditionellen Rezepturen hergestellt. Nimm mit den Fingern eine Portion heraus und kneten es zu einer kleinen Kugel. Platziere die Kugel dann unter Deiner Oberlippe. Der Makla Kautabak entfaltet seine volle Wirkung nach ca. 15 bis 60 Minuten. </span><br>,Africaine Bentchikou,Unisex,,,,,,,https://cdn.shopify.com/s/files/1/0072/0646/9679/products/Makla_Africaine_Bentchikousized.png,,,,,5.00,0.00,1,G,30000,IN,3,3,3,,,,
,,MA-1000-1,Unisex,Title,Default Title,,,,,,,,,,5.00,0.00,1,G,30000,IN,3,3,3,,,Makla,Africaine Bentchikou
Rot -80 Degrees WDP,"<meta charset=""utf-8"">
<div class=""item flex"">
<div class=""title"">
<div class=""info"">
<p>Siberia White Dry ist ein Portionssnus mit einem sehr deutlichen Minzgeschmack und erscheint in trockenen Portionen mit niedrigerem Feuchtigkeitsgehalt, weshalb er auch weniger rinnt. Dieser Snus hat einen extrem hohen Nikotingehalt und eine Portion enthält mehr als fünfmal so viel Nikotin wie normal starker Snus (8 mg/g). Wird Menschen, die Nikotin gegenüber empfindlich sind, weniger empfohlen. Siberia zählt zusammen mit <a href=""https://snushus.ch/collections/odens"" title=""Odens"">Oden‘s</a> zu den beliebtesten Snusmarken der Schweiz. <span>Bei Fragen, Wünschen oder Anregungen </span><span>kannst du </span><span>uns </span><span>gerne auf der </span><span></span><a href=""https://snushus.ch/pages/kontakt"" title=""Kontakt"">Kontaktseite</a><span> s</span><span>chreiben</span><span>.</span></p>
</div>
</div>
</div>
<div class=""item flex""></div>",Rot -80 Degrees WDP,Unisex,,,,,,,https://cdn.shopify.com/s/files/1/0072/0646/9679/files/Snus_Container_Top_View_Siberia_White_Dry.png,,,,,5.20,,1,G,30,IN,3,3,3,,,,
,,SI-1005-1,Unisex,Title,Default Title,,,,,,,,,,5.20,,1,G,30,IN,3,3,3,,,Siberia,Rot -80 Degrees WDP
No.5 Ice Tea Peach AW,"<p>Entdecke Après No.5 Ice Tea Peach All White Slim – Dein köstlicher Begleiter für ein leichtes und erfrischendes Nikotinerlebnis. Mit einem Nikotingehalt von 8 mg/g und einer Stärke von 2/5 bietet Dir dieser Snus eine sanfte und langanhaltende Wirkung. Die Slim Pouches sind ideal für den diskreten und komfortablen Genuss.</p>
<p>Après No.5 Ice Tea Peach ist ein Genuss für die Sinne. Der Geschmack von süssem Pfirsich und einem Hauch von schwarzem Tee sorgt für ein vollmundiges Eistee-Erlebnis. Es ist fast so, als hättest Du eine grosse Karaffe Eistee direkt in einen weichen kleinen Beutel gegossen.</p>",No.5 Ice Tea Peach AW,Unisex,,,,,,,https://cdn.shopify.com/s/files/1/0072/0646/9679/files/apres-no-5-ice-tea-peach-aw-2023.png,,,,,5.20,0.00,1,G,1,IN,3,3,3,,,,
,,AP-5005-1,Unisex,Title,Default Title,,,,,,,,,,5.20,0.00,1,G,1,IN,3,3,3,,,Après,No.5 Ice Tea Peach AW
Mini Cool Mint 9mg AW,"ZYN Mini Cool Mint ist treffend benannt - es liefert einen kühlenden Mentholgeschmack mit Noten von Pfefferminze. Die Beutel sind trocken und beginnen Geschmack und Nikotin zu liefern, sobald sie ein wenig feucht werden.",Mini Cool Mint 9mg AW,Unisex,,,,,,,https://cdn.shopify.com/s/files/1/0072/0646/9679/products/zyn-mini-cool-mint-9mg-aw.png,,,,,1.99,0.00,1,G,1,IN,3,3,3,,,,
,,ZY-1205-1,Unisex,Title,Default Title,,,,,,,,,,1.99,0.00,1,G,1,IN,3,3,3,,,ZYN,Mini Cool Mint 9mg AW
Crispy Peppermint AW,"<p>Erlebe <a href=""https://snushus.ch/collections/velo-snus"">VELO</a> Crispy Peppermint AW – Dein erfrischender Begleiter für ein belebendes Nikotinerlebnis. Mit einem Minzgeschmack und einer Stärke von 3/5 bietet Dir dieser Snus eine angenehme und langanhaltende Wirkung. Die 20 Slim-Beutel pro Schachtel sind ideal für den diskreten und bequemen Genuss. Der Nikotingehalt von 14 mg/g überzeugt Dich.</p>
<p>Erlebe mit dem VELO Crispy Peppermint AW eine erfrischende Neuheit! <strong>Der altbekannte Velo Ice Cool Strong AW</strong> wurde aufgewertet und erstrahlt nun unter dem neuen Design.</p>
<p>Auf aromatisierter Zellulosebasis und völlig frei von Tabak kommen auch die VELO Beutel im Slim Format. Ohne Tabak bedeutet ohne gewöhnungsbedürftigen Tabakgeruch sowie ohne jegliche Tabakschadstoffe – weltweit gibt es aktuell keine weniger schädliche Art, Nikotin zu konsumieren.</p>
<p>All White Nicotine Pouches bieten sich deshalb vor allem Rauchern an, die mit herkömmlichen Methoden zur Rauchentwöhnung wie Nikotinpflastern, Nikotinkaugummis oder Nikotinsprays nichts anfangen können. VELO Crispy Peppermint AW bietet eine erfrischende Kombination aus Minzgeschmack und sanfter Stärke, perfekt für den täglichen Gebrauch.</p>
<p>Geniesse die frische Pfefferminze von VELO Crispy Peppermint AW und erlebe die Vorteile eines tabakfreien Nikotinerlebnisses. Bestelle jetzt online und entdecke, warum VELO die bevorzugte Wahl für Nicotine Pouch-Liebhaber ist. Gönn Dir diesen erfrischenden Genuss und bringe Frische in Deinen Alltag!</p>
<p><a href=""https://snushus.ch/blogs/snusbuch/epok-und-lyft-werden-ersetzt-mit-velo"">EPOK, LYFT oder VELO? Hier findest Du alle Informationen zu diesem Thema!</a></p>",Crispy Peppermint AW,Unisex,,,,,,,https://cdn.shopify.com/s/files/1/0072/0646/9679/files/Velo-crispy-Peppermint-2024_e3a020fd-a282-4a3f-8c23-19b6201d014a.png,https://cdn.shopify.com/s/files/1/0072/0646/9679/files/velo-crispy-peppermint_14395c0a-747d-41a3-b4bd-5435fad2ec24.png,,,,5.20,,1,G,14,IN,3,3,3,,,,
,,VE-6005-1,Unisex,Title,Default Title,,,,,,,,,,5.20,,1,G,14,IN,3,3,3,,,VELO (SE),Crispy Peppermint AW
Rot -80 Degrees WDP 500g Box,"<meta charset=""utf-8"">
<div class=""item flex "">
<div class=""title"">
<div class=""info"">
<span>Siberia White Dry ist ein Portionssnus mit einem sehr deutlichen Minzgeschmack und erscheint in trockenen Portionen mit niedrigerem Feuchtigkeitsgehalt, weshalb er auch weniger rinnt. Dieser Snus hat einen extrem hohen Nikotingehalt und eine Portion enthält mehr als fünfmal so viel Nikotin wie normal starker Snus (8 mg/g). Wird Menschen, die Nikotin gegenüber empfindlich sind, weniger empfohlen. Siberia zählt zusammen mit </span><a href=""https://snushus.ch/collections/odens"" title=""Odens"">Oden‘s</a><span> zu den beliebtesten Snusmarken der Schweiz. </span><span>Bei Fragen, Wünschen oder Anregungen </span><span>kannst du </span><span>uns </span><span>gerne auf der </span><span></span><a href=""https://snushus.ch/pages/kontakt"" title=""Kontakt"">Kontaktseite</a><span> s</span><span>chreiben</span><span>.</span><br>
</div>
<div class=""info"">
<div class=""info"">
<div class=""item flex "">
<div class=""title""><br></div>
</div>
</div>
</div>
</div>
</div>
<div class=""item flex ""></div>",Rot -80 Degrees WDP 500g Box,Unisex,,,,,,,https://cdn.shopify.com/s/files/1/0072/0646/9679/files/siberia-red-white-dry-portion-box_69687748-e850-4fc3-9cf0-e1238bdc67a5.png,,,,,129.00,0.00,1,G,600,IN,3,3,3,,,,
,,SI-1025-1,Unisex,Title,Default Title,,,,,,,,,,129.00,0.00,1,G,600,IN,3,3,3,,,Siberia,Rot -80 Degrees WDP 500g Box
Rot -80 Degrees WDP Slim,"<div class=""info"">
<div class=""info"">
<p>Siberia White Dry ist ein Portionssnus mit einem sehr deutlichen Minzgeschmack und erscheint in trockenen Portionen mit niedrigerem Feuchtigkeitsgehalt, weshalb er auch weniger rinnt. Dieser Snus hat einen extrem hohen Nikotingehalt und eine Portion enthält mehr als fünfmal so viel Nikotin wie normal starker Snus (8 mg/g). Wird Menschen, die Nikotin gegenüber empfindlich sind, weniger empfohlen. Siberia zählt zusammen mit <a href=""https://snushus.ch/collections/odens"" title=""Oden´s"">Oden‘s</a> zu den beliebtesten Snusmarken der Schweiz.<span> Bei Fragen, Wünschen oder Anregungen kannst du uns gerne auf der </span><span></span><a href=""https://snushus.ch/pages/kontakt"" title=""Kontakt"">Kontaktseite<span> </span></a><span>schreiben. </span></p>
</div>
<div class=""info"">
<div class=""info"">
<div class=""item flex ""></div>
</div>
</div>
</div>
<div class=""info"">
<div class=""info"">
<div class=""item flex ""></div>
</div>
</div>",Rot -80 Degrees WDP Slim,Unisex,,,,,,,https://cdn.shopify.com/s/files/1/0072/0646/9679/files/siberia-red-white-dry-slim-portion.png,,,,,5.20,,1,G,30,IN,3,3,3,,,,
,,SI-1015-1,Unisex,Title,Default Title,,,,,,,,,,5.20,,1,G,30,IN,3,3,3,,,Siberia,Rot -80 Degrees WDP Slim
Berry Frost X-Strong AW,"<p>Berry Frost X-Strong heisst neu Icy Berries, <a href=""https://snushus.ch/products/velo-icy-berries-aw-slim"">hier gehts zum neuen Produkt</a>!</p>
<p>Kühlender Geschmack von süssen Himbeeren, Heidelbeeren und Brombeeren mit leicht würzigen Tönen.</p>
<p>EPOK, LYFT oder VELO?! <br>Weitere Informationen dazu findest Du in <a href=""https://snushus.ch/blogs/snusbuch/was-ist-all-white-snus"" target=""_blank"">unserem Blog</a>.</p>",Berry Frost X-Strong AW,Unisex,,,,,,,https://cdn.shopify.com/s/files/1/0072/0646/9679/files/velo-berry-frost-x-strong-aw.png,,,,,6.90,,1,G,14,IN,3,3,3,,,,
,,VE-4205-1,Unisex,Title,Default Title,,,,,,,,,,6.90,,1,G,14,IN,3,3,3,,,VELO (SK),Berry Frost X-Strong AW
BERRY AW,"<p class=""MsoNormal""><span lang=""DE-AT"" style=""mso-ansi-language: DE-AT;"">Bist du es leid, immer das Gleiche zu haben? Dann gönn dir doch mal etwas Besonderes mit edel BERRY. Diese Mischung aus köstlichen Waldbeeren und 10 mg/g Nikotin wird deine Sinne verzaubern und ist auch für Neueinsteiger geeignet. Erlebe einen neuen Geschmackshorizont!</span><span lang=""DE"" style=""mso-ansi-language: DE;""></span></p>",BERRY AW,Unisex,,,,,,,https://cdn.shopify.com/s/files/1/0072/0646/9679/files/edelsnus_PP_Top_Berry_wo_Shadow.png,,,,,5.90,0.00,1,G,14000,IN,3,3,3,,,,
,,ED-4010-1,Unisex,Title,Default Title,,,,,,,,,,5.90,0.00,1,G,14000,IN,3,3,3,,,edel,BERRY AW
Cold Extreme WDP Slim,"<meta charset=""utf-8"">
<div class=""item flex "">
<div class=""title""></div>
</div>
<div class=""item flex "">
<div class=""info"">
<div class=""info"">
<p>Oden's Extreme Cold Dry ist ein eiskalter Portionssnus mit einer minzigen Frische. Ganz besonders tritt ein Geschmack von Spearmint aus dem ansonsten traditionellen, erdnahen Tabakgeschmack hervor. Oden's Cold Dry ist ein sogenannter trockener Portionssnus, der nicht rinnt und ein noch erfrischenderes Gefühl bietet als andere Snus dieser Serie. Oden‘s zählt zusammen mit Siberia zu den beliebtesten Snusmarken der Schweiz.</p>
</div>
<div class=""info"">
<div class=""info"">
<div class=""item flex ""></div>
</div>
</div>
</div>
<div class=""info"">
<div class=""item flex ""></div>
</div>
</div>",Cold Extreme WDP Slim,Unisex,,,,,,,https://cdn.shopify.com/s/files/1/0072/0646/9679/files/odens-cold-extreme-white-dry-slim-portion.png,,,,,4.60,,1,G,30,IN,3,3,3,,,,
,,OD-1015-1,Unisex,Title,Default Title,,,,,,,,,,4.60,,1,G,30,IN,3,3,3,,,Oden's,Cold Extreme WDP Slim
Cold Extreme WDP 500g Box,"<meta charset=""utf-8"">
<div class=""item flex"">
<div class=""title"">
<div class=""info"">
<span>Oden's Cold Extreme WDP (</span><strong>White Dry Portion</strong><span>) ist ein eiskalter Portionssnus mit einer minzigen Frische. Ganz besonders tritt ein Geschmack von Spearmint aus dem ansonsten traditionellen, erdnahen Tabakgeschmack hervor. Oden's Cold Dry ist ein sogenannter trockener Portionssnus, der nicht rinnt und ein noch erfrischenderes Gefühl bietet als andere Snus dieser Serie. Odens zählt zusammen mit </span><a href=""https://snushus.ch/collections/siberia"" title=""Siberia"">Siberia<span> </span></a><span>zu den beliebtesten Snusmarken der Schweiz. Bei Fragen, Wünschen oder Anregungen kannst du uns gerne auf der </span><a href=""https://snushus.ch/pages/kontakt"" title=""Kontakt"">Kontaktseite</a><span> schreiben.</span>
</div>
<div class=""info"">
<div class=""info"">
<div class=""item flex""></div>
</div>
</div>
</div>
</div>
<div class=""item flex""></div>",Cold Extreme WDP 500g Box,Unisex,,,,,,,https://cdn.shopify.com/s/files/1/0072/0646/9679/products/odens-cold-extreme-white-dry-portion-box_0a9600d7-7d68-43ea-83dd-0cdfa830332f.png,,,,,109.00,0.00,1,G,600,IN,3,3,3,,,,
,,OD-1025-1,Unisex,Title,Default Title,,,,,,,,,,109.00,0.00,1,G,600,IN,3,3,3,,,Oden's,Cold Extreme WDP 500g Box
CITRUS AW,"<p class=""MsoNormal""><span lang=""DE-AT"" style=""mso-ansi-language: DE-AT;"">Diese harmonische Symphonie aus den beliebtesten Zitrusfrüchten, gepaart mit einem Nikotingehalt von 15mg/g, verleiht diesem All-White Snus eine unwiderstehliche Vollendung. Ein Hauch von Sonne, Strand und Meer lässt dich Tagträumen und verleiht deinem Moment der Entspannung eine Extraportion Frische.</span><span lang=""DE"" style=""mso-ansi-language: DE;""></span></p>",CITRUS AW,Unisex,,,,,,,https://cdn.shopify.com/s/files/1/0072/0646/9679/files/edelsnus_PP_Top_Citrus_wo_Shadow.png,,,,,5.90,,1,G,14,IN,3,3,3,,,,
,,ED-2010-1,Unisex,Title,Default Title,,,,,,,,,,5.90,,1,G,14,IN,3,3,3,,,edel,CITRUS AW
CBD MINT,"<p class=""MsoNormal""><span lang=""DE-AT"" style=""mso-ansi-language: DE-AT;"">Um dem Druck der modernen Gesellschaft standzuhalten, ist es wichtig, Momente der Entspannung zu finden. Daher präsentieren wir mit Stolz den weltweit ersten CBD ALL WHITE. Diese Minz-Mischung ist frei von Nikotin und enthält Cannabinoide (12mg/g CBD), die deinen easy Flow aufrechterhalten und das ohne Belastung der Lunge.</span><span lang=""DE"" style=""mso-ansi-language: DE;""></span></p>",CBD MINT,Unisex,,,,,,,https://cdn.shopify.com/s/files/1/0072/0646/9679/files/edelsnus_PP_Top_Mint_CBD_wo_Shadow.png,,,,,5.90,,1,G,14,IN,3,3,3,,,,
,,ED-5010-1,Unisex,Title,Default Title,,,,,,,,,,5.90,,1,G,14,IN,3,3,3,,,edel,CBD MINT
MELON AW,"<p class=""MsoNormal""><span lang=""DE-AT"" style=""mso-ansi-language: DE-AT;"">Vermisst du das erfrischende Gefühl einer saftigen Wassermelone? Dann ist der edel MELON mit seinem fruchtigen Aroma und einem Nikotingehalt von 15 mg/g genau das Richtige für dich. Kaugummi war gestern!</span><span lang=""DE"" style=""mso-ansi-language: DE;""></span></p>",MELON AW,Unisex,,,,,,,https://cdn.shopify.com/s/files/1/0072/0646/9679/files/edelsnus_PP_Top_Melon_wo_Shadow_a6003fed-4760-413e-8100-ea4462fb1d13.png,,,,,5.90,,1,G,14,IN,3,3,3,,,,
,,ED-3010-1,Unisex,Title,Default Title,,,,,,,,,,5.90,,1,G,14,IN,3,3,3,,,edel,MELON AW
Super Strong Eucalyptus WP,"<meta charset=""utf-8"">
<div class=""item flex"">
<div class=""title"">
<div class=""info"">
<p>General Super Strong Eucalyptus WP - Ein moderner Klassiker mit würzigem Tabak und einem klaren Geschmack von Eukalyptus und Pfefferminze. Ein kompromissloses Tabakerlebnis, das auf stolzer Tradition und Handwerkskunst aufbaut. Ein milder und würziger Tabakgeschmack mit deutlichen Noten von Eukalyptus und Pfefferminze.</p>
</div>
</div>
</div>
<div class=""item flex""></div>",Super Strong Eucalyptus WP,Unisex,,,,,,,https://cdn.shopify.com/s/files/1/0072/0646/9679/files/general-super-strong-eucalyptus-wp_cc3d8624-d787-4e2b-ae02-48dd4994a5f1.png,,,,,7.90,0.00,1,G,35000,IN,3,3,3,,,,
,,GE-7005-1,Unisex,Title,Default Title,,,,,,,,,,7.90,0.00,1,G,35000,IN,3,3,3,,,General,Super Strong Eucalyptus WP
Tropical Mango 150mg,"Mit <a href=""https://snushus.ch/collections/nikotinfreie-portion"" title=""CBD Pouches bestellen | Snushus.ch"">CBD</a> angereicherte Beutel mit kühler und subtiler Mango, die frisch, saftig aber nicht übermässig süss ist und an eine Reise auf eine exotische Insel erinnert. <span data-mce-fragment=""1"">Hergestellt mit allen natürlichen Zutaten (THC-Frei, Tabakfrei und Nikotinfrei). Rauchlos, diskret und schnell wirkend.</span><br>",Tropical Mango 150mg,Unisex,,,,,,,https://cdn.shopify.com/s/files/1/0072/0646/9679/files/CannadipsMangoTinFront_9f1a4014-69a9-4300-9abc-8b2c5a7e6e12.png,,,,,8.90,,1,G,30,IN,3,3,3,,,,
,,CD-4000-1,Unisex,Title,Default Title,,,,,,,,,,8.90,,1,G,30,IN,3,3,3,,,Cannadips,Tropical Mango 150mg
Natural Mint 150mg,"<p bis_size='{""x"":11,""y"":9,""w"":565,""h"":58,""abs_x"":667,""abs_y"":289}'><a href=""https://snushus.ch/collections/nikotinfreie-portion"" title=""Nikotinfreier Snus | Snushus.ch"" bis_size='{""x"":11,""y"":9,""w"":26,""h"":18,""abs_x"":667,""abs_y"":289}'>CBD</a> Portionsbeutelchen mit einem balancierten Geschmack von süsser und frischer Minze. <span data-mce-fragment=""1"" bis_size='{""x"":11,""y"":29,""w"":521,""h"":38,""abs_x"":667,""abs_y"":309}'>Hergestellt mit allen natürlichen Zutaten (THC-Frei, Tabakfrei und Nikotinfrei). Rauchlos, diskret und schnell wirkend.</span></p>",Natural Mint 150mg,Unisex,,,,,,,https://cdn.shopify.com/s/files/1/0072/0646/9679/files/CannadipsMintTinFront_d289570d-4ce9-40b1-a566-7e4cfcf25a48.png,,,,,8.90,,1,G,30,IN,3,3,3,,,,
,,CD-2000-1,Unisex,Title,Default Title,,,,,,,,,,8.90,,1,G,30,IN,3,3,3,,,Cannadips,Natural Mint 150mg
Fresh Wintergreen 150mg,"Mit <a href=""https://snushus.ch/collections/nikotinfreie-portion"" title=""nikotinfreier snus kaufen schweiz | Snushus.ch"">CBD</a> angereicherte Beutel mit erdigem und frisch schmeckendem Wintergrün, die sie zu einer Wanderung in einem kalifornischen Wald transportieren. <span data-mce-fragment=""1"">Hergestellt mit allen natürlichen Zutaten (THC-Frei, Tabakfrei und Nikotinfrei). Rauchlos, diskret und schnell wirkend. </span>",Fresh Wintergreen 150mg,Unisex,,,,,,,https://cdn.shopify.com/s/files/1/0072/0646/9679/files/CannadipsWintergreenTinFront_dd921478-2f48-46d9-89f3-0249c0c0d535.png,,,,,8.90,,1,G,30,IN,3,3,3,,,,
,,CD-5000-1,Unisex,Title,Default Title,,,,,,,,,,8.90,,1,G,30,IN,3,3,3,,,Cannadips,Fresh Wintergreen 150mg
Tangy Citrus 150mg,"<a href=""https://snushus.ch/collections/nikotinfreie-portion"" title=""CBD Snus online kaufen | Snushus.ch"">CBD</a> Portionsbeutelchen mit scharfem Einschlag von säuerlicher Apfelsine und Zitrone. <span data-mce-fragment=""1"">Hergestellt mit allen natürlichen Zutaten (THC-Frei, Tabakfrei und Nikotinfrei). Rauchlos, diskret und schnell wirkend.</span>",Tangy Citrus 150mg,Unisex,,,,,,,https://cdn.shopify.com/s/files/1/0072/0646/9679/files/CannadipsCitrusTinFront_ac40e402-614c-47be-893e-859cd4732f06.png,,,,,8.90,,1,G,30,IN,3,3,3,,,,
,,CD-1000-1,Unisex,Title,Default Title,,,,,,,,,,8.90,,1,G,30,IN,3,3,3,,,Cannadips,Tangy Citrus 150mg
American Spice 150mg,"<a href=""https://snushus.ch/collections/nikotinfreie-portion"" title=""cbd snus kaufen | Snushus.ch"">CBD</a> Portionsbeutelchen aus einer Mischung von Zimt / Schokolade mit einem Hauch von echtem Kaffee. <span data-mce-fragment=""1"">Hergestellt mit allen natürlichen Zutaten (THC-Frei, Tabakfrei und Nikotinfrei). Rauchlos, diskret und schnell wirkend. </span>",American Spice 150mg,Unisex,,,,,,,https://cdn.shopify.com/s/files/1/0072/0646/9679/files/CannadipsAmericanTinFront_6b0a8c49-d8e9-4ff2-a9ee-560c017a1227.png,,,,,8.90,,1,G,30,IN,3,3,3,,,,
,,CD-3000-1,Unisex,Title,Default Title,,,,,,,,,,8.90,,1,G,30,IN,3,3,3,,,Cannadips,American Spice 150mg
Cannadips Mix,"<p>Du bist Dir nicht sicher welcher Cannadips Geschmack der passende für Dich ist? Kein Problem - mit diesem Mixpack kannst Du Dich durch das Cannadips Sortiment probieren und dabei noch sparen!</p>
<p>Cannadips Hanf CBD-Beutel sind alle natürlich, diskret und schnell wirkend mit ihrem hoch bioverfügbaren wasserlöslichen CBD. Frei von THC, Tabak &amp; Nikotin!</p>
<p>Sämtliche Produkte sind frei von Tabak und Nikotin und basieren auf Kokosfasern. Alle Sorten beinhalten einen CBD Gehalt von 18.75 mg/g.</p>
<p>Geschmacklich geht die Reise von diskreter Minze bis hin zu exotischen Aromen Mango. <br></p>
<p>Dieses Bundle enthaltet:</p>
<p><em>1x <a href=""https://snushus.ch/products/cannadips-natural-mint-150mg?_pos=3&amp;_sid=5370eb0d6&amp;_ss=r"">Cannadips Natural Mint </a></em><br><em>1x <a href=""https://snushus.ch/collections/cannadips/products/cannadips-tropical-mango-150mg""><u class=""text-underline"">Cannadips Tropical Mango</u></a></em><br><em>1x <a href=""https://snushus.ch/collections/cannadips/products/cannadips-tangy-citrus-150mg""><u class=""text-underline"">Cannadips Tangy Citrus</u></a></em><br><em>1x <a href=""https://snushus.ch/collections/cannadips/products/cannadips-american-spice-150mg""><u class=""text-underline"">Cannadips American Spice</u></a></em><br><em data-mce-fragment=""1"">1x <a href=""https://snushus.ch/products/cannadips-fresh-wintergreen-150mg?_pos=3&amp;_sid=361dce438&amp;_ss=r""><u class=""text-underline"" data-mce-fragment=""1"">Cannadips Fresh Wintergreen</u></a></em><br></p>
<p>Spare beim Kauf von diesem Bundle 38% auf den regulären Preis! <br>Hast Du die passende Cannadips Sorte gefunden? Hier findest Du alle Produkte von <a href=""https://snushus.ch/collections/cannadips""><u class=""text-underline"">Cannadips</u></a><em class=""text-italic"">!</em></p>
<!---->",Cannadips Mix,Unisex,,,,,,,https://cdn.shopify.com/s/files/1/0072/0646/9679/files/cannadips-american-cbd-pouches.png,,,,,44.50,27.90,1,G,1,IN,3,3,3,,,,
,,MIX-CD01,Unisex,Title,Default Title,,,,,,,,,,44.50,27.90,1,G,1,IN,3,3,3,,,Cannadips,Cannadips Mix
CBD MINT,"<p class=""MsoNormal""><span lang=""DE-AT"" style=""mso-ansi-language: DE-AT;"">Um dem Druck der modernen Gesellschaft standzuhalten, ist es wichtig, Momente der Entspannung zu finden. Daher präsentieren wir mit Stolz den weltweit ersten CBD ALL WHITE. Diese Minz-Mischung ist frei von Nikotin und enthält Cannabinoide (12mg/g CBD), die deinen easy Flow aufrechterhalten und das ohne Belastung der Lunge.</span><span lang=""DE"" style=""mso-ansi-language: DE;""></span></p>",CBD MINT,Unisex,,,,,,,https://cdn.shopify.com/s/files/1/0072/0646/9679/files/edelsnus_PP_Top_Mint_CBD_wo_Shadow.png,,,,,5.90,,1,G,14,IN,3,3,3,,,,
,,ED-5010-1,Unisex,Title,Default Title,,,,,,,,,,5.90,,1,G,14,IN,3,3,3,,,edel,CBD MINT
Tropical Mango 150mg,"Mit <a href=""https://snushus.ch/collections/nikotinfreie-portion"" title=""CBD Pouches bestellen | Snushus.ch"">CBD</a> angereicherte Beutel mit kühler und subtiler Mango, die frisch, saftig aber nicht übermässig süss ist und an eine Reise auf eine exotische Insel erinnert. <span data-mce-fragment=""1"">Hergestellt mit allen natürlichen Zutaten (THC-Frei, Tabakfrei und Nikotinfrei). Rauchlos, diskret und schnell wirkend.</span><br>",Tropical Mango 150mg,Unisex,,,,,,,https://cdn.shopify.com/s/files/1/0072/0646/9679/files/CannadipsMangoTinFront_9f1a4014-69a9-4300-9abc-8b2c5a7e6e12.png,,,,,8.90,,1,G,30,IN,3,3,3,,,,
,,CD-4000-1,Unisex,Title,Default Title,,,,,,,,,,8.90,,1,G,30,IN,3,3,3,,,Cannadips,Tropical Mango 150mg
Natural Mint 150mg,"<p bis_size='{""x"":11,""y"":9,""w"":565,""h"":58,""abs_x"":667,""abs_y"":289}'><a href=""https://snushus.ch/collections/nikotinfreie-portion"" title=""Nikotinfreier Snus | Snushus.ch"" bis_size='{""x"":11,""y"":9,""w"":26,""h"":18,""abs_x"":667,""abs_y"":289}'>CBD</a> Portionsbeutelchen mit einem balancierten Geschmack von süsser und frischer Minze. <span data-mce-fragment=""1"" bis_size='{""x"":11,""y"":29,""w"":521,""h"":38,""abs_x"":667,""abs_y"":309}'>Hergestellt mit allen natürlichen Zutaten (THC-Frei, Tabakfrei und Nikotinfrei). Rauchlos, diskret und schnell wirkend.</span></p>",Natural Mint 150mg,Unisex,,,,,,,https://cdn.shopify.com/s/files/1/0072/0646/9679/files/CannadipsMintTinFront_d289570d-4ce9-40b1-a566-7e4cfcf25a48.png,,,,,8.90,,1,G,30,IN,3,3,3,,,,
,,CD-2000-1,Unisex,Title,Default Title,,,,,,,,,,8.90,,1,G,30,IN,3,3,3,,,Cannadips,Natural Mint 150mg
Fresh Wintergreen 150mg,"Mit <a href=""https://snushus.ch/collections/nikotinfreie-portion"" title=""nikotinfreier snus kaufen schweiz | Snushus.ch"">CBD</a> angereicherte Beutel mit erdigem und frisch schmeckendem Wintergrün, die sie zu einer Wanderung in einem kalifornischen Wald transportieren. <span data-mce-fragment=""1"">Hergestellt mit allen natürlichen Zutaten (THC-Frei, Tabakfrei und Nikotinfrei). Rauchlos, diskret und schnell wirkend. </span>",Fresh Wintergreen 150mg,Unisex,,,,,,,https://cdn.shopify.com/s/files/1/0072/0646/9679/files/CannadipsWintergreenTinFront_dd921478-2f48-46d9-89f3-0249c0c0d535.png,,,,,8.90,,1,G,30,IN,3,3,3,,,,
,,CD-5000-1,Unisex,Title,Default Title,,,,,,,,,,8.90,,1,G,30,IN,3,3,3,,,Cannadips,Fresh Wintergreen 150mg
Tangy Citrus 150mg,"<a href=""https://snushus.ch/collections/nikotinfreie-portion"" title=""CBD Snus online kaufen | Snushus.ch"">CBD</a> Portionsbeutelchen mit scharfem Einschlag von säuerlicher Apfelsine und Zitrone. <span data-mce-fragment=""1"">Hergestellt mit allen natürlichen Zutaten (THC-Frei, Tabakfrei und Nikotinfrei). Rauchlos, diskret und schnell wirkend.</span>",Tangy Citrus 150mg,Unisex,,,,,,,https://cdn.shopify.com/s/files/1/0072/0646/9679/files/CannadipsCitrusTinFront_ac40e402-614c-47be-893e-859cd4732f06.png,,,,,8.90,,1,G,30,IN,3,3,3,,,,
,,CD-1000-1,Unisex,Title,Default Title,,,,,,,,,,8.90,,1,G,30,IN,3,3,3,,,Cannadips,Tangy Citrus 150mg
Cool Spearmint 300mg,"<p>Der sanftere, etwas süssere eisige Minzgeschmack der Voon Mini-Beutel aus weissem und trockenem Hanf. Perfekt . Um den ganzen Tag erfrischt zu bleiben.</p>
<p><span data-mce-fragment=""1"">Jeder Beutel enthält 20 mg hochwertig extrahiertes und reinstes CBD für ein sorgenfreies Vergnügen! Schliessen Sie die Augen und tauchen Sie ein in ein wahres mentales Wohlbefinden!</span></p>",Cool Spearmint 300mg,Unisex,,,,,,,https://cdn.shopify.com/s/files/1/0072/0646/9679/files/voon-cool-spearmint-cbd-pouches.png,,,,,8.90,,1,G,19000,IN,3,3,3,,,,
,,VO-2000-1,Unisex,Title,Default Title,,,,,,,,,,8.90,,1,G,19000,IN,3,3,3,,,Voon,Cool Spearmint 300mg
American Spice 150mg,"<a href=""https://snushus.ch/collections/nikotinfreie-portion"" title=""cbd snus kaufen | Snushus.ch"">CBD</a> Portionsbeutelchen aus einer Mischung von Zimt / Schokolade mit einem Hauch von echtem Kaffee. <span data-mce-fragment=""1"">Hergestellt mit allen natürlichen Zutaten (THC-Frei, Tabakfrei und Nikotinfrei). Rauchlos, diskret und schnell wirkend. </span>",American Spice 150mg,Unisex,,,,,,,https://cdn.shopify.com/s/files/1/0072/0646/9679/files/CannadipsAmericanTinFront_6b0a8c49-d8e9-4ff2-a9ee-560c017a1227.png,,,,,8.90,,1,G,30,IN,3,3,3,,,,
,,CD-3000-1,Unisex,Title,Default Title,,,,,,,,,,8.90,,1,G,30,IN,3,3,3,,,Cannadips,American Spice 150mg
Wintergreen 300mg,"<p>Erleben Sie einen hauch Hanf kombiniert mit einem Spritzer winterlicher Minz-Erfrischung und einem Hauch Süsse in jedem Mini Hanfbeutel von Voon.</p>
<p><span>Jeder Beutel enthält 20 mg hochwertig extrahiertes und reinstes CBD für ein sorgenfreies Vergnügen! Schliessen Sie die Augen und tauchen Sie ein in ein wahres mentales Wohlbefinden!</span></p>",Wintergreen 300mg,Unisex,,,,,,,https://cdn.shopify.com/s/files/1/0072/0646/9679/files/voon-wintergreen-cbd-pouches.png,,,,,8.90,,1,G,19000,IN,3,3,3,,,,
,,VO-1000-1,Unisex,Title,Default Title,,,,,,,,,,8.90,,1,G,19000,IN,3,3,3,,,Voon,Wintergreen 300mg
Pink Grape 300mg,"<p>Machen Sie sich bereit für einen intensiven, süssen Ausbruch von Grapefruit in jedem Voon Mini-Beutel aus weissem und trockenem Hanf.</p>
<p><span>Jeder Beutel enthält 20 mg hochwertig extrahiertes und reinstes CBD für ein sorgenfreies Vergnügen! Schliessen Sie die Augen und tauchen Sie ein in ein wahres mentales Wohlbefinden!</span></p>",Pink Grape 300mg,Unisex,,,,,,,https://cdn.shopify.com/s/files/1/0072/0646/9679/files/voon-pink-grape-cbd-pouches.png,,,,,8.90,,1,G,19000,IN,3,3,3,,,,
,,VO-4000-1,Unisex,Title,Default Title,,,,,,,,,,8.90,,1,G,19000,IN,3,3,3,,,Voon,Pink Grape 300mg
Snazzy Tangerine 300mg,"<p>Probieren Sie eine Mischung aus leichten Mandarinen-Säure- und Limettenaromen mit einem Hauch süsse in jedem Voon Mini- Beutel aus weissem und trockenem Hanf.</p>
<p><span>Jeder Beutel enthält 20 mg hochwertig extrahiertes und reinstes CBD für ein sorgenfreies Vergnügen! Schliessen Sie die Augen und tauchen Sie ein in ein wahres mentales Wohlbefinden!</span></p>",Snazzy Tangerine 300mg,Unisex,,,,,,,https://cdn.shopify.com/s/files/1/0072/0646/9679/files/voon-snazzy-tangerine-cbd-pouches.png,,,,,8.90,,1,G,19000,IN,3,3,3,,,,
,,VO-3000-1,Unisex,Title,Default Title,,,,,,,,,,8.90,,1,G,19000,IN,3,3,3,,,Voon,Snazzy Tangerine 300mg
Watermelon 600mg,"<p>Erlebe den erfrischenden Genuss von <a href=""https://snushus.ch/collections/voon-snus"">Voon</a> Watermelon 600 mg – Deine perfekte Wahl für ein entspannendes und nikotinfreies Snus-Erlebnis! Diese Mini Pouches bieten Dir nicht nur einen köstlichen Geschmack nach Wassermelone, sondern auch eine kraftvolle Dosis CBD. Jeder Beutel enthält 40 mg CBD, was Dir ein entspanntes und angenehmes Gefühl verleiht.</p>
<p>Voon Watermelon 600 mg ist ideal für alle CBD Snus Liebhaber, die auf der Suche nach einem hochwertigen und erfrischenden Produkt sind. Die Mini Pouches sind diskret und angenehm zu tragen, sodass Du Deinen Snus jederzeit und überall geniessen kannst. Die praktische 6,6 g Dose enthält 15 Beutel.</p>
<p>Diese besondere Edition von Voon bietet Dir ein einzigartiges Geschmackserlebnis mit dem fruchtigen Aroma von Wassermelone und der beruhigenden Wirkung von CBD. Erlebe die erfrischende Kombination, die Deine Geschmacksknospen verwöhnt und Dir ein unvergleichliches Gefühl der Entspannung bietet.</p>
<p>Bestelle jetzt Deinen Voon Watermelon 600 mg und entdecke die perfekte Verbindung von Geschmack und CBD. Gönn Dir diesen besonderen Genuss und erfahre, warum Voon die bevorzugte Wahl für CBD Snus Liebhaber ist!</p>
<!---->",Watermelon 600mg,Unisex,,,,,,,https://cdn.shopify.com/s/files/1/0072/0646/9679/files/voon-watermelone-cbd-pouches_e8752287-9932-4bbc-9ae6-0790b61d0e7a.png,,,,,8.90,0.00,1,G,1,IN,3,3,3,,,,
,,VO-6000-1,Unisex,Title,Default Title,,,,,,,,,,8.90,0.00,1,G,1,IN,3,3,3,,,Voon,Watermelon 600mg
Orange Bubblegum 600mg,"<p>Entdecke <a href=""https://snushus.ch/collections/voon-snus"">Voon</a> Orange Bubblegum 600 mg – Deine ideale Wahl für ein erfrischendes und nikotinfreies Snus-Erlebnis! Diese limitierten Mini Beutel bieten Dir nicht nur einen köstlichen Geschmack nach Orangenkaugummi, sondern auch die doppelte Stärke im Vergleich zu herkömmlichen Voon-Produkten. Jeder Beutel enthält 40 mg CBD, was Dir ein entspanntes und angenehmes Gefühl verleiht.</p>
<p>Bestelle jetzt Deinen Voon Orange Bubblegum 600 mg online und entdecke die perfekte Verbindung von Geschmack und CBD. Gönn Dir diesen besonderen Genuss und erfahre, warum Voon eine gute Wahl für nikotinfreien Snus ist!</p>
<!---->",Orange Bubblegum 600mg,Unisex,,,,,,,https://cdn.shopify.com/s/files/1/0072/0646/9679/files/voon-bubbelgum-cbd-pouches_a329acbe-0ca0-4e7f-a5e8-aa59c698008b.png,,,,,8.90,0.00,1,G,1,IN,3,3,3,,,,
,,VO-5000-1,Unisex,Title,Default Title,,,,,,,,,,8.90,0.00,1,G,1,IN,3,3,3,,,Voon,Orange Bubblegum 600mg
Cannadips Mix,"<p>Du bist Dir nicht sicher welcher Cannadips Geschmack der passende für Dich ist? Kein Problem - mit diesem Mixpack kannst Du Dich durch das Cannadips Sortiment probieren und dabei noch sparen!</p>
<p>Cannadips Hanf CBD-Beutel sind alle natürlich, diskret und schnell wirkend mit ihrem hoch bioverfügbaren wasserlöslichen CBD. Frei von THC, Tabak &amp; Nikotin!</p>
<p>Sämtliche Produkte sind frei von Tabak und Nikotin und basieren auf Kokosfasern. Alle Sorten beinhalten einen CBD Gehalt von 18.75 mg/g.</p>
<p>Geschmacklich geht die Reise von diskreter Minze bis hin zu exotischen Aromen Mango. <br></p>
<p>Dieses Bundle enthaltet:</p>
<p><em>1x <a href=""https://snushus.ch/products/cannadips-natural-mint-150mg?_pos=3&amp;_sid=5370eb0d6&amp;_ss=r"">Cannadips Natural Mint </a></em><br><em>1x <a href=""https://snushus.ch/collections/cannadips/products/cannadips-tropical-mango-150mg""><u class=""text-underline"">Cannadips Tropical Mango</u></a></em><br><em>1x <a href=""https://snushus.ch/collections/cannadips/products/cannadips-tangy-citrus-150mg""><u class=""text-underline"">Cannadips Tangy Citrus</u></a></em><br><em>1x <a href=""https://snushus.ch/collections/cannadips/products/cannadips-american-spice-150mg""><u class=""text-underline"">Cannadips American Spice</u></a></em><br><em data-mce-fragment=""1"">1x <a href=""https://snushus.ch/products/cannadips-fresh-wintergreen-150mg?_pos=3&amp;_sid=361dce438&amp;_ss=r""><u class=""text-underline"" data-mce-fragment=""1"">Cannadips Fresh Wintergreen</u></a></em><br></p>
<p>Spare beim Kauf von diesem Bundle 38% auf den regulären Preis! <br>Hast Du die passende Cannadips Sorte gefunden? Hier findest Du alle Produkte von <a href=""https://snushus.ch/collections/cannadips""><u class=""text-underline"">Cannadips</u></a><em class=""text-italic"">!</em></p>
<!---->",Cannadips Mix,Unisex,,,,,,,https://cdn.shopify.com/s/files/1/0072/0646/9679/files/cannadips-american-cbd-pouches.png,,,,,44.50,27.90,1,G,1,IN,3,3,3,,,,
,,MIX-CD01,Unisex,Title,Default Title,,,,,,,,,,44.50,27.90,1,G,1,IN,3,3,3,,,Cannadips,Cannadips Mix
Cold WDP,"<meta charset=""utf-8"">
<div class=""item flex"">
<div class=""title"">
<div class=""info"">
<p>Chainsaw wird in Dänemark von V2 hergestellt und ist als starker White Dry Portion mit eiskaltem Minzgeschmack mit Odens zu vergleichen. Die trockenen Beutel rinnen sehr wenig und liegen angenehm unter der Lippe.</p>
</div>
</div>
</div>
<div class=""item flex""></div>",Cold WDP,Unisex,,,,,,,https://cdn.shopify.com/s/files/1/0072/0646/9679/products/chainsaw-cold-wdp.png,,,,,4.60,,1,G,30,IN,3,3,3,,,,
,,CS-1005-1,Unisex,Title,Default Title,,,,,,,,,,4.60,,1,G,30,IN,3,3,3,,,Chainsaw,Cold WDP
Mighty Colada,"<p>COCO Nicotine Pouches werden sorgfältig aus Kokosfasern hergestellt, die eine längere und sanftere Freisetzung von Nikotin und Aromen ermöglichen. Im Gegensatz zu anderen Marken, die oft übermässig verarbeitete Pflanzenfasern verwenden, werden die Kokosfasern der COCO-Beutel direkt mit Nikotin und natürlichen Aromen versetzt. <br data-mce-fragment=""1""><br data-mce-fragment=""1"">Erlebe eine verlängerte Freisetzung von Nikotin und köstlichen Aromen von bis zu 60+ Minuten befriedigender Momente. Entdecke den Unterschied mit COCO Nikotinbeuteln - die länger anhaltende, natürlichere und sanftere Wahl für Deinen Lebensstil mit Nikotinbeuteln. COCO Mighty Colada ist Teil der Mighty Stong Reihe und bietet 13,5mg/Beutel mit der bekannten Geschmackskombination von Kokosnuss und Ananas.<br></p>
<p> </p>
<p>Verwendung:</p>
<p><span>Für eine schnelle Freisetzung von Nikotin und Aromen:</span><br><span>1. Befeuchte den Beutel, indem Du ihn auf die Zunge legst.</span><br><span>2. Sobald der Beutel feucht ist, kaue den Beutel einmal vorsichtig. Achte darauf, den Beutel nicht zu </span><span>öffnen</span><span>.</span><br><span>3. Lege den Beutel unter die Oberlippe und spüre den intensiven Geschmack und die schnelle Nikotinfreisetzung.</span><br><span>4. Geniesse den Kick bis zu einer Stunde lang</span></p>",Mighty Colada,Unisex,,,,,,,https://cdn.shopify.com/s/files/1/0072/0646/9679/files/CoCo_Mighty_Colada_sized.png,,,,,5.90,0.00,1,G,9,IN,3,3,3,,,,
,,CO-7005-1,Unisex,Title,Default Title,,,,,,,,,,5.90,0.00,1,G,9,IN,3,3,3,,,COCO,Mighty Colada
Mighty Lemonade,"<p>COCO Nicotine Pouches werden sorgfältig aus Kokosfasern hergestellt, die eine längere und sanftere Freisetzung von Nikotin und Aromen ermöglichen. Im Gegensatz zu anderen Marken, die oft übermässig verarbeitete Pflanzenfasern verwenden, werden die Kokosfasern der COCO-Beutel direkt mit Nikotin und natürlichen Aromen versetzt. <br data-mce-fragment=""1""><br data-mce-fragment=""1"">Erlebe eine verlängerte Freisetzung von Nikotin und köstlichen Aromen von bis zu 60+ Minuten befriedigender Momente. Entdecke den Unterschied mit COCO Nikotinbeuteln - die länger anhaltende, natürlichere und sanftere Wahl für Deinen Lebensstil mit Nikotinbeuteln. COCO Mighty Lemonade ist Teil der Mighty Stong Reihe und bietet 13,5mg/Beutel, die die einzigartige Geschmackskombination von Schwarzem Tee und Limonade nutzen.<br></p>
<p><br></p>
<p>Verwendung:</p>
<p><span>Für eine schnelle Freisetzung von Nikotin und Aromen:</span><br><span>1. Befeuchte den Beutel, indem Du ihn auf die Zunge legst.</span><br><span>2. Sobald der Beutel feucht ist, kaue den Beutel einmal vorsichtig. Achte darauf, den Beutel nicht zu </span><span>öffnen</span><span>.</span><br><span>3. Lege den Beutel unter die Oberlippe und spüre den intensiven Geschmack und die schnelle Nikotinfreisetzung.</span><br><span>4. Geniesse den Kick bis zu einer Stunde lang</span></p>",Mighty Lemonade,Unisex,,,,,,,https://cdn.shopify.com/s/files/1/0072/0646/9679/files/CoCo_Mighty_Lemonade_sized.png,,,,,5.90,0.00,1,G,9,IN,3,3,3,,,,
,,CO-8005-1,Unisex,Title,Default Title,,,,,,,,,,5.90,0.00,1,G,9,IN,3,3,3,,,COCO,Mighty Lemonade
Mighty Fresh,"<p>COCO Nicotine Pouches werden sorgfältig aus Kokosfasern hergestellt, die eine längere und sanftere Freisetzung von Nikotin und Aromen ermöglichen. Im Gegensatz zu anderen Marken, die oft übermässig verarbeitete Pflanzenfasern verwenden, werden die Kokosfasern der COCO-Beutel direkt mit Nikotin und natürlichen Aromen versetzt. <br data-mce-fragment=""1""><br data-mce-fragment=""1"">Erlebe eine verlängerte Freisetzung von Nikotin und köstlichen Aromen von bis zu 60+ Minuten befriedigender Momente. Entdecke den Unterschied mit COCO Nikotinbeuteln - die länger anhaltende, natürlichere und sanftere Wahl für Deinen Lebensstil mit Nikotinbeuteln. COCO Mighty Fresh ist Teil des Mighty Stong-Sortiments und bietet 13,5mg/Beutel, kombiniert mit einer intensiven und kühlenden Kombination aus Pfefferminz und Menthol.<br></p>
<p><br></p>
<p>Verwendung:</p>
<p><span>Für eine schnelle Freisetzung von Nikotin und Aromen:</span><br><span>1. Befeuchte den Beutel, indem Du ihn auf die Zunge legst.</span><br><span>2. Sobald der Beutel feucht ist, kaue den Beutel einmal vorsichtig. Achte darauf, den Beutel nicht zu </span><span>öffnen</span><span>.</span><br><span>3. Lege den Beutel unter die Oberlippe und spüre den intensiven Geschmack und die schnelle Nikotinfreisetzung.</span><br><span>4. Geniesse den Kick bis zu einer Stunde lang</span></p>",Mighty Fresh,Unisex,,,,,,,https://cdn.shopify.com/s/files/1/0072/0646/9679/files/CoCo_Mighty_Fresh_sized.png,,,,,5.90,0.00,1,G,9,IN,3,3,3,,,,
,,CO-6005-1,Unisex,Title,Default Title,,,,,,,,,,5.90,0.00,1,G,9,IN,3,3,3,,,COCO,Mighty Fresh
Mighty Mango,"<p>COCO Nicotine Pouches werden sorgfältig aus Kokosfasern hergestellt, die eine längere und sanftere Freisetzung von Nikotin und Aromen ermöglichen. Im Gegensatz zu anderen Marken, die oft übermässig verarbeitete Pflanzenfasern verwenden, werden die Kokosfasern der COCO-Beutel direkt mit Nikotin und natürlichen Aromen versetzt. <br><br>Erlebe eine verlängerte Freisetzung von Nikotin und köstlichen Aromen von bis zu 60+ Minuten befriedigender Momente. Entdecke den Unterschied mit COCO Nikotinbeuteln - die länger anhaltende, natürlichere und sanftere Wahl für Deinen Lebensstil mit Nikotinbeuteln. COCO Mighty Mango ist Teil der Mighty Stong Reihe und bietet 13,5mg/Beutel mit einem saftigen Geschmackserlebnis von frischer Mango.<br></p>
<p><br></p>
<p>Verwendung:</p>
<p><span>Für eine schnelle Freisetzung von Nikotin und Aromen:</span><br><span>1. Befeuchte den Beutel, indem Du ihn auf die Zunge legst.</span><br><span>2. Sobald der Beutel feucht ist, kaue den Beutel einmal vorsichtig. Achte darauf, den Beutel nicht zu </span><span>öffnen</span><span>.</span><br><span>3. Lege den Beutel unter die Oberlippe und spüre den intensiven Geschmack und die schnelle Nikotinfreisetzung.</span><br><span>4. Geniesse den Kick bis zu einer Stunde lang</span></p>",Mighty Mango,Unisex,,,,,,,https://cdn.shopify.com/s/files/1/0072/0646/9679/files/CoCo_Mighty_Mango_sized.png,,,,,5.90,0.00,1,G,9,IN,3,3,3,,,,
,,CO-5005-1,Unisex,Title,Default Title,,,,,,,,,,5.90,0.00,1,G,9,IN,3,3,3,,,COCO,Mighty Mango
Tropical Mango,"<p>Mit einem kühlen und subtilen Mango Geschmack, der frisch und saftig, aber nicht übermässig süss ist. Erinnert an eine Reise zu einer exotischen Insel.</p>
<p>Begebe Dich auf eine Reise ins Paradies mit den COCO Tropical Mango Nikotinbeuteln, die mit rein natürlichen Aromen versetzt sind. Tauche ein in die üppige Süsse reifer Mangos, während jeder Beutel Dich an sonnenverwöhnte Strände und auf exotische Inseln entführt. Erlebe mit jedem Beutel die perfekte Mischung aus tropischer Verlockung und authentischer Nikotinbefriedigung.<br data-mce-fragment=""1""><br></p>
<p> </p>
<p>Verwendung:</p>
<p><span data-mce-fragment=""1"">Für eine schnelle Freisetzung von Nikotin und Aromen:</span><br data-mce-fragment=""1""><span data-mce-fragment=""1"">1. Befeuchte den Beutel, indem Du ihn auf die Zunge legst.</span><br data-mce-fragment=""1""><span data-mce-fragment=""1"">2. Sobald der Beutel feucht ist, kaue den Beutel einmal vorsichtig. Achte darauf, den Beutel nicht zu </span><span data-mce-fragment=""1"">öffnen</span><span data-mce-fragment=""1"">.</span><br data-mce-fragment=""1""><span data-mce-fragment=""1"">3. Lege den Beutel unter die Oberlippe und spüre den intensiven Geschmack und die schnelle Nikotinfreisetzung.</span><br data-mce-fragment=""1""><span data-mce-fragment=""1"">4. Geniesse den Kick bis zu einer Stunde lang</span><br></p>",Tropical Mango,Unisex,,,,,,,https://cdn.shopify.com/s/files/1/0072/0646/9679/files/CoCo_tropical_Mango_sized_4759ce2e-6141-419b-9333-8a2d604a4445.png,,,,,5.90,0.00,1,G,1,IN,3,3,3,,,,
,,CO-3005-1,Unisex,Title,Default Title,,,,,,,,,,5.90,0.00,1,G,1,IN,3,3,3,,,COCO,Tropical Mango
Blue Razz,"<p>Geniesse den köstlichen Geschmack frischer Beeren, die in diesem Nikotinbeutel ihre natürliche und spritzige Süsse entfalten.</p>
<p>Tauche ein in eine aufregende Welt mit den COCO Blue Razz Nikotinbeuteln, die sorgfältig mit völlig natürlichen Aromen versetzt sind. Tauche ein in die prickelnd-süsse Symphonie von blauen Himbeeren, während jeder Beutel Dich an belebte Küsten und Momente der Erregung entführt. Erlebe die nahtlose Mischung aus fruchtigen Reizen und echter Nikotinbefriedigung, die in jedem Beutel steckt.</p>
<p> </p>
<p>Verwendung:</p>
<p>Für eine schnelle Freisetzung von Nikotin und Aromen:<br>1. Befeuchte den Beutel, indem Du ihn auf die Zunge legst. <br>2. Sobald der Beutel feucht ist, kaue den Beutel einmal vorsichtig. Achte darauf, den Beutel nicht zu öffnen.<br>3. Lege den Beutel unter die Oberlippe und spüre den intensiven Geschmack und die schnelle Nikotinfreisetzung. <br>4. Geniesse den Kick bis zu einer Stunde lang</p>",Blue Razz,Unisex,,,,,,,https://cdn.shopify.com/s/files/1/0072/0646/9679/files/CoCo_Blue_Razz_sized_e6bdd2aa-7664-46f1-869d-7a8cacef4ae8.png,,,,,5.90,0.00,1,G,1,IN,3,3,3,,,,
,,CO-4005-1,Unisex,Title,Default Title,,,,,,,,,,5.90,0.00,1,G,1,IN,3,3,3,,,COCO,Blue Razz
Clean Peach,"<p>Unwiderstehlich lecker und ein Traum für jeden Pfirsichliebhaber. Geniesse die natürliche Essenz von reifen, saftigen Pfirsichen in jedem Beutel.</p>
<p>Begebe Dich auf eine Reise in die Gelassenheit mit den COCO Clean Peach Nikotinbeuteln, die kunstvoll mit natürlichen Essenzen durchzogen sind. Tauche ein in die zarte Süsse unberührter Pfirsiche, während jeder Beutel Dich zu sonnengetränkten Stränden und versteckten Oasen transportiert. Erlebe die harmonische Mischung aus fruchtigen Reizen und echtem Nikotingenuss in jedem Beutel.<br data-mce-fragment=""1""><br></p>
<p>Verwendung:</p>
<p><span>Für eine schnelle Freisetzung von Nikotin und Aromen:</span><br><span>1. Befeuchte den Beutel, indem Du ihn auf die Zunge legst.</span><br><span>2. Sobald der Beutel feucht ist, kaue den Beutel einmal vorsichtig. Achte darauf, den Beutel nicht zu </span><span>öffnen</span><span>.</span><br><span>3. Lege den Beutel unter die Oberlippe und spüre den intensiven Geschmack und die schnelle Nikotinfreisetzung.</span><br><span>4. Geniesse den Kick bis zu einer Stunde lang</span></p>",Clean Peach,Unisex,,,,,,,https://cdn.shopify.com/s/files/1/0072/0646/9679/files/CoCo_Clean_Peach-sized_a72b33f7-86dd-443f-93d5-cecfd562b6b2.png,,,,,5.90,0.00,1,G,1,IN,3,3,3,,,,
,,CO-2005-1,Unisex,Title,Default Title,,,,,,,,,,5.90,0.00,1,G,1,IN,3,3,3,,,COCO,Clean Peach
Natural Mint,"<p>Entdecke die perfekt ausbalancierte Mischung aus kühl und süss, die nur mit natürlichen Aromen hergestellt wird, die sicherlich Deine Sinne kitzeln werden.</p>
<p>Tauche ein in eine erfrischende Flucht mit COCOs Natural Mint Nikotinbeuteln, die fachmännisch mit rein authentischen Infusionen hergestellt werden. Geniesse die belebende Essenz der natürlichen Minze, während jeder Beutel Dich zu knackigen, kühlen Empfindungen und heiteren Momenten trägt. Erlebe die perfekte Harmonie von minzigem Reiz und echter Nikotinbefriedigung, die sorgfältig in jedem Beutel enthalten ist.</p>
<p> </p>
<p>Verwendung:</p>
<p><span>Für eine schnelle Freisetzung von Nikotin und Aromen:</span><br><span>1. Befeuchte den Beutel, indem Du ihn auf die Zunge legst.</span><br><span>2. Sobald der Beutel feucht ist, kaue den Beutel einmal vorsichtig. Achte darauf, den Beutel nicht zu </span><span>öffnen</span><span>.</span><br><span>3. Lege den Beutel unter die Oberlippe und spüre den intensiven Geschmack und die schnelle Nikotinfreisetzung.</span><br><span>4. Geniesse den Kick bis zu einer Stunde lang</span></p>",Natural Mint,Unisex,,,,,,,https://cdn.shopify.com/s/files/1/0072/0646/9679/files/CoCo_Natural_Mint_sized_4cf8253d-757c-42bd-8123-caf69aa36840.png,,,,,5.90,0.00,1,G,1,IN,3,3,3,,,,
,,CO-1005-1,Unisex,Title,Default Title,,,,,,,,,,5.90,0.00,1,G,1,IN,3,3,3,,,COCO,Natural Mint
COCO Mix,"<p><span data-mce-fragment=""1"">Du möchtest COCO Snus probieren? Dann greif zum Hus-Mix den wir für Dich erstellt haben, um Deinen Liebling zu finden.</span></p>
<p><span data-mce-fragment=""1"">Der COCO Mix bietet ein einzigartiges, exotisches Geschmackserlebnis! Probiere alle sanften, kokosfaserbasierten Aromen von COCO und geniesse das unvergleichliche Gefühl. Alle COCO Pouches haben 20 mg/g Nikotin. </span></p>
<p>Dieses Bundle enthaltet:</p>
<p><a href=""https://snushus.ch/products/coco-natural-mint?_pos=2&amp;_sid=88be1a157&amp;_ss=r"" title=""COCO Natural Mint mit Kokosfasern""><em class=""text-italic"">1x COCO Natural Mint</em></a><br><a href=""https://snushus.ch/products/coco-clean-peach"" title=""COCO Clean Peach""><em class=""text-italic"">1x COCO Clean Peach</em></a><br><a href=""https://snushus.ch/products/coco-tropical-mango?_pos=1&amp;_sid=88be1a157&amp;_ss=r"" title=""COCO Snus Tropical Mango""><em class=""text-italic"">1x COCO Tropical Mango</em></a><br><a href=""https://snushus.ch/products/coco-blue-razz?_pos=3&amp;_sid=88be1a157&amp;_ss=r"" title=""COCO Snus Blue Razz""><em class=""text-italic"">1x COCO Blue Razz</em></a></p>
<p>Spare beim Kauf von diesem Bundle 16% auf den regulären Preis! <br>Ist dieses Bundle nichts für Dich? Schau mal ob ein anderes <a href=""https://snushus.ch/collections/hus-mix-1""><u class=""text-underline"">Mix-Pack</u></a> Dir mehr zusagt. </p>
<p>Verwendung:</p>
<p><span data-mce-fragment=""1"">Für eine schnelle Freisetzung von Nikotin und Aromen:</span><br data-mce-fragment=""1""><span data-mce-fragment=""1"">1. Befeuchte den Beutel, indem Du ihn auf die Zunge legst.</span><br data-mce-fragment=""1""><span data-mce-fragment=""1"">2. Sobald der Beutel feucht ist, kaue den Beutel einmal vorsichtig. Achte darauf, den Beutel nicht zu </span><span data-mce-fragment=""1"">öffnen</span><span data-mce-fragment=""1"">.</span><br data-mce-fragment=""1""><span data-mce-fragment=""1"">3. Lege den Beutel unter die Oberlippe und spüre den intensiven Geschmack und die schnelle Nikotinfreisetzung.</span><br data-mce-fragment=""1""><span data-mce-fragment=""1"">4. Geniesse den Kick bis zu einer Stunde lang.</span></p>
<!---->",COCO Mix,Unisex,,,,,,,https://cdn.shopify.com/s/files/1/0072/0646/9679/files/COCO-MixPack_ff5a460c-c13a-4af1-8fbc-dd1d0c8f9fbc.png,,,,,23.60,19.90,1,G,1,IN,3,3,3,,,,
,,MIX-CO01,Unisex,Title,Default Title,,,,,,,,,,23.60,19.90,1,G,1,IN,3,3,3,,,COCO,COCO Mix
COCO Mighty Range Mix,"<p><span data-mce-fragment=""1"">Entdecke die neue Reihe von COCO - Mighty Range! Mit mehr Stärke und gleichzeitig intensivem Geschmack ist dieses 4er Pack ein Muss für alle Fans von COCO! </span></p>
<p>Dieses Bundle enthaltet:<strong><em></em></strong></p>
<p><em>1x <a rel=""noopener"" href=""https://snushus.ch/products/coco-mighty-mango"" target=""_blank"">COCO Mighty Mango</a></em><br><em>1x <a href=""https://snushus.ch/products/coco-mighty-fresh?_pos=1&amp;_sid=0641b9eb3&amp;_ss=r"">COCO Mighty  Fresh</a></em><br><em>1x <a href=""https://snushus.ch/products/coco-mighty-colada"">COCO Mighty Colada</a></em><br><em>1x <a href=""https://snushus.ch/products/coco-mighty-lemonade?_pos=4&amp;_sid=620dd5d41&amp;_ss=r"">COCO Mighty Lemonade</a></em><em class=""text-italic""><br></em></p>
<p>Spare beim Kauf von diesem Bundle 16% auf den regulären Preis! </p>
<p><em class=""text-italic""><br></em>Hast Du den passenden COCO gefunden? Hier findest Du alle Produkte von<span> </span><a href=""https://snushus.ch/collections/coco"" rel=""noopener"" target=""_blank""><u class=""text-underline"">COCO</u></a>!</p>
<!---->",COCO Mighty Range Mix,Unisex,,,,,,,https://cdn.shopify.com/s/files/1/0072/0646/9679/files/COCO-Mighty-MixPack.png,,,,,23.60,19.90,1,G,1,IN,3,3,3,,,,
,,MIX-CO02,Unisex,Title,Default Title,,,,,,,,,,23.60,19.90,1,G,1,IN,3,3,3,,,COCO,COCO Mighty Range Mix
Ice Mango AW DUOPACK,"<span data-mce-fragment=""1"">Der DOPE Ice Mango Strong ist eine saftige Mischung aus dem eisigen Gefühl von DOPE und dem unverwechselbaren fruchtigen Geschmack von Mango. Die DOPE RUSH Instant Kick Technologie setzt das Nikotin mit intensivem und kraftvollem Kick frei. Wenn Du einen erfrischenden Geschmack mit garantiertem Kick willst, ist Deine Wahl DOPE! Jede Dose enthält 22 Nikotinbeutel im Slimformat.</span>",Ice Mango AW DUOPACK,Unisex,,,,,,,https://cdn.shopify.com/s/files/1/0072/0646/9679/products/dope_ice_mango_strong_edition.jpg,,,,,5.90,0.00,1,G,15,IN,3,3,3,,,,
,,DO-1020-1,Unisex,Title,Default Title,,,,,,,,,,5.90,0.00,1,G,15,IN,3,3,3,,,DOPE,Ice Mango AW DUOPACK
Lime Smash AW DUOPACK,"<span data-mce-fragment=""1"">Der DOPE Lime Smash Strong ist eine exotische Mischung aus dem eisigen Gefühl von DOPE und dem süsslichen Geschmack von Limette. Die DOPE RUSH Instant Kick Technologie setzt das Nikotin mit intensivem und kraftvollem Kick frei. Wenn Du einen erfrischenden Geschmack mit garantiertem Kick willst, ist Deine Wahl DOPE! Jede Dose enthält 22 Nikotinbeutel im Slimformat.</span>",Lime Smash AW DUOPACK,Unisex,,,,,,,https://cdn.shopify.com/s/files/1/0072/0646/9679/products/Dope_Lime_Smash_Strong_Edition.jpg,,,,,5.90,,1,G,15,IN,3,3,3,,,,
,,DO-2020-1,Unisex,Title,Default Title,,,,,,,,,,5.90,,1,G,15,IN,3,3,3,,,DOPE,Lime Smash AW DUOPACK
Ice Cool AW DUOPACK,"Der DOPE Ice COOL Strong hat den Geschmack von eisiger Minze. Die DOPE RUSH Instant Kick Technologie setzt das Nikotin mit intensivem und kraftvollem Kick frei. Wenn Du einen erfrischenden Geschmack mit garantiertem Kick willst, ist Deine Wahl DOPE! Jede Dose enthält 22 Nikotinbeutel im Slimformat.",Ice Cool AW DUOPACK,Unisex,,,,,,,https://cdn.shopify.com/s/files/1/0072/0646/9679/products/dope_ice_cool_strong_edition_doppelpack_sized.png,,,,,5.90,0.00,1,G,15,IN,3,3,3,,,,
,,DO-3020-1,Unisex,Title,Default Title,,,,,,,,,,5.90,0.00,1,G,15,IN,3,3,3,,,DOPE,Ice Cool AW DUOPACK
Original,"<meta charset=""utf-8"">
<div class=""item flex "">
<div class=""title"">
<div class=""info"">
<p><span>Ein rauchloses Tabakprodukt aus Dänemark. Geeignet als Ersatzprodukt für Zigaretten. Die kleinen Oliver Twist Tabakdragees entfalten ihre Wirkung unter der Lippe und stillen die Lust zu Rauchen.</span></p>
</div>
</div>
</div>
<div class=""item flex ""></div>",Original,Unisex,,,,,,,https://cdn.shopify.com/s/files/1/0072/0646/9679/products/original.png,,,,,6.40,,1,G,30,IN,3,3,3,,,,
,,OT-1000-1,Unisex,Menge auswählen,1 Dose à 6.40,,,,,,,,,,6.40,,1,G,30,IN,3,3,3,,,Oliver Twist,Original
COLD AW,"<p class=""MsoNormal""><span lang=""DE-AT"" style=""mso-ansi-language: DE-AT;"">Der edel COLD ist in aller Munde und wurde bereits im ersten Jahr zum beliebtesten und meistverkauften All-White-Snus auf dem Schweizer Markt. Diese einzigartige Minz-Menthol-Mischung mit Frische-Booster und einem Nikotingehalt von 20 mg/g wurde speziell für die Vorlieben der heimischen Konsumenten entwickelt. Mit der erfrischenden Kraft des COLD bist du für alles gewappnet – jederzeit und überall.</span><span lang=""DE"" style=""mso-ansi-language: DE;""></span></p>",COLD AW,Unisex,,,,,,,https://cdn.shopify.com/s/files/1/0072/0646/9679/files/edelsnus_PP_Top_Cold_wo_Shadow.png,,,,,5.90,,1,G,14,IN,3,3,3,,,,
,,ED-1010-1,Unisex,Title,Default Title,,,,,,,,,,5.90,,1,G,14,IN,3,3,3,,,edel,COLD AW
CITRUS AW,"<p class=""MsoNormal""><span lang=""DE-AT"" style=""mso-ansi-language: DE-AT;"">Diese harmonische Symphonie aus den beliebtesten Zitrusfrüchten, gepaart mit einem Nikotingehalt von 15mg/g, verleiht diesem All-White Snus eine unwiderstehliche Vollendung. Ein Hauch von Sonne, Strand und Meer lässt dich Tagträumen und verleiht deinem Moment der Entspannung eine Extraportion Frische.</span><span lang=""DE"" style=""mso-ansi-language: DE;""></span></p>",CITRUS AW,Unisex,,,,,,,https://cdn.shopify.com/s/files/1/0072/0646/9679/files/edelsnus_PP_Top_Citrus_wo_Shadow.png,,,,,5.90,,1,G,14,IN,3,3,3,,,,
,,ED-2010-1,Unisex,Title,Default Title,,,,,,,,,,5.90,,1,G,14,IN,3,3,3,,,edel,CITRUS AW
MELON AW,"<p class=""MsoNormal""><span lang=""DE-AT"" style=""mso-ansi-language: DE-AT;"">Vermisst du das erfrischende Gefühl einer saftigen Wassermelone? Dann ist der edel MELON mit seinem fruchtigen Aroma und einem Nikotingehalt von 15 mg/g genau das Richtige für dich. Kaugummi war gestern!</span><span lang=""DE"" style=""mso-ansi-language: DE;""></span></p>",MELON AW,Unisex,,,,,,,https://cdn.shopify.com/s/files/1/0072/0646/9679/files/edelsnus_PP_Top_Melon_wo_Shadow_a6003fed-4760-413e-8100-ea4462fb1d13.png,,,,,5.90,,1,G,14,IN,3,3,3,,,,
,,ED-3010-1,Unisex,Title,Default Title,,,,,,,,,,5.90,,1,G,14,IN,3,3,3,,,edel,MELON AW
BERRY AW,"<p class=""MsoNormal""><span lang=""DE-AT"" style=""mso-ansi-language: DE-AT;"">Bist du es leid, immer das Gleiche zu haben? Dann gönn dir doch mal etwas Besonderes mit edel BERRY. Diese Mischung aus köstlichen Waldbeeren und 10 mg/g Nikotin wird deine Sinne verzaubern und ist auch für Neueinsteiger geeignet. Erlebe einen neuen Geschmackshorizont!</span><span lang=""DE"" style=""mso-ansi-language: DE;""></span></p>",BERRY AW,Unisex,,,,,,,https://cdn.shopify.com/s/files/1/0072/0646/9679/files/edelsnus_PP_Top_Berry_wo_Shadow.png,,,,,5.90,0.00,1,G,14000,IN,3,3,3,,,,
,,ED-4010-1,Unisex,Title,Default Title,,,,,,,,,,5.90,0.00,1,G,14000,IN,3,3,3,,,edel,BERRY AW
CBD MINT,"<p class=""MsoNormal""><span lang=""DE-AT"" style=""mso-ansi-language: DE-AT;"">Um dem Druck der modernen Gesellschaft standzuhalten, ist es wichtig, Momente der Entspannung zu finden. Daher präsentieren wir mit Stolz den weltweit ersten CBD ALL WHITE. Diese Minz-Mischung ist frei von Nikotin und enthält Cannabinoide (12mg/g CBD), die deinen easy Flow aufrechterhalten und das ohne Belastung der Lunge.</span><span lang=""DE"" style=""mso-ansi-language: DE;""></span></p>",CBD MINT,Unisex,,,,,,,https://cdn.shopify.com/s/files/1/0072/0646/9679/files/edelsnus_PP_Top_Mint_CBD_wo_Shadow.png,,,,,5.90,,1,G,14,IN,3,3,3,,,,
,,ED-5010-1,Unisex,Title,Default Title,,,,,,,,,,5.90,,1,G,14,IN,3,3,3,,,edel,CBD MINT
MINT AW,"<p class=""MsoNormal""><span lang=""DE-AT"" style=""mso-ansi-language: DE-AT;"">Entdecke den neuen Standard von Frische – edel MINT mit einem Hauch von Minze. Der wohl beliebteste Snus-Geschmack ist jetzt auch mit reduziertem Nikotingehalt erhältlich! Mit nur 10 mg/g Nikotin ist der edel MINT der ideale Begleiter für deinen Alltag. Gönn dir einen Moment der Erfrischung, wann immer du willst!</span><span lang=""DE"" style=""mso-ansi-language: DE;""></span></p>",MINT AW,Unisex,,,,,,,https://cdn.shopify.com/s/files/1/0072/0646/9679/files/edelsnus_PP_Top_Mint_wo_Shadow.png,,,,,5.90,0.00,1,G,1,IN,3,3,3,,,,
,,ED-7010-1,Unisex,Title,Default Title,,,,,,,,,,5.90,0.00,1,G,1,IN,3,3,3,,,edel,MINT AW
LYCHEE AW,Empfindliche Gaumen aufgepasst: Hier kommt der LYCHEE! Der ausgewogene Geschmack nach Lychee mit einem Hauch von Rosenduft kombiniert mit 5mg/g Nikotin führt zu einer sanften Balance der Sinne - perfekt für Einsteiger.,LYCHEE AW,Unisex,,,,,,,https://cdn.shopify.com/s/files/1/0072/0646/9679/files/edel-snus-lychee-aw.png,,,,,6.90,0.00,1,G,1,IN,3,3,3,,,,
,,ED-8010-1,Unisex,Title,Default Title,,,,,,,,,,6.90,0.00,1,G,1,IN,3,3,3,,,edel,LYCHEE AW
ONYX AW,"Der edel ONYX ist das bisher stärkste All White Produkt auf dem Schweizer Markt. Eine Mischung saftiger Bergkräuter mit einem Hauch von Eukalyptus. ONYX ist nichts für schwache Gemüter, aber trotzdem unglaublich lecker. Bist du bereit für den Kick?",ONYX AW,Unisex,,,,,,,https://cdn.shopify.com/s/files/1/0072/0646/9679/files/edelsnus_PP_Top_Onyx_wo_Shadow.png,,,,,5.90,0.00,1,G,28000,IN,3,3,3,,,,
,,ED-9010-1,Unisex,Title,Default Title,,,,,,,,,,5.90,0.00,1,G,28000,IN,3,3,3,,,edel,ONYX AW
COLD AW Bigpack,Der edel COLD ist in aller Munde und wurde bereits im ersten Jahr zum beliebtesten und meistverkauften All White Snus Produkt auf dem Schweizer Markt. Diese einzigartige Minz-Menthol Mischung mit Frischebooster und 20 mg/g Nikotin wurde speziell für die Vorlieben der heimischen Konsumenten entwickelt. Mit der Kraft des COLD kann kommen was wolle - immer und überall. Jetzt auch in der Vorteilspackung aus umweltfreundlichem Karton mit 100 Snusbeuteln!,COLD AW Bigpack,Unisex,,,,,,,https://cdn.shopify.com/s/files/1/0072/0646/9679/files/edelsnus-cold-all-white-big-pack-20.png,https://cdn.shopify.com/s/files/1/0072/0646/9679/products/edelsnus-cold-all-white-big-pack-comparison.png,,,,24.90,0.00,1,G,1,IN,3,3,3,,,,
,,ED-1020-1,Unisex,Title,Default Title,,,,,,,,,,24.90,0.00,1,G,1,IN,3,3,3,,,edel,COLD AW Bigpack
ONYX AW Bigpack,"<p>Der edel ONYX ist das bisher stärkste All White Produkt auf dem Schweizer Markt. Eine Mischung saftiger Bergkräuter mit einem Hauch von Eukalyptus. ONYX ist nichts für schwache Gemüter, aber trotzdem unglaublich lecker. Bist du bereit für den Kick? Jetzt auch in der Vorteilspackung aus umweltfreundlichem Karton mit 100 Snusbeuteln!</p>",ONYX AW Bigpack,Unisex,,,,,,,https://cdn.shopify.com/s/files/1/0072/0646/9679/files/edelsnus-onyx-all-white-big-pack-20.png,https://cdn.shopify.com/s/files/1/0072/0646/9679/products/edelsnus-onyx-all-white-big-pack-comparison.png,,,,24.90,0.00,1,G,1,IN,3,3,3,,,,
,,ED-9020-1,Unisex,Title,Default Title,,,,,,,,,,24.90,0.00,1,G,1,IN,3,3,3,,,edel,ONYX AW Bigpack
FOREVER ICE AW,"<p>Entdecke unseren erfrischenden und belebenden edel FOREVER ICE! Tauche ein in den leicht süsslichen Geschmack von Gletscherminze und erinnere Dich an das unvergleichliche Gefühl Deiner Lieblings-Eisbonbons in Kombination mit einem wuchtigen Nikotinkick!</p>
<p><strong>Durch deinen Kauf unterstützt Du den Verein ""Gletscher und Klima“, der sich für das wissenschaftliche Langzeitmonitoring der Alpen-Gletscher einsetzt – die Basis für effektive Massnahmen und eine Zukunft mit einem gesunden Klima. Mit einem Beitrag von CHF 1.- pro verkaufter Dose, welcher von edelsnus übernommen wird, gibt es keine Ausreden mehr sich nicht zu engagieren…</strong> 😊 <a href=""https://edelsnus.com/verein-gletscher-und-klima/"">Erfahre mehr</a></p>",FOREVER ICE AW,Unisex,,,,,,,https://cdn.shopify.com/s/files/1/0072/0646/9679/files/edelsnus_PP_Top_ForEverIce_wo_Shadow.png,,,,,5.90,0.00,1,G,14,IN,3,3,3,,,,
,,ED-1115-1,Unisex,Title,Default Title,,,,,,,,,,5.90,0.00,1,G,14,IN,3,3,3,,,edel,FOREVER ICE AW
BERRY ICE AW,"<span>Entdecke die erfrischende kühle des edel BERRY ICE! Diese einzigartige Mischung mit kräftigen 20 mg/g Nikotin verführt deine Sinne mit dem kühlen Hauch von Menthol, perfekt kombiniert mit dem saftigen Geschmack von Waldbeeren. Ein Genuss, der die Natur in deinen Gaumen zaubert und dich in eine belebende Geschmacksexplosion entführt.</span>",BERRY ICE AW,Unisex,,,,,,,https://cdn.shopify.com/s/files/1/0072/0646/9679/files/edelsnus_PP_Top_Berry-Ice_wo_Shadow.png,,,,,5.90,0.00,1,G,12,IN,3,3,3,,,,
,,ED-4110-1,Unisex,Title,Default Title,,,,,,,,,,5.90,0.00,1,G,12,IN,3,3,3,,,edel,BERRY ICE AW
STRUDEL AW,"Winterfreunde aufgepasst. Unser edel Strudel entführt Dich auf eine kulinarische Reise durch die festliche Atmosphäre der Winterzeit. <br data-mce-fragment=""1"">Der süsse Geschmack reifer Äpfel verbindet sich harmonisch mit der warmen Würze von Zimt, um ein delikates Aroma zu schaffen. <br data-mce-fragment=""1"">Diese einzigartige Kreation ist nicht nur ein Genuss für den Gaumen, sondern auch eine Hommage an die gemütlichen Momente der Weihnachtszeit.",STRUDEL AW,Unisex,,,,,,,https://cdn.shopify.com/s/files/1/0072/0646/9679/files/edelsnus_PP_Top_Strudel_wo_Shadow.png,,,,,5.90,0.00,1,G,1,IN,3,3,3,,,,
,,ED-1215-1,Unisex,Title,Default Title,,,,,,,,,,5.90,0.00,1,G,1,IN,3,3,3,,,edel,STRUDEL AW
SPEARMINT AW Mini,"<p class=""MsoNormal""><span lang=""DE-AT"" style=""mso-ansi-language: DE-AT;"">Mach dich bereit für das ultimative Frischeerlebnis mit den brandneuen Mini Pouches von edel! Der edel Spearmint Mini ist eine sorgfältig ausgewählte Kombination aus knackiger Frische und intensiver Minznote – dein perfekter Begleiter für jeden Moment, der nach einen Kick und Frische verlangt.</span><span lang=""DE"" style=""mso-ansi-language: DE;""></span></p>",SPEARMINT AW Mini,Unisex,,,,,,,https://cdn.shopify.com/s/files/1/0072/0646/9679/files/edelsnus_PP_Top_Spearmint-Mini_wo_Shadow_ec55fe19-f59c-459c-afd8-3219fed27915.png,,,,,5.90,,1,G,1,IN,3,3,3,,,,
,,ED-7110-1,Unisex,Title,Default Title,,,,,,,,,,5.90,,1,G,1,IN,3,3,3,,,edel,SPEARMINT AW Mini
MELON AW Mini,"<p class=""MsoNormal""><span lang=""DE-AT"" style=""mso-ansi-language: DE-AT;"">Lass dich vom verlockenden Geschmack des edel MELON MINI verführen, der als Slim-Variante bereits die Herzen eroberte – jetzt in brandneuen Mini-Pouches, perfekt abgestimmt in der Grösse bei gleichem Nikotingehalt.</span><span lang=""DE"" style=""mso-ansi-language: DE;""></span></p>",MELON AW Mini,Unisex,,,,,,,https://cdn.shopify.com/s/files/1/0072/0646/9679/files/edelsnus_PP_Top_Melon-Mini_wo_Shadow_06f3b3d1-7efa-44f8-91fa-311b02f97aa5.png,,,,,5.90,0.00,1,G,1,IN,3,3,3,,,,
,,ED-3110-1,Unisex,Title,Default Title,,,,,,,,,,5.90,0.00,1,G,1,IN,3,3,3,,,edel,MELON AW Mini
edelsnus Mix,"<p>Du bist Dir nicht sicher welcher edelsnus der passende für Dich ist? Kein Problem - mit diesem Mixpack kannst Du Dich durch das edelsnus Sortiment probieren und dabei noch sparen!</p>
<p>Mit schwedischer Unterstützung beim Aufbau der Produktion und lokalen Partnerschaften im Bereich Nikotin- und Aromatechnologie ist es edelsnus gelungen, ein unvergleichliches Snusprodukt zu kreieren. edelsnus verwendet ausschliesslich in der Schweiz hergestellte Rohstoffe um uns in Bezug auf Qualität und Geschmack abzuheben.</p>
<p>Sämtliche Produkte  sind frei von Nikotin und beinhalten einen Nikotingehalt zwischen 10 mg/g und 25 mg/g. <br>Geschmacklich geht die Reise vom beliebtesten Snus Aroma Menthol, über exotische Aromen wie Melone bis hin zu Eukalyptus. <br></p>
<p>Dieses Bundle enthaltet:</p>
<p><em class=""text-italic"">1x <a href=""https://snushus.ch/products/edel-snus-cold-all-white"">edelsnus COLD</a><br>1x<span> </span><a href=""https://snushus.ch/products/edel-snus-citrus-all-white"">edelsnus CITRUS</a><br>1x<span> </span><a href=""https://snushus.ch/products/edel-snus-melon-all-white"">edelsnus MELON</a><br>1x<span> </span><a href=""https://snushus.ch/products/edel-snus-berry-all-white"">edelsnus BERRY</a><br>1x<span> </span><a href=""https://snushus.ch/products/edel-snus-onyx-all-white"">edelsnus ONYX</a></em></p>
<p>Spare beim Kauf von diesem Bundle 28% auf den regulären Preis! <em class=""text-italic""><br></em>Hast Du den passenden edelsnus gefunden? Hier findest Du alle Produkte von<span> </span><a href=""https://snushus.ch/collections/edel-weiss-snus""><u class=""text-underline"">edelsnus</u></a>!</p>
<!---->",edelsnus Mix,Unisex,,,,,,,https://cdn.shopify.com/s/files/1/0072/0646/9679/files/edel-swissmade-allwhite-mixpack_0394b784-e20b-4e37-a81e-4adf8f233c72.png,,,,,34.50,24.90,1,G,1,IN,3,3,3,,,,
,,MIX-ED01,Unisex,Title,Default Title,,,,,,,,,,34.50,24.90,1,G,1,IN,3,3,3,,,edel,edelsnus Mix
Ettan OP,"<meta charset=""utf-8"">
<div class=""item flex "">
<div class=""title""></div>
</div>
<div class=""item flex "">
<div class=""info"">
<p><span>ETTAN - DAS ORIGINAL. Ettan Original Portion kommt mit traditionellem Tabakgeschmack. Voll, robust und leicht rauchig. Die Portionen sind geschmacksgefüllt aber aussenrum trocken und bieten langanhaltende Geschmacksfreisetzung. </span></p>
<p><span>Ettan ist Tradition und </span>eine der ältesten Snusmarken Schwedens. Das Rezept wurde <span>seit 1822 im Grossen und Ganzen nicht verändert. Der traditionelle Tabak-Geschmack ist hier etwas milder, weshalb die rauchigen Aromen gut zur Geltung kommen, des Weiteren können Einschläge von Heu, Teer und Malz und auch ein Hauch dunkler Schokolade erahnt werden. </span></p>
</div>
<div class=""info"">
<div class=""info""> </div>
</div>
</div>",Ettan OP,Unisex,,,,,,,https://cdn.shopify.com/s/files/1/0072/0646/9679/products/ettan-original-portion.png,,,,,5.90,0.00,1,G,30,IN,3,3,3,,,,
,,ET-1005-1,Unisex,Title,Default Title,,,,,,,,,,5.90,0.00,1,G,30,IN,3,3,3,,,Ettan,Ettan OP
Loose,"<p><span data-mce-fragment=""1""><strong><a href=""https://snushus.ch/collections/ettan"">Ettan</a> </strong>ist Tradition und eine der ältesten Snusmarken Schwedens. Das Rezept wurde seit 1822 im Grossen und Ganzen nicht verändert. Der traditionelle Tabak-Geschmack ist hier etwas milder, weshalb die rauchigen Aromen gut zur Geltung kommen, des Weiteren können Einschläge von Heu, Teer, Malz und auch ein Hauch dunkler Schokolade erahnt werden. </span></p>
<p><span data-mce-fragment=""1"">Bestelle jetzt den klassischen Ettan <strong><a href=""https://snushus.ch/collections/loose"">Loose Snus</a></strong> bei uns – den ältesten Snus auf dem Markt! Geniesse den einzigartigen Tabak Geschmack und das intensive Aroma. Lasse Dich von ihm begeistern!</span></p>
<p><br></p>",Loose,Unisex,,,,,,,https://cdn.shopify.com/s/files/1/0072/0646/9679/files/ettan-loose.png,,,,,5.90,0.00,1,G,1,IN,3,3,3,,,,
,,ET-1105-1,Unisex,Title,Default Title,,,,,,,,,,5.90,0.00,1,G,1,IN,3,3,3,,,Ettan,Loose
Rot -80 Degrees WDP Slim,"<div class=""info"">
<div class=""info"">
<p>Siberia White Dry ist ein Portionssnus mit einem sehr deutlichen Minzgeschmack und erscheint in trockenen Portionen mit niedrigerem Feuchtigkeitsgehalt, weshalb er auch weniger rinnt. Dieser Snus hat einen extrem hohen Nikotingehalt und eine Portion enthält mehr als fünfmal so viel Nikotin wie normal starker Snus (8 mg/g). Wird Menschen, die Nikotin gegenüber empfindlich sind, weniger empfohlen. Siberia zählt zusammen mit <a href=""https://snushus.ch/collections/odens"" title=""Oden´s"">Oden‘s</a> zu den beliebtesten Snusmarken der Schweiz.<span> Bei Fragen, Wünschen oder Anregungen kannst du uns gerne auf der </span><span></span><a href=""https://snushus.ch/pages/kontakt"" title=""Kontakt"">Kontaktseite<span> </span></a><span>schreiben. </span></p>
</div>
<div class=""info"">
<div class=""info"">
<div class=""item flex ""></div>
</div>
</div>
</div>
<div class=""info"">
<div class=""info"">
<div class=""item flex ""></div>
</div>
</div>",Rot -80 Degrees WDP Slim,Unisex,,,,,,,https://cdn.shopify.com/s/files/1/0072/0646/9679/files/siberia-red-white-dry-slim-portion.png,,,,,5.20,,1,G,30,IN,3,3,3,,,,
,,SI-1015-1,Unisex,Title,Default Title,,,,,,,,,,5.20,,1,G,30,IN,3,3,3,,,Siberia,Rot -80 Degrees WDP Slim
Rot -80 Degrees WDP,"<meta charset=""utf-8"">
<div class=""item flex"">
<div class=""title"">
<div class=""info"">
<p>Siberia White Dry ist ein Portionssnus mit einem sehr deutlichen Minzgeschmack und erscheint in trockenen Portionen mit niedrigerem Feuchtigkeitsgehalt, weshalb er auch weniger rinnt. Dieser Snus hat einen extrem hohen Nikotingehalt und eine Portion enthält mehr als fünfmal so viel Nikotin wie normal starker Snus (8 mg/g). Wird Menschen, die Nikotin gegenüber empfindlich sind, weniger empfohlen. Siberia zählt zusammen mit <a href=""https://snushus.ch/collections/odens"" title=""Odens"">Oden‘s</a> zu den beliebtesten Snusmarken der Schweiz. <span>Bei Fragen, Wünschen oder Anregungen </span><span>kannst du </span><span>uns </span><span>gerne auf der </span><span></span><a href=""https://snushus.ch/pages/kontakt"" title=""Kontakt"">Kontaktseite</a><span> s</span><span>chreiben</span><span>.</span></p>
</div>
</div>
</div>
<div class=""item flex""></div>",Rot -80 Degrees WDP,Unisex,,,,,,,https://cdn.shopify.com/s/files/1/0072/0646/9679/files/Snus_Container_Top_View_Siberia_White_Dry.png,,,,,5.20,,1,G,30,IN,3,3,3,,,,
,,SI-1005-1,Unisex,Title,Default Title,,,,,,,,,,5.20,,1,G,30,IN,3,3,3,,,Siberia,Rot -80 Degrees WDP
Cold Extreme WDP,"<meta charset=""utf-8"">
<div class=""item flex "">
<div class=""title""></div>
</div>
<div class=""item flex "">
<div class=""info"">
<p>Oden's Cold Extreme WDP (<strong>White Dry Portion</strong>) ist ein eiskalter Portionssnus mit einer minzigen Frische. Ganz besonders tritt ein Geschmack von Spearmint aus dem ansonsten traditionellen, erdnahen Tabakgeschmack hervor. Oden's Cold Dry ist ein sogenannter trockener Portionssnus, der nicht rinnt und ein noch erfrischenderes Gefühl bietet als andere Snus dieser Serie. Odens zählt zusammen mit <a href=""https://snushus.ch/collections/siberia"" title=""Siberia"">Siberia </a>zu den beliebtesten Snusmarken der Schweiz. Bei Fragen, Wünschen oder Anregungen kannst du uns gerne auf der <a href=""https://snushus.ch/pages/kontakt"" title=""Kontakt"">Kontaktseite</a> schreiben.</p>
</div>
<div class=""info""></div>
<div class=""info"">
<div class=""info"">
<div class=""item flex ""></div>
</div>
</div>
</div>",Cold Extreme WDP,Unisex,,,,,,,https://cdn.shopify.com/s/files/1/0072/0646/9679/files/Snus_Container_Top_View_Odens_Cold_Dry.png,,,,,4.80,,1,G,30,IN,3,3,3,,,,
,,OD-1005-1,Unisex,Title,Default Title,,,,,,,,,,4.80,,1,G,30,IN,3,3,3,,,Oden's,Cold Extreme WDP
Rot -80 Degrees WDP 500g Box,"<meta charset=""utf-8"">
<div class=""item flex "">
<div class=""title"">
<div class=""info"">
<span>Siberia White Dry ist ein Portionssnus mit einem sehr deutlichen Minzgeschmack und erscheint in trockenen Portionen mit niedrigerem Feuchtigkeitsgehalt, weshalb er auch weniger rinnt. Dieser Snus hat einen extrem hohen Nikotingehalt und eine Portion enthält mehr als fünfmal so viel Nikotin wie normal starker Snus (8 mg/g). Wird Menschen, die Nikotin gegenüber empfindlich sind, weniger empfohlen. Siberia zählt zusammen mit </span><a href=""https://snushus.ch/collections/odens"" title=""Odens"">Oden‘s</a><span> zu den beliebtesten Snusmarken der Schweiz. </span><span>Bei Fragen, Wünschen oder Anregungen </span><span>kannst du </span><span>uns </span><span>gerne auf der </span><span></span><a href=""https://snushus.ch/pages/kontakt"" title=""Kontakt"">Kontaktseite</a><span> s</span><span>chreiben</span><span>.</span><br>
</div>
<div class=""info"">
<div class=""info"">
<div class=""item flex "">
<div class=""title""><br></div>
</div>
</div>
</div>
</div>
</div>
<div class=""item flex ""></div>",Rot -80 Degrees WDP 500g Box,Unisex,,,,,,,https://cdn.shopify.com/s/files/1/0072/0646/9679/files/siberia-red-white-dry-portion-box_69687748-e850-4fc3-9cf0-e1238bdc67a5.png,,,,,129.00,0.00,1,G,600,IN,3,3,3,,,,
,,SI-1025-1,Unisex,Title,Default Title,,,,,,,,,,129.00,0.00,1,G,600,IN,3,3,3,,,Siberia,Rot -80 Degrees WDP 500g Box
Rot -80 Degrees WDP Slim 500g Box,"<meta charset=""utf-8"">
<div class=""item flex"">
<div class=""title"">
<div class=""info"">
<span>Siberia White Dry ist ein Portionssnus mit einem sehr deutlichen Minzgeschmack und erscheint in trockenen Portionen mit niedrigerem Feuchtigkeitsgehalt, weshalb er auch weniger rinnt. Dieser Snus hat einen extrem hohen Nikotingehalt und eine Portion enthält mehr als fünfmal so viel Nikotin wie normal starker Snus (8 mg/g). Wird Menschen, die Nikotin gegenüber empfindlich sind, weniger empfohlen. Siberia zählt zusammen mit </span><a href=""https://snushus.ch/collections/odens"" title=""Odens"">Oden‘s</a><span> zu den beliebtesten Snusmarken der Schweiz. </span><br>
</div>
<div class=""info"">
<div class=""info"">
<div class=""item flex"">
<div class=""title""><br></div>
</div>
</div>
</div>
</div>
</div>
<div class=""item flex""></div>",Rot -80 Degrees WDP Slim 500g Box,Unisex,,,,,,,https://cdn.shopify.com/s/files/1/0072/0646/9679/files/siberia-red-white-dry-portion-slim-box_9816a214-2e04-405a-9b47-983dd17d5d43.png,,,,,129.00,0.00,1,G,500,IN,3,3,3,,,,
,,SI-1125-1,Unisex,Title,Default Title,,,,,,,,,,129.00,0.00,1,G,500,IN,3,3,3,,,Siberia,Rot -80 Degrees WDP Slim 500g Box
Cold Extreme WDP 500g Box,"<meta charset=""utf-8"">
<div class=""item flex"">
<div class=""title"">
<div class=""info"">
<span>Oden's Cold Extreme WDP (</span><strong>White Dry Portion</strong><span>) ist ein eiskalter Portionssnus mit einer minzigen Frische. Ganz besonders tritt ein Geschmack von Spearmint aus dem ansonsten traditionellen, erdnahen Tabakgeschmack hervor. Oden's Cold Dry ist ein sogenannter trockener Portionssnus, der nicht rinnt und ein noch erfrischenderes Gefühl bietet als andere Snus dieser Serie. Odens zählt zusammen mit </span><a href=""https://snushus.ch/collections/siberia"" title=""Siberia"">Siberia<span> </span></a><span>zu den beliebtesten Snusmarken der Schweiz. Bei Fragen, Wünschen oder Anregungen kannst du uns gerne auf der </span><a href=""https://snushus.ch/pages/kontakt"" title=""Kontakt"">Kontaktseite</a><span> schreiben.</span>
</div>
<div class=""info"">
<div class=""info"">
<div class=""item flex""></div>
</div>
</div>
</div>
</div>
<div class=""item flex""></div>",Cold Extreme WDP 500g Box,Unisex,,,,,,,https://cdn.shopify.com/s/files/1/0072/0646/9679/products/odens-cold-extreme-white-dry-portion-box_0a9600d7-7d68-43ea-83dd-0cdfa830332f.png,,,,,109.00,0.00,1,G,600,IN,3,3,3,,,,
,,OD-1025-1,Unisex,Title,Default Title,,,,,,,,,,109.00,0.00,1,G,600,IN,3,3,3,,,Oden's,Cold Extreme WDP 500g Box
COLD AW,"<p class=""MsoNormal""><span lang=""DE-AT"" style=""mso-ansi-language: DE-AT;"">Der edel COLD ist in aller Munde und wurde bereits im ersten Jahr zum beliebtesten und meistverkauften All-White-Snus auf dem Schweizer Markt. Diese einzigartige Minz-Menthol-Mischung mit Frische-Booster und einem Nikotingehalt von 20 mg/g wurde speziell für die Vorlieben der heimischen Konsumenten entwickelt. Mit der erfrischenden Kraft des COLD bist du für alles gewappnet – jederzeit und überall.</span><span lang=""DE"" style=""mso-ansi-language: DE;""></span></p>",COLD AW,Unisex,,,,,,,https://cdn.shopify.com/s/files/1/0072/0646/9679/files/edelsnus_PP_Top_Cold_wo_Shadow.png,,,,,5.90,,1,G,14,IN,3,3,3,,,,
,,ED-1010-1,Unisex,Title,Default Title,,,,,,,,,,5.90,,1,G,14,IN,3,3,3,,,edel,COLD AW
Cold Extreme WDP Slim,"<meta charset=""utf-8"">
<div class=""item flex "">
<div class=""title""></div>
</div>
<div class=""item flex "">
<div class=""info"">
<div class=""info"">
<p>Oden's Extreme Cold Dry ist ein eiskalter Portionssnus mit einer minzigen Frische. Ganz besonders tritt ein Geschmack von Spearmint aus dem ansonsten traditionellen, erdnahen Tabakgeschmack hervor. Oden's Cold Dry ist ein sogenannter trockener Portionssnus, der nicht rinnt und ein noch erfrischenderes Gefühl bietet als andere Snus dieser Serie. Oden‘s zählt zusammen mit Siberia zu den beliebtesten Snusmarken der Schweiz.</p>
</div>
<div class=""info"">
<div class=""info"">
<div class=""item flex ""></div>
</div>
</div>
</div>
<div class=""info"">
<div class=""item flex ""></div>
</div>
</div>",Cold Extreme WDP Slim,Unisex,,,,,,,https://cdn.shopify.com/s/files/1/0072/0646/9679/files/odens-cold-extreme-white-dry-slim-portion.png,,,,,4.60,,1,G,30,IN,3,3,3,,,,
,,OD-1015-1,Unisex,Title,Default Title,,,,,,,,,,4.60,,1,G,30,IN,3,3,3,,,Oden's,Cold Extreme WDP Slim
Cold Extreme WP,"<meta charset=""utf-8"">
<div class=""item flex "">
<div class=""title""></div>
</div>
<div class=""item flex "">
<div class=""info"">
<p>Oden's Cold Extreme White Portion ist ein Portionssnus mit einem süssen Minzgeschmack und viel Nikotin. Das Tabakaroma ist hervorstechend und verleiht dem Snus einen traditionellen Geschmack, zusammen mit der Minze. <span>Zusammen mit </span><a href=""https://snushus.ch/collections/siberia"" title=""Siberia"">Siberia<span> </span></a><span>gehört Oden´s zu den beliebtesten Snus-Marken. </span><span>Bei Fragen, Wünschen oder Anregungen </span><span>kannst du </span><span>uns </span><span>gerne auf der </span><span></span><a href=""https://snushus.ch/pages/kontakt"" title=""Kontakt"">Kontaktseite</a><span> s</span><span>chreiben</span><span>.</span></p>
</div>
<div class=""info"">
<div class=""info"">
<div class=""item flex "">
<div class=""title""></div>
<div class=""title""></div>
</div>
</div>
</div>
</div>",Cold Extreme WP,Unisex,,,,,,,https://cdn.shopify.com/s/files/1/0072/0646/9679/files/Snus_Container_Top_View_Odens_Cold_Extreme_WP.png,,,,,4.80,,1,G,30,IN,3,3,3,,,,
,,OD-2005-1,Unisex,Title,Default Title,,,,,,,,,,4.80,,1,G,30,IN,3,3,3,,,Oden's,Cold Extreme WP
ONYX AW,"Der edel ONYX ist das bisher stärkste All White Produkt auf dem Schweizer Markt. Eine Mischung saftiger Bergkräuter mit einem Hauch von Eukalyptus. ONYX ist nichts für schwache Gemüter, aber trotzdem unglaublich lecker. Bist du bereit für den Kick?",ONYX AW,Unisex,,,,,,,https://cdn.shopify.com/s/files/1/0072/0646/9679/files/edelsnus_PP_Top_Onyx_wo_Shadow.png,,,,,5.90,0.00,1,G,28000,IN,3,3,3,,,,
,,ED-9010-1,Unisex,Title,Default Title,,,,,,,,,,5.90,0.00,1,G,28000,IN,3,3,3,,,edel,ONYX AW
Mighty Peppermint MAX AW,"<div class=""info"">
<div class=""info"">
<div class=""item flex"">
<div class=""title"">
<p>Erlebe <a href=""https://snushus.ch/collections/velo-snus"">VELO</a> Mighty Peppermint MAX All White – Dein extrem starker Begleiter für ein intensives Nikotinerlebnis. Mit einer Stärke von 6/5 und einem beeindruckenden Nikotingehalt von 24 mg/g bietet Dir dieser Snus eine außergewöhnlich starke und langanhaltende Wirkung. Die 20 Slim Beutel sind perfekt für diskreten und bequemen Genuss und enthalten einen erfrischenden Minzgeschmack.</p>
<p><strong>Der altbekannte VELO Freeze Max trägt nun den Namen VELO Mighty Peppermint MAX und erstrahlt in einem neuen Deisgn</strong>.</p>
<p>Auf aromatisierter Zellulosebasis und völlig frei von Tabak kommen auch die VELO Beutel im Slim Format. Ohne Tabak bedeutet kein gewöhnungsbedürftiger Tabakgeruch sowie keine Tabakschadstoffe – weltweit gibt es aktuell keine weniger schädliche Art, Nikotin zu konsumieren. All White Snus / Nicotine Pouches bieten sich deshalb vor allem Rauchern an, die mit herkömmlichen Methoden zur Rauchentwöhnung wie Nikotinpflastern, Nikotinkaugummis oder Nikotinsprays wenig Erfolg haben.</p>
<p>Geniesse die kraftvolle Frische von VELO Mighty Peppermint MAX All White und erlebe die Vorteile eines tabakfreien Nikotinerlebnisses. Bestelle jetzt online und entdecke, warum VELO die bevorzugte Wahl für Snus-Liebhaber ist. Gönn Dir diesen extrem starken und erfrischenden Genuss und bringe Frische in Deinen Alltag!</p>
<p>EPOK, LYFT oder VELO?<span> </span><a href=""https://snushus.ch/blogs/snusbuch/epok-und-lyft-werden-ersetzt-mit-velo"">Hier findest Du alle Informationen zu diesem Thema!</a></p>
</div>
</div>
</div>
</div>",Mighty Peppermint MAX AW,Unisex,,,,,,,https://cdn.shopify.com/s/files/1/0072/0646/9679/files/velo-mighty-peppermint-6-aw.png,,,,,5.20,0.00,1,G,14,IN,3,3,3,,,,
,,VE-1115-1,Unisex,Title,Default Title,,,,,,,,,,5.20,0.00,1,G,14,IN,3,3,3,,,VELO (SE),Mighty Peppermint MAX AW
Traube-Minze AW,"La Fruteria - Traube Minze wurde kreiert um den beliebtesten Shisha Geschmack in einen Pouch zu packen. Ganz nach dem Gusto von allen Wasserpfeifen Liebhabern. Frisch und trotzdem fruchtig, dazu sehr stark - ohne dass das Produkt gleichzeitig gefährlich ist wie zum Beispiel <a href=""https://snushus.ch/blogs/snusbuch/supreme-snus-co-nikotingehalt-erklart-das-problem-im-uberblick"">Supreme Snus</a>, da es in der Schweiz produziert wird",Traube-Minze AW,Unisex,,,,,,,https://cdn.shopify.com/s/files/1/0072/0646/9679/files/Snus_Container_Top_View_La_Fruteria_Traube_83d3cadd-4fe2-42d4-ad6f-3f16397c5496.png,,,,,7.90,0.00,1,G,14,IN,3,3,3,,,,
,,LF-1000-1,Unisex,Title,Default Title,,,,,,,,,,7.90,0.00,1,G,14,IN,3,3,3,,,La Fruteria,Traube-Minze AW
Cold Extreme WP Slim,"<meta charset=""utf-8"">
<div class=""item flex"">
<div class=""title""></div>
</div>
<div class=""item flex"">
<div class=""info"">
<div class=""info"">
<p><span>Odens Cold Extreme Slim White Portion ist ein kraftvoller und starker Snus mit kühlen Aromen von echten Minzölen. Der Nikotingehalt beträgt 22 mg / g und die schlanken Portionen sind etwas kleiner und schmecken lange.</span></p>
</div>
<div class=""info"">
<div class=""info"">
<div class=""item flex""></div>
</div>
</div>
</div>
<div class=""info"">
<div class=""item flex""></div>
</div>
</div>",Cold Extreme WP Slim,Unisex,,,,,,,https://cdn.shopify.com/s/files/1/0072/0646/9679/files/odens-white-slim-portion.png,,,,,4.60,,1,G,20,IN,3,3,3,,,,
,,OD-2015-1,Unisex,Title,Default Title,,,,,,,,,,4.60,,1,G,20,IN,3,3,3,,,Oden's,Cold Extreme WP Slim
Rot -80 Degrees WDP Mini,"<div class=""info"">
<div class=""info""><p>Siberia White Dry ist ein Portionssnus mit einem sehr deutlichen Minzgeschmack und erscheint in trockenen Portionen mit niedrigerem Feuchtigkeitsgehalt, weshalb er auch weniger rinnt. Dieser Snus hat einen extrem hohen Nikotingehalt und eine Portion enthält mehr als fünfmal so viel Nikotin wie normal starker Snus (8 mg/g). Wird Menschen, die Nikotin gegenüber empfindlich sind, weniger empfohlen. Siberia zählt zusammen mit <a href=""https://snushus.ch/collections/odens"" title=""Oden´s"">Oden‘s</a> zu den beliebtesten Snusmarken der Schweiz.<span> Bei Fragen, Wünschen oder Anregungen kannst du uns gerne auf der </span><span></span><a href=""https://snushus.ch/pages/kontakt"" title=""Kontakt"">Kontaktseite<span> </span></a><span>schreiben. </span></p></div>
<div class=""info""><div class=""info""><div class=""item flex ""></div></div></div>
</div><div class=""info""><div class=""info""><div class=""item flex ""></div></div></div>",Rot -80 Degrees WDP Mini,Unisex,,,,,,,https://cdn.shopify.com/s/files/1/0072/0646/9679/files/Snus_Container_Top_View_Siberia_White_Dry_Mini.png,,,,,4.90,0.00,1,G,9,IN,3,3,3,,,,
,,SI-1115-1,Unisex,Title,Default Title,,,,,,,,,,4.90,0.00,1,G,9,IN,3,3,3,,,Siberia,Rot -80 Degrees WDP Mini
Mighty Peppermint ULTRA AW,"<p>Erlebe <a href=""https://snushus.ch/collections/velo-snus"">VELO</a> Mighty Peppermint ULTRA All White – Dein kraftvoller Begleiter für ein erfrischendes und starkes Nikotinerlebnis. Mit einer Stärke von 5/5 und einem Nikotingehalt von 20 mg/g bietet Dir dieser Snus eine intensive und langanhaltende Wirkung. Die 20 Slimbeutel sind ideal für diskreten und bequemen Genuss und enthalten einen belebenden Geschmack von Pfefferminze und Menthol.</p>
<p><strong>Der VELO Mighty Peppermint ULTRA ist das neuste Produkt von VELO und ersetzt den altbekannten VELO Freeze Ultra</strong>. </p>
<p>Auf aromatisierter Zellulosebasis und völlig frei von Tabak kommen auch die VELO Beutel im Slim Format. Ohne Tabak bedeutet kein gewöhnungsbedürftiger Tabakgeruch sowie keine Tabakschadstoffe – weltweit gibt es aktuell keine weniger schädliche Art, Nikotin zu konsumieren. All White Snus / Nicotine Pouches sind besonders für Raucher geeignet, die mit herkömmlichen Methoden zur Rauchentwöhnung wie Nikotinpflastern, Nikotinkaugummis oder Nikotinsprays wenig Erfolg haben.</p>
<p>Erlebe den Unterschied mit VELO Mighty Peppermint ULTRA All White. Lass Dich von der kraftvollen Frische und der praktischen Handhabung überzeugen.</p>
<p>EPOK, LYFT oder VELO? <a href=""https://snushus.ch/blogs/snusbuch/epok-und-lyft-werden-ersetzt-mit-velo"">Hier findest Du alle Informationen zu diesem Thema!</a></p>",Mighty Peppermint ULTRA AW,Unisex,,,,,,,https://cdn.shopify.com/s/files/1/0072/0646/9679/files/Velo-mighty-peppermint-ultra.png,,,,,5.20,0.00,1,G,14,IN,3,3,3,,,,
,,VE-1125-1,Unisex,Title,Default Title,,,,,,,,,,5.20,0.00,1,G,14,IN,3,3,3,,,VELO (SE),Mighty Peppermint ULTRA AW
Soldat Extreme WDP,"<meta charset=""utf-8"">
<div class=""item flex"">
<div class=""title""></div>
</div>
<div class=""item flex"">
<div class=""info"">
<p>Soldat Extreme - für die langen Tage auf dem Feld!<br><br>Mit seinen unglaublichen 45 mg/g Nikotingehalt gibt er jedem Snuser einen unverwechselbaren, lang anhaltenden Kick. Unter der Lippe fühlen sich die Beutel sehr geschmeidig an und der Minz/Menthol Geschmack kommt angenehm zur Geltung. Ideal für lange Einsätze im Militär oder für Siberia-Snuser, die gerne mal etwas Neues probieren möchten...</p>
<p> </p>
</div>
<div class=""info"">
<div class=""info""></div>
</div>
</div>",Soldat Extreme WDP,Unisex,,,,,,,https://cdn.shopify.com/s/files/1/0072/0646/9679/files/Snus_Container_Top_View_Soldat.png,,,,,3.90,,1,G,30,IN,3,3,3,,,,
,,SO-3005-1,Unisex,Title,Default Title,,,,,,,,,,3.90,,1,G,30,IN,3,3,3,,,Soldat,Soldat Extreme WDP
Ice Cold AW,<span>Die Pablo-Nikotinbeutel sind auf dem europäischen Markt sehr beliebt und werden aufgrund ihrer starken Nikotinabgabe schon seit Jahren verwendet.</span>,Ice Cold AW,Unisex,,,,,,,https://cdn.shopify.com/s/files/1/0072/0646/9679/products/6d83f66db85a8b33b6183e2b94acd5f0.jpg,,,,,5.20,0.00,1,G,28000,IN,3,3,3,,,,
,,PA-1005-1,Unisex,Title,Default Title,,,,,,,,,,5.20,0.00,1,G,28000,IN,3,3,3,,,Pablo,Ice Cold AW
FOREVER ICE AW,"<p>Entdecke unseren erfrischenden und belebenden edel FOREVER ICE! Tauche ein in den leicht süsslichen Geschmack von Gletscherminze und erinnere Dich an das unvergleichliche Gefühl Deiner Lieblings-Eisbonbons in Kombination mit einem wuchtigen Nikotinkick!</p>
<p><strong>Durch deinen Kauf unterstützt Du den Verein ""Gletscher und Klima“, der sich für das wissenschaftliche Langzeitmonitoring der Alpen-Gletscher einsetzt – die Basis für effektive Massnahmen und eine Zukunft mit einem gesunden Klima. Mit einem Beitrag von CHF 1.- pro verkaufter Dose, welcher von edelsnus übernommen wird, gibt es keine Ausreden mehr sich nicht zu engagieren…</strong> 😊 <a href=""https://edelsnus.com/verein-gletscher-und-klima/"">Erfahre mehr</a></p>",FOREVER ICE AW,Unisex,,,,,,,https://cdn.shopify.com/s/files/1/0072/0646/9679/files/edelsnus_PP_Top_ForEverIce_wo_Shadow.png,,,,,5.90,0.00,1,G,14,IN,3,3,3,,,,
,,ED-1115-1,Unisex,Title,Default Title,,,,,,,,,,5.90,0.00,1,G,14,IN,3,3,3,,,edel,FOREVER ICE AW
COLD AW Bigpack,Der edel COLD ist in aller Munde und wurde bereits im ersten Jahr zum beliebtesten und meistverkauften All White Snus Produkt auf dem Schweizer Markt. Diese einzigartige Minz-Menthol Mischung mit Frischebooster und 20 mg/g Nikotin wurde speziell für die Vorlieben der heimischen Konsumenten entwickelt. Mit der Kraft des COLD kann kommen was wolle - immer und überall. Jetzt auch in der Vorteilspackung aus umweltfreundlichem Karton mit 100 Snusbeuteln!,COLD AW Bigpack,Unisex,,,,,,,https://cdn.shopify.com/s/files/1/0072/0646/9679/files/edelsnus-cold-all-white-big-pack-20.png,https://cdn.shopify.com/s/files/1/0072/0646/9679/products/edelsnus-cold-all-white-big-pack-comparison.png,,,,24.90,0.00,1,G,1,IN,3,3,3,,,,
,,ED-1020-1,Unisex,Title,Default Title,,,,,,,,,,24.90,0.00,1,G,1,IN,3,3,3,,,edel,COLD AW Bigpack
BERRY ICE AW,"<span>Entdecke die erfrischende kühle des edel BERRY ICE! Diese einzigartige Mischung mit kräftigen 20 mg/g Nikotin verführt deine Sinne mit dem kühlen Hauch von Menthol, perfekt kombiniert mit dem saftigen Geschmack von Waldbeeren. Ein Genuss, der die Natur in deinen Gaumen zaubert und dich in eine belebende Geschmacksexplosion entführt.</span>",BERRY ICE AW,Unisex,,,,,,,https://cdn.shopify.com/s/files/1/0072/0646/9679/files/edelsnus_PP_Top_Berry-Ice_wo_Shadow.png,,,,,5.90,0.00,1,G,12,IN,3,3,3,,,,
,,ED-4110-1,Unisex,Title,Default Title,,,,,,,,,,5.90,0.00,1,G,12,IN,3,3,3,,,edel,BERRY ICE AW
Extremely Strong AW Slim,Der beliebteste Brand der Schweizer kommt nun auch mit einer All-White Variante daher! Der Siberia Extremely Strong AW kommt mit starken 33 mg/g Nikotin.,Extremely Strong AW Slim,Unisex,,,,,,,https://cdn.shopify.com/s/files/1/0072/0646/9679/products/Siberia-all-white-slim-sized600.jpg,,,,,6.90,,1,G,15,IN,3,3,3,,,,
,,SI-9015-1,Unisex,Title,Default Title,,,,,,,,,,6.90,,1,G,15,IN,3,3,3,,,Siberia,Extremely Strong AW Slim
ONYX AW Bigpack,"<p>Der edel ONYX ist das bisher stärkste All White Produkt auf dem Schweizer Markt. Eine Mischung saftiger Bergkräuter mit einem Hauch von Eukalyptus. ONYX ist nichts für schwache Gemüter, aber trotzdem unglaublich lecker. Bist du bereit für den Kick? Jetzt auch in der Vorteilspackung aus umweltfreundlichem Karton mit 100 Snusbeuteln!</p>",ONYX AW Bigpack,Unisex,,,,,,,https://cdn.shopify.com/s/files/1/0072/0646/9679/files/edelsnus-onyx-all-white-big-pack-20.png,https://cdn.shopify.com/s/files/1/0072/0646/9679/products/edelsnus-onyx-all-white-big-pack-comparison.png,,,,24.90,0.00,1,G,1,IN,3,3,3,,,,
,,ED-9020-1,Unisex,Title,Default Title,,,,,,,,,,24.90,0.00,1,G,1,IN,3,3,3,,,edel,ONYX AW Bigpack
Arctic Blast AW,"<p>VID ist die neuste Kreation vom Hause Kurbits Snus AB - kräftige Schweizer Aromen treffen auf schwedisches Snus Know How. Die Arctiv Blast Nikotinbeutel bestechen mit ihrem frischen Menthol, Minze Geschmack und einem hohen Nikotingehalt von 20 mg/g! Die Slim Beutel fühlen sich angenehm unter der Lippe an und können helfen, die Zigarette zu vergessen. ;-)</p>
<p>Auf aromatisierter Zellulosebasis und völlig frei von Tabak kommen auch die VID Beutel im Slim Format. Ohne Tabak bedeutet ohne gewöhnungsbedürftigen Tabakgeruch sowie ohne jegliche Tabakschadstoffe - aktuell gibt es weltweit keine weniger schädliche Art, Nikotin zu konsumieren. All White Snus / Nicotine Pouches bietet sich deshalb vor allem Rauchern an, welche mit Rauchentwöhnung wie Nikotinpflaster, Nikotinkaugummi oder Nikotinspray nichts anfangen können.</p>",Arctic Blast AW,Unisex,,,,,,,https://cdn.shopify.com/s/files/1/0072/0646/9679/files/Vid-arctic-Blast-sized.png,,,,,3.90,0.00,1,G,1,IN,3,3,3,,,,
,,VI-1005-1,Unisex,Title,Default Title,,,,,,,,,,3.90,0.00,1,G,1,IN,3,3,3,,,VID,Arctic Blast AW
Orange Jizz AW,"La Fruteria - Orange Jizz. Ein Geschmack, den es so noch nie in einem Pouch gegeben hat. Spritzige Orange und ein Schuss Blutorange für den Extra ""JIZZ"". Fruchtiger Frischekick und dazu sehr stark - ohne dass das Produkt gleichzeitig gefährlich ist wie zum Beispiel <a href=""https://snushus.ch/blogs/snusbuch/supreme-snus-co-nikotingehalt-erklart-das-problem-im-uberblick"">Supreme Snus</a>, da es in der Schweiz produziert wird.",Orange Jizz AW,Unisex,,,,,,,https://cdn.shopify.com/s/files/1/0072/0646/9679/files/Snus_Container_Top_View_La_Fruteria_Orange.png,,,,,7.90,0.00,1,G,14,IN,3,3,3,,,,
,,LF-2000-1,Unisex,Title,Default Title,,,,,,,,,,7.90,0.00,1,G,14,IN,3,3,3,,,La Fruteria,Orange Jizz AW
Alpächrütli AW,"<p>Der 7SIÄCH Alpächrütli ist eine einzigartige Mischung aus frischen Kräutern und erinnert an die saftigen Schweizer Alpen. Mit 25 mg/g Nikotin gibt er dir einen garantierten Frischekick. Das perfekte Geschmackserlebnis für alle Snuser, die Wert auf Schweizer Qualität legen.<br></p>
<p>7SIÄCH ist ein junges Schweizer Startup, das einzigartigen Schweizer Snus in höchster Qualität auf den Markt bringt. Ihr Ziel ist es, eine Schweizer Alternative zu den Produkten der grossen Tabakunternehmen anzubieten.</p>",Alpächrütli AW,Unisex,,,,,,,https://cdn.shopify.com/s/files/1/0072/0646/9679/products/7SIACH_Alpaechruetli_sized.png,,,,,6.90,0.00,1,G,1,IN,3,3,3,,,,
,,7S-1000-1,Unisex,Title,Default Title,,,,,,,,,,6.90,0.00,1,G,1,IN,3,3,3,,,7Siäch,Alpächrütli AW
Extreme WDP Slim,"Soldat Extreme WDP Slim für die langen Tage auf dem Feld! Mit seinen unglaublichen 45 mg/g Nikotingehalt, gibt er jedem Snuser einen unverwechselbaren Kick welcher lange anhält. Unter der Lippe fühlen sich die Beutel sehr geschmeidig an und der Minz/Menthol Geschmack kommt angenehm zur Geltung.",Extreme WDP Slim,Unisex,,,,,,,https://cdn.shopify.com/s/files/1/0072/0646/9679/files/Snus_Container_Top_View_Soldat_Slim.png,,,,,2.90,0.00,1,G,1,IN,3,3,3,,,,
,,SO-3015-1,Unisex,Title,Default Title,,,,,,,,,,2.90,0.00,1,G,1,IN,3,3,3,,,Soldat,Extreme WDP Slim
Black -80 Degrees WDP Slim,"<meta charset=""utf-8"">
<div class=""item flex"">
<div class=""title"">
<div class=""info"">
<p>Den beliebten schwarzen Siberia gibt es nun auch als White Dry Portion - schöne Dose und ein gewohnt starker Nikotinkick, einfach ohne Minz-/Mentholgeschmack.</p>
</div>
</div>
</div>
<div class=""item flex""></div>",Black -80 Degrees WDP Slim,Unisex,,,,,,,https://cdn.shopify.com/s/files/1/0072/0646/9679/products/siberia-black-white-dry-slim-portion.png,,,,,5.20,,1,G,30,IN,3,3,3,,,,
,,SI-4015-1,Unisex,Title,Default Title,,,,,,,,,,5.20,,1,G,30,IN,3,3,3,,,Siberia,Black -80 Degrees WDP Slim
Red AW,"<span>Pablo Red, der einzige Nikotinbeutel auf dem Markt mit gleichzeitig kühlender und brennender Wirkung! </span>",Red AW,Unisex,,,,,,,https://cdn.shopify.com/s/files/1/0072/0646/9679/products/PabloRedAW.png,,,,,5.20,0.00,1,G,28000,IN,3,3,3,,,,
,,PA-2005-1,Unisex,Title,Default Title,,,,,,,,,,5.20,0.00,1,G,28000,IN,3,3,3,,,Pablo,Red AW
Blau -80 Degrees WP Slim,"<meta charset=""utf-8"">
<div class=""item flex "">
<div class=""title"">
<div class=""info"">
<div class=""info"">
<p>Siberia White Portion ist ein starker Snus mit hohem Nikotingehalt und Minzgeschmack. Der Snus hat einen Nikotingehalt von 24 mg/g und es gibt ihn nun auch in der Portionsform zu kaufen. Der Snus hat einen würzigen Geschmack nach Minze, der lange anhält. Der hohe Nikotingehalt wird durch einen hohen Feuchtigkeitsgehalt von 45 % ausgeglichen, was unüblich ist für starke Snus-Sorten. Wie auch <a href=""https://snushus.ch/collections/odens"" title=""Oden´s"">Oden´s</a> gehört Siberia zu den beliebtesten Marken auf dem Markt. Bei Fragen, Wünschen oder Anregungen kannst du uns gerne auf der <a href=""https://snushus.ch/pages/kontakt"" title=""Kontakt"">Kontaktseite </a>schreiben. </p>
</div>
<div class=""info"">
<div class=""info"">
<div class=""item flex "">
<div class=""title""></div>
</div>
</div>
</div>
</div>
</div>
</div>",Blau -80 Degrees WP Slim,Unisex,,,,,,,https://cdn.shopify.com/s/files/1/0072/0646/9679/files/siberia-blue-white-slim-portion.png,,,,,5.20,0.00,1,G,30,IN,3,3,3,,,,
,,SI-2015-1,Unisex,Title,Default Title,,,,,,,,,,5.20,0.00,1,G,30,IN,3,3,3,,,Siberia,Blau -80 Degrees WP Slim
Black -80 Degrees OP,"<meta charset=""utf-8"">
<div class=""item flex"">
<div class=""title"">
<div class=""info"">
<p>NEU! Den beliebten Siberia gibt es nun auch in schwarz - schöne Dose und ein gewohnt starker Nikotinkick. Siberia Black -80 Degrees Original Portion ist ein Portionssnus mit einem sehr deutlichen Tabakgeschmack. Dieser Snus hat einen extrem hohen Nikotingehalt und eine Portion enthält mehr als fünfmal so viel Nikotin wie normal starker Snus (8 mg/g). Wird Menschen, die Nikotin gegenüber empfindlich sind, weniger empfohlen. Siberia zählt zusammen mit <a href=""https://snushus.ch/collections/odens"" title=""Odens"">Oden‘s</a> zu den beliebtesten Snusmarken der Schweiz. <span>Bei Fragen, Wünschen oder Anregungen </span><span>kannst du </span><span>uns </span><span>gerne auf der </span><span></span><a href=""https://snushus.ch/pages/kontakt"" title=""Kontakt"">Kontaktseite</a><span> s</span><span>chreiben</span><span>.</span></p>
</div>
</div>
</div>
<div class=""item flex""></div>",Black -80 Degrees OP,Unisex,,,,,,,https://cdn.shopify.com/s/files/1/0072/0646/9679/products/siberia-black-original-portion.png,,,,,5.20,,1,G,30,IN,3,3,3,,,,
,,SI-3005-1,Unisex,Title,Default Title,,,,,,,,,,5.20,,1,G,30,IN,3,3,3,,,Siberia,Black -80 Degrees OP
Super White Fresh Mint No.55 AW,"<meta charset=""utf-8"">
<div class=""item flex"">
<div class=""title""></div>
</div>
<div class=""item flex"">
<div class=""info"">
<p> Auf aromatisierter Zellulosebasis und völlig frei von Tabak kommen auch die Skruf Super White Beutel im Slim Format. Ohne Tabak bedeutet ohne gewöhnungsbedürftigen Tabakgeruch sowie ohne jegliche Tabakschadstoffe - aktuell gibt es weltweit keine weniger schädliche Art, Nikotin zu konsumieren. All White Snus / Nicotine Pouches bietet sich deshalb vor allem Rauchern an, welche mit Rauchentwöhnung wie Nikotinpflaster, Nikotinkaugummi oder Nikotinspray nichts anfangen können.</p>
<div class=""info"">
<p> </p>
<p>Der Skruf Super White Fresh #5 schmeckt nach frischer Minze und hat den höchsten Nikotingehalt in der Super White Reihe von Skruf. Unglaubliche 26 mg/g Nikotin!</p>
<p> <br></p>
<div class=""info"">
<p>Der Artikel erscheint in einem neuen Design, hat jedoch die selbe Rezeptur wie der alt bekannte Skruf Super White Fresh #5 AW</p>
</div>
<div class=""info"">
<div class=""info"">
<div class=""item flex"">
<div class=""title""></div>
</div>
</div>
</div>
</div>
</div>
<div class=""info"">
<div class=""info"">
<div class=""item flex"">
<div class=""title""><br></div>
</div>
</div>
</div>
</div>",Super White Fresh Mint No.55 AW,Unisex,,,,,,,https://cdn.shopify.com/s/files/1/0072/0646/9679/products/Skruf_Superwhite_no55_Ultra.jpg,,,,,5.20,0.00,1,G,1,IN,3,3,3,,,,
,,SK-1205-1,Unisex,Title,Default Title,,,,,,,,,,5.20,0.00,1,G,1,IN,3,3,3,,,Skruf,Super White Fresh Mint No.55 AW
Double Mint Extreme WP,"<meta charset=""utf-8"">
<div class=""item flex "">
<div class=""title""></div>
</div>
<div class=""item flex "">
<div class=""info"">
<div class=""info"">
<p>Oden's Double Mint Extreme Portion ist ein sehr hoher Nikotin-Snack. Der Geschmack, der während der Verwendung erscheint, ist scharf und der Pfefferminze zuliebe. Zusammen mit <a href=""https://snushus.ch/collections/siberia"" title=""Siberia"">Siberia </a>gehört Oden´s zu den beliebtesten Snus-Marken. <span>Bei Fragen, Wünschen oder Anregungen </span><span>kannst du </span><span>uns </span><span>gerne auf der </span><span></span><a href=""https://snushus.ch/pages/kontakt"" title=""Kontakt"">Kontaktseite</a><span> s</span><span>chreiben</span><span>.</span></p>
</div>
<div class=""info"">
<div class=""info"">
<div class=""item flex "">
<div class=""title""></div>
</div>
</div>
</div>
</div>
<div class=""info"">
<div class=""info""></div>
</div>
</div>",Double Mint Extreme WP,Unisex,,,,,,,https://cdn.shopify.com/s/files/1/0072/0646/9679/files/Snus_Container_Top_View_Odens_Double_Mint_Extreme_WP.png,,,,,4.80,,1,G,30,IN,3,3,3,,,,
,,OD-3005-1,Unisex,Title,Default Title,,,,,,,,,,4.80,,1,G,30,IN,3,3,3,,,Oden's,Double Mint Extreme WP
Bergluft AW,"<p>Der 7SIÄCH Bergluft katapultiert dich direkt auf die Schweizer Berggipfel - tief einatmen und die angenehme Kühle geniessen. Mit 20 mg/g Nikotin und einem Hauch von Menthol ist er der Klassiker in Schweizer Qualität.</p>
<p>7SIÄCH ist ein junges Schweizer Startup, das einzigartigen Schweizer Snus in höchster Qualität auf den Markt bringt. Ihr Ziel ist es, eine Schweizer Alternative zu den Produkten der grossen Tabakunternehmen anzubieten.</p>",Bergluft AW,Unisex,,,,,,,https://cdn.shopify.com/s/files/1/0072/0646/9679/products/7SIACH_Bergluft_sized.png,,,,,6.90,0.00,1,G,1,IN,3,3,3,,,,
,,7S-2000-1,Unisex,Title,Default Title,,,,,,,,,,6.90,0.00,1,G,1,IN,3,3,3,,,7Siäch,Bergluft AW
Extremely Strong AW,"<span data-mce-fragment=""1"">Der beliebteste Brand der Schweizer kommt nun auch mit einer All-White Variante daher! Der Siberia Extremely Strong AW kommt mit starken 33 mg/g Nikotin.</span>",Extremely Strong AW,Unisex,,,,,,,https://cdn.shopify.com/s/files/1/0072/0646/9679/products/Siberia-all-white-regular-sized600.jpg,,,,,6.90,0.00,1,G,15,IN,3,3,3,,,,
,,SI-9005-1,Unisex,Title,Default Title,,,,,,,,,,6.90,0.00,1,G,15,IN,3,3,3,,,Siberia,Extremely Strong AW
Wintergreen Extreme WDP,"<meta charset=""utf-8"">
<div class=""item flex "">
<div class=""title""></div>
</div>
<div class=""item flex "">
<div class=""info"">
<p><span>Odens Wintergreen Extreme White Dry Portion ist ein starker Snus mit spürbarem Wintergreen-Geschmack. Intensive Geschmacksentfaltung und kühlender Effekt. </span></p>
</div>
<div class=""info""></div>
<div class=""info"">
<div class=""info"">
<div class=""item flex ""></div>
</div>
</div>
</div>",Wintergreen Extreme WDP,Unisex,,,,,,,https://cdn.shopify.com/s/files/1/0072/0646/9679/products/odens-wintergreen-white-dry-portion.png,,,,,4.80,,1,G,30,IN,3,3,3,,,,
,,OD-4005-1,Unisex,Title,Default Title,,,,,,,,,,4.80,,1,G,30,IN,3,3,3,,,Oden's,Wintergreen Extreme WDP
Wintergreen Extreme WDP Slim,"<meta charset=""utf-8"">
<div class=""item flex "">
<div class=""title""></div>
</div>
<div class=""item flex "">
<div class=""info"">
<div class=""info"">
<p><span>Odens Wintergreen Extreme White Dry Portion ist ein starker Snus mit spürbarem Wintergreen-Geschmack. Intensive Geschmacksentfaltung und kühlender Effekt. </span></p>
</div>
<div class=""info"">
<div class=""info"">
<div class=""item flex ""></div>
</div>
</div>
</div>
<div class=""info"">
<div class=""item flex ""></div>
</div>
</div>",Wintergreen Extreme WDP Slim,Unisex,,,,,,,https://cdn.shopify.com/s/files/1/0072/0646/9679/products/odens-wintergreen-white-dry-slim-portion.png,,,,,4.60,,1,G,30,IN,3,3,3,,,,
,,OD-4015-1,Unisex,Title,Default Title,,,,,,,,,,4.60,,1,G,30,IN,3,3,3,,,Oden's,Wintergreen Extreme WDP Slim
Cold Extreme WDP Mini,"<meta charset=""utf-8"">
<div class=""item flex"">
<div class=""title""></div>
</div>
<div class=""item flex"">
<div class=""info"">
<p>Oden's Cold Extreme WDP (White Dry Portion) ist ein eiskalter Portionssnus mit einer minzigen Frische. Ganz besonders tritt ein Geschmack von Spearmint aus dem ansonsten traditionellen, erdnahen Tabakgeschmack hervor. Oden's Cold Dry ist ein sogenannter trockener Portionssnus, der nicht rinnt und ein noch erfrischenderes Gefühl bietet als andere Snus dieser Serie. Odens zählt zusammen mit Siberia zu den beliebtesten Snusmarken der Schweiz. Ab sofort auch in der Mini Variante erhältlich!</p>
</div>
<div class=""info""></div>
<div class=""info"">
<div class=""info"">
<div class=""item flex""></div>
</div>
</div>
</div>",Cold Extreme WDP Mini,Unisex,,,,,,,https://cdn.shopify.com/s/files/1/0072/0646/9679/products/e8fd133ba81eb354ddf343e1b1b985b7.jpg,,,,,4.90,0.00,1,G,18000,IN,3,3,3,,,,
,,OD-1115-1,Unisex,Title,Default Title,,,,,,,,,,4.90,0.00,1,G,18000,IN,3,3,3,,,Oden's,Cold Extreme WDP Mini
Cryo AW Slim,"<p>Der G.4 Cryo von Swedish Match hat einen hellen. würzigen Charakter mit deutlichen Noten von Pfefferminz und Eukalyptus, dazu Spuren von Vanille. Ein langer schlanker All White Beutel mit optimierter Passform, aussen trocken mit einem feuchten Inhalt für lang anhaltende Geschmacksentfaltung und geringem Rinnen.</p>",Cryo AW Slim,Unisex,,,,,,,https://cdn.shopify.com/s/files/1/0072/0646/9679/products/1647422021844617_g4-cryo-aw.jpg,,,,,5.55,0.00,1,G,40000,IN,3,3,3,,,,
,,G4-2005-1,Unisex,Title,Default Title,,,,,,,,,,5.55,0.00,1,G,40000,IN,3,3,3,,,G.4,Cryo AW Slim
X WDP,"<meta charset=""utf-8"">
<div class=""item flex "">
<div class=""title"">
<div class=""info"">
<p><span>Offroad X ist wahrscheinlich der stärkste Snus der Welt: unglaubliche 45mg/g. Als White Dry Portion rinnt der Snus sehr wenig und überzeugt durch einen prominenten Minz-Menthol Geschmack. </span></p>
<p><br><br></p>
</div>
</div>
</div>
<div class=""item flex ""></div>",X WDP,Unisex,,,,,,,https://cdn.shopify.com/s/files/1/0072/0646/9679/products/offroad-arctic-xplorer-white-dry-portion.png,,,,,4.80,,1,G,30,IN,3,3,3,,,,
,,OF-1005-1,Unisex,Title,Default Title,,,,,,,,,,4.80,,1,G,30,IN,3,3,3,,,Offroad,X WDP
Fresh Ultra Stark No.05 WP Slim,"<meta charset=""utf-8"">
<div class=""item flex"">
<div class=""title""></div>
</div>
<div class=""item flex"">
<div class=""info"">
<p><span>Skruf Slim Fresh Ultra Stark White Portion ist ein starker Snus mit Minz-Geschmack; stärker als andere Skruf Produkte. Als Slim Beutel liegt er angenehm unter der Lippe und gibt so den klassischen Minz-Geschmack ab. Aufgrund der Stärke empfiehlt sich dieses Produkt weniger für empfindliche Snuser.</span><br><span></span></p>
</div>
<div class=""info"">
<div class=""info"">
<div class=""item flex"">
<div class=""title""><span>Der Artikel erscheint in einem neuen Design, hat jedoch die selbe Rezeptur wie der alt bekannte Fresh Ultra Stark WP - Slim</span></div>
</div>
</div>
</div>
</div>",Fresh Ultra Stark No.05 WP Slim,Unisex,,,,,,,https://cdn.shopify.com/s/files/1/0072/0646/9679/products/FreshUltraStarkWP-Slim.png,,,,,5.20,,1,G,30,IN,3,3,3,,,,
,,SK-7005-1,Unisex,Title,Default Title,,,,,,,,,,5.20,,1,G,30,IN,3,3,3,,,Skruf,Fresh Ultra Stark No.05 WP Slim
Black -80 Degrees WDP,"<meta charset=""utf-8"">
<div class=""item flex"">
<div class=""title"">
<div class=""info"">
<p>Den beliebten schwarzen Siberia gibt es nun auch als White Dry Portion - schöne Dose und ein gewohnt starker Nikotinkick, einfach ohne Minz-/Mentholgeschmack. Siberia Black -80 Degrees White Dry Portion ist ein trockener Portionssnus mit einem sehr deutlichen Tabakgeschmack. Dieser Snus hat einen extrem hohen Nikotingehalt und eine Portion enthält mehr als fünfmal so viel Nikotin wie normal starker Snus (8 mg/g). Wird Menschen, die Nikotin gegenüber empfindlich sind, weniger empfohlen. Siberia zählt zusammen mit Oden‘s zu den beliebtesten Snusmarken der Schweiz. </p>
</div>
</div>
</div>
<div class=""item flex""></div>",Black -80 Degrees WDP,Unisex,,,,,,,https://cdn.shopify.com/s/files/1/0072/0646/9679/products/siberia-black-white-dry-portion.png,,,,,5.20,,1,G,30,IN,3,3,3,,,,
,,SI-4005-1,Unisex,Title,Default Title,,,,,,,,,,5.20,,1,G,30,IN,3,3,3,,,Siberia,Black -80 Degrees WDP
Extreme WDP Slim 500g Box,"<p>Soldat Extreme für die langen Tage auf dem Feld! Mit seinen unglaublichen 45 mg/g Nikotingehalt, gibt er jedem Snuser einen unverwechselbaren Kick welcher lange anhält. Unter der Lippe fühlen sich die Beutel sehr geschmeidig an und der Minz/Menthol Geschmack kommt angenehm zur Geltung. Jetzt auch in der beliebten 500g Box erhältlich! <br></p>",Extreme WDP Slim 500g Box,Unisex,,,,,,,https://cdn.shopify.com/s/files/1/0072/0646/9679/files/soldat-black-extreme-white-dry-portion-slim-500g-box.png,,,,,99.00,0.00,1,G,600000,IN,3,3,3,,,,
,,SO-3125-1,Unisex,Title,Default Title,,,,,,,,,,99.00,0.00,1,G,600000,IN,3,3,3,,,Soldat,Extreme WDP Slim 500g Box
Double Mint Extreme WDP Slim,"<meta charset=""utf-8"">
<div class=""item flex "">
<div class=""title""></div>
</div>
<div class=""item flex "">
<div class=""info"">
<div class=""info"">
<p>Odens Double Mint Extreme White Dry Portion Slim ist ein sogenannter ""White Dry"" Portionssnus. Die Portionen sind, wie der Name schon sagt, trockener als andere Sorten und haben einen hohen Nikotingehalt. Der Geschmack von Odens Double Mint ist von scharfer Natur mit überzeugenden Pfefferminzakzenten.</p>
</div>
<div class=""info"">
<div class=""info"">
<div class=""item flex ""></div>
</div>
</div>
</div>
<div class=""info"">
<div class=""item flex ""></div>
</div>
</div>",Double Mint Extreme WDP Slim,Unisex,,,,,,,https://cdn.shopify.com/s/files/1/0072/0646/9679/products/odens-double-mint-white-dry-slim-portion.png,,,,,4.60,,1,G,30,IN,3,3,3,,,,
,,OD-5015-1,Unisex,Title,Default Title,,,,,,,,,,4.60,,1,G,30,IN,3,3,3,,,Oden's,Double Mint Extreme WDP Slim
Double Mint Extreme WDP,"<meta charset=""utf-8"">
<div class=""item flex "">
<div class=""title""></div>
</div>
<div class=""item flex "">
<div class=""info"">
<p>Odens Double Mint Extreme White Dry Portion ist ein sogenannter ""white dry"" Portionssnus. Die Portionen sind, wie der Name schon sagt, trockener als andere Sorten und haben einen hohen Nikotingehalt. <br>Der Geschmack ist von scharfer Natur mit überzeugenden Pfefferminzakzenten.</p>
</div>
<div class=""info""></div>
<div class=""info"">
<div class=""info"">
<div class=""item flex ""></div>
</div>
</div>
</div>",Double Mint Extreme WDP,Unisex,,,,,,,https://cdn.shopify.com/s/files/1/0072/0646/9679/products/odens-double-mint-white-dry-portion.png,,,,,4.80,,1,G,30,IN,3,3,3,,,,
,,OD-5005-1,Unisex,Title,Default Title,,,,,,,,,,4.80,,1,G,30,IN,3,3,3,,,Oden's,Double Mint Extreme WDP
Blau -80 Degrees WP,"<meta charset=""utf-8"">
<div class=""item flex"">
<div class=""title"">
<div class=""info"">
<div class=""info"">
<p>Siberia White Portion ist ein starker Snus mit hohem Nikotingehalt und Minzgeschmack. Der Snus hat einen Nikotingehalt von 24 mg/g und es gibt ihn nun auch in der Portionsform zu kaufen. Der Snus hat einen würzigen Geschmack nach Minze, der lange anhält. Der hohe Nikotingehalt wird durch einen hohen Feuchtigkeitsgehalt von 45 % ausgeglichen, was unüblich ist für starke Snus-Sorten. Siberia gehört zusammen zu <a title=""Oden´s"" href=""https://snushus.ch/collections/odens"">Oden´s</a> zu den beliebtesten Snus-Marken. <span>Bei Fragen, Wünschen oder Anregungen </span><span>kannst du </span><span>uns </span><span>gerne auf der </span><span></span><a title=""Kontakt"" href=""https://snushus.ch/pages/kontakt"">Kontaktseite</a><span> s</span><span>chreiben</span><span>.</span></p>
</div>
<div class=""info"">
<div class=""info"">
<div class=""item flex""></div>
</div>
</div>
</div>
<div class=""info""></div>
<div class=""info"">
<div class=""info"">
<div class=""item flex""></div>
</div>
</div>
</div>
</div>
<div class=""item flex""></div>",Blau -80 Degrees WP,Unisex,,,,,,,https://cdn.shopify.com/s/files/1/0072/0646/9679/files/Snus_Container_Top_View_Siberia_White_Ice_Cold.png,,,,,5.20,,1,G,30,IN,3,3,3,,,,
,,SI-2005-1,Unisex,Title,Default Title,,,,,,,,,,5.20,,1,G,30,IN,3,3,3,,,Siberia,Blau -80 Degrees WP
Tropical Mango,"<p>Mit einem kühlen und subtilen Mango Geschmack, der frisch und saftig, aber nicht übermässig süss ist. Erinnert an eine Reise zu einer exotischen Insel.</p>
<p>Begebe Dich auf eine Reise ins Paradies mit den COCO Tropical Mango Nikotinbeuteln, die mit rein natürlichen Aromen versetzt sind. Tauche ein in die üppige Süsse reifer Mangos, während jeder Beutel Dich an sonnenverwöhnte Strände und auf exotische Inseln entführt. Erlebe mit jedem Beutel die perfekte Mischung aus tropischer Verlockung und authentischer Nikotinbefriedigung.<br data-mce-fragment=""1""><br></p>
<p> </p>
<p>Verwendung:</p>
<p><span data-mce-fragment=""1"">Für eine schnelle Freisetzung von Nikotin und Aromen:</span><br data-mce-fragment=""1""><span data-mce-fragment=""1"">1. Befeuchte den Beutel, indem Du ihn auf die Zunge legst.</span><br data-mce-fragment=""1""><span data-mce-fragment=""1"">2. Sobald der Beutel feucht ist, kaue den Beutel einmal vorsichtig. Achte darauf, den Beutel nicht zu </span><span data-mce-fragment=""1"">öffnen</span><span data-mce-fragment=""1"">.</span><br data-mce-fragment=""1""><span data-mce-fragment=""1"">3. Lege den Beutel unter die Oberlippe und spüre den intensiven Geschmack und die schnelle Nikotinfreisetzung.</span><br data-mce-fragment=""1""><span data-mce-fragment=""1"">4. Geniesse den Kick bis zu einer Stunde lang</span><br></p>",Tropical Mango,Unisex,,,,,,,https://cdn.shopify.com/s/files/1/0072/0646/9679/files/CoCo_tropical_Mango_sized_4759ce2e-6141-419b-9333-8a2d604a4445.png,,,,,5.90,0.00,1,G,1,IN,3,3,3,,,,
,,CO-3005-1,Unisex,Title,Default Title,,,,,,,,,,5.90,0.00,1,G,1,IN,3,3,3,,,COCO,Tropical Mango
Black Edition AW,"<meta charset=""utf-8"">
<div class=""item flex"">
<div class=""title"">
<div class=""info"">
<div class=""info"">
<p>Unter der Marke White Fox vertreibt der Produzent von <a href=""https://snushus.ch/collections/odens"" title=""Oden's"">Oden's</a> und <a href=""https://snushus.ch/collections/siberia"" title=""Siberia"">Siberia </a>(GN Tobacco) seine All White Portionsbeutel. Der White Fox kommt mit einem eisigen Minzgeschmack im Slim Beutel.</p>
<p> </p>
<p>Auf aromatisierter Zellulosebasis und völlig frei von Tabak kommen auch die White Fox Beutel im Slim Format. Ohne Tabak bedeutet ohne gewöhnungsbedürftigen Tabakgeruch sowie ohne jegliche Tabakschadstoffe - aktuell gibt es weltweit keine weniger schädliche Art, Nikotin zu konsumieren. All White Snus / Nicotine Pouches bietet sich deshalb vor allem Rauchern an, welche mit Rauchentwöhnung wie Nikotinpflaster, Nikotinkaugummi oder Nikotinspray nichts anfangen können.</p>
</div>
</div>
</div>
</div>
<div class=""item flex""></div>",Black Edition AW,Unisex,,,,,,,https://cdn.shopify.com/s/files/1/0072/0646/9679/products/32d9dcfa3a31396d441e599e0cd7dd38.jpg,,,,,5.20,0.00,1,G,30000,IN,3,3,3,,,,
,,WF-5005-1,Unisex,Title,Default Title,,,,,,,,,,5.20,0.00,1,G,30000,IN,3,3,3,,,White Fox,Black Edition AW
Extreme WDP 500g Box,"<p>Soldat Extreme für die langen Tage auf dem Feld! Mit seinen unglaublichen 45 mg/g Nikotingehalt, gibt er jedem Snuser einen unverwechselbaren Kick welcher lange anhält. Unter der Lippe fühlen sich die Beutel sehr geschmeidig an und der Minz/Menthol Geschmack kommt angenehm zur Geltung. Jetzt auch in der beliebten 500g Box erhältlich!<br></p>",Extreme WDP 500g Box,Unisex,,,,,,,https://cdn.shopify.com/s/files/1/0072/0646/9679/files/soldat-black-extreme-white-dry-portion-500g-box.png,,,,,99.00,,1,G,600000,IN,3,3,3,,,,
,,SO-3025-1,Unisex,Title,Default Title,,,,,,,,,,99.00,,1,G,600000,IN,3,3,3,,,Soldat,Extreme WDP 500g Box
Cold Extreme OP,"Odens Cold Extreme Original Portion ist ein Produkt für traditionelle Snuser.<br data-mce-fragment=""1"">Durch die feuchten Beutel kommt der Nikotingehalt noch besser zur Wirkung als bei vergleichbaren Oden's Produkten.<br data-mce-fragment=""1"">Bereits beim Öffnen der Dose macht sich der intensive Minz Geschmack bemerkbar - unter der Lippe wird dieser zusätzlich verstärkt. Ein perfektes Produkt für Minz-Liebhaber!",Cold Extreme OP,Unisex,,,,,,,https://cdn.shopify.com/s/files/1/0072/0646/9679/products/1624966183962937_odens-cold-extreme-original-portion.jpg,,,,,4.80,,1,G,1,IN,3,3,3,,,,
,,OD-7005-1,Unisex,Title,Default Title,,,,,,,,,,4.80,,1,G,1,IN,3,3,3,,,Oden's,Cold Extreme OP
STRUDEL AW,"Winterfreunde aufgepasst. Unser edel Strudel entführt Dich auf eine kulinarische Reise durch die festliche Atmosphäre der Winterzeit. <br data-mce-fragment=""1"">Der süsse Geschmack reifer Äpfel verbindet sich harmonisch mit der warmen Würze von Zimt, um ein delikates Aroma zu schaffen. <br data-mce-fragment=""1"">Diese einzigartige Kreation ist nicht nur ein Genuss für den Gaumen, sondern auch eine Hommage an die gemütlichen Momente der Weihnachtszeit.",STRUDEL AW,Unisex,,,,,,,https://cdn.shopify.com/s/files/1/0072/0646/9679/files/edelsnus_PP_Top_Strudel_wo_Shadow.png,,,,,5.90,0.00,1,G,1,IN,3,3,3,,,,
,,ED-1215-1,Unisex,Title,Default Title,,,,,,,,,,5.90,0.00,1,G,1,IN,3,3,3,,,edel,STRUDEL AW
Blue Razz,"<p>Geniesse den köstlichen Geschmack frischer Beeren, die in diesem Nikotinbeutel ihre natürliche und spritzige Süsse entfalten.</p>
<p>Tauche ein in eine aufregende Welt mit den COCO Blue Razz Nikotinbeuteln, die sorgfältig mit völlig natürlichen Aromen versetzt sind. Tauche ein in die prickelnd-süsse Symphonie von blauen Himbeeren, während jeder Beutel Dich an belebte Küsten und Momente der Erregung entführt. Erlebe die nahtlose Mischung aus fruchtigen Reizen und echter Nikotinbefriedigung, die in jedem Beutel steckt.</p>
<p> </p>
<p>Verwendung:</p>
<p>Für eine schnelle Freisetzung von Nikotin und Aromen:<br>1. Befeuchte den Beutel, indem Du ihn auf die Zunge legst. <br>2. Sobald der Beutel feucht ist, kaue den Beutel einmal vorsichtig. Achte darauf, den Beutel nicht zu öffnen.<br>3. Lege den Beutel unter die Oberlippe und spüre den intensiven Geschmack und die schnelle Nikotinfreisetzung. <br>4. Geniesse den Kick bis zu einer Stunde lang</p>",Blue Razz,Unisex,,,,,,,https://cdn.shopify.com/s/files/1/0072/0646/9679/files/CoCo_Blue_Razz_sized_e6bdd2aa-7664-46f1-869d-7a8cacef4ae8.png,,,,,5.90,0.00,1,G,1,IN,3,3,3,,,,
,,CO-4005-1,Unisex,Title,Default Title,,,,,,,,,,5.90,0.00,1,G,1,IN,3,3,3,,,COCO,Blue Razz
Extremely Strong  AW Super Slim,"<span data-mce-fragment=""1"">Siberia ist der stärkste Snus der Welt – und nun kannst du Siberia All White Extremely Strong Super Slim kaufen, die tabakfreie Alternative! Gönn dir die Marke mit dem unglaublich hohen Nikotingehalt von 33 mg/g für eine extrem starke belebende Wirkung. Per diskreter Super Slim Portion sind das 21 mg Nikotin! Dazu passt das eiskalte Minzaroma – echt sibirisch kalt!</span>",Extremely Strong  AW Super Slim,Unisex,,,,,,,https://cdn.shopify.com/s/files/1/0072/0646/9679/products/Siberia-Extremly-Strong-super-slim-aw_b94b7e46-18df-49cf-b352-cd0ccb2c1296.jpg,,,,,6.90,,1,G,13,IN,3,3,3,,,,
,,SI-9115-1,Unisex,Title,Default Title,,,,,,,,,,6.90,,1,G,13,IN,3,3,3,,,Siberia,Extremely Strong  AW Super Slim
Clean Peach,"<p>Unwiderstehlich lecker und ein Traum für jeden Pfirsichliebhaber. Geniesse die natürliche Essenz von reifen, saftigen Pfirsichen in jedem Beutel.</p>
<p>Begebe Dich auf eine Reise in die Gelassenheit mit den COCO Clean Peach Nikotinbeuteln, die kunstvoll mit natürlichen Essenzen durchzogen sind. Tauche ein in die zarte Süsse unberührter Pfirsiche, während jeder Beutel Dich zu sonnengetränkten Stränden und versteckten Oasen transportiert. Erlebe die harmonische Mischung aus fruchtigen Reizen und echtem Nikotingenuss in jedem Beutel.<br data-mce-fragment=""1""><br></p>
<p>Verwendung:</p>
<p><span>Für eine schnelle Freisetzung von Nikotin und Aromen:</span><br><span>1. Befeuchte den Beutel, indem Du ihn auf die Zunge legst.</span><br><span>2. Sobald der Beutel feucht ist, kaue den Beutel einmal vorsichtig. Achte darauf, den Beutel nicht zu </span><span>öffnen</span><span>.</span><br><span>3. Lege den Beutel unter die Oberlippe und spüre den intensiven Geschmack und die schnelle Nikotinfreisetzung.</span><br><span>4. Geniesse den Kick bis zu einer Stunde lang</span></p>",Clean Peach,Unisex,,,,,,,https://cdn.shopify.com/s/files/1/0072/0646/9679/files/CoCo_Clean_Peach-sized_a72b33f7-86dd-443f-93d5-cecfd562b6b2.png,,,,,5.90,0.00,1,G,1,IN,3,3,3,,,,
,,CO-2005-1,Unisex,Title,Default Title,,,,,,,,,,5.90,0.00,1,G,1,IN,3,3,3,,,COCO,Clean Peach
Frosted-Berry AW,"<p>Erlebe mit ¡VALE! Frosted-Berry AW das ultimative Geschmacksabenteuer: Swiss Made, erfrischend fruchtig und belebend – mit einem schnellen Energie-Kick!</p>
<p><br>Der Frosted-Berry AW bietet ein einzigartiges Geschmackserlebnis durch seinen intensiv fruchtigen, reichhaltigen und köstlichen Beeren-Geschmack zum <br>erschwinglichen Preis.<br></p>",Frosted-Berry AW,Unisex,,,,,,,https://cdn.shopify.com/s/files/1/0072/0646/9679/files/vale-frosted-berry-aw.png,,,,,5.90,0.00,1,G,1,IN,3,3,3,,,,
,,VA-2010-1,Unisex,Title,Default Title,,,,,,,,,,5.90,0.00,1,G,1,IN,3,3,3,,,¡VALE!,Frosted-Berry AW
Super Strong Spearmint WP,"<meta charset=""utf-8"">
<div class=""item flex"">
<div class=""title"">
<div class=""info"">
<p>General Super Strong Spearmint WP - Ein moderner Klassiker mit würzigem Tabak und einem klaren Geschmack von Minze. Ein frisches, starkes und kompromissloses Tabakerlebnis, das auf stolzer Tradition und Handwerkskunst aufbaut. Ein weicher und würziger Tabakgeschmack mit deutlichen Noten von Minze, zusammen mit einem Hauch von grünen Kräutern und Eukalyptus.</p>
</div>
</div>
</div>
<div class=""item flex""></div>",Super Strong Spearmint WP,Unisex,,,,,,,https://cdn.shopify.com/s/files/1/0072/0646/9679/files/general-super-strong-spearmint-wp_af98c372-3829-4a09-a833-cf97c5e26c7f.png,,,,,7.90,0.00,1,G,35000,IN,3,3,3,,,,
,,GE-8005-1,Unisex,Title,Default Title,,,,,,,,,,7.90,0.00,1,G,35000,IN,3,3,3,,,General,Super Strong Spearmint WP
Frozen Mint Deep Blue AW Slim,"VIKA Frozen Mint Deep Blue ist ein sehr starker Snus mit einem kräftigen Kick. Die erfrischende sibirische Minze bringt eine sehr angenehme Kühle mit sich.  Die weissen Pouches sind mit Mikrokristallen gefüllt, die keine Verfärbungen auf den Zähnen hinterlassen.
<div></div>",Frozen Mint Deep Blue AW Slim,Unisex,,,,,,,https://cdn.shopify.com/s/files/1/0072/0646/9679/products/VIKA_Frozen_Mint_sized.jpg,,,,,5.20,0.00,1,G,12,IN,3,3,3,,,,
,,VK-5010-1,Unisex,Title,Default Title,,,,,,,,,,5.20,0.00,1,G,12,IN,3,3,3,,,Vika,Frozen Mint Deep Blue AW Slim
X Cool Mint AW Slim,"<p>Entdecke <a href=""https://snushus.ch/collections/ace-snus"">ACE</a> X Cool Mint AW Slim – Dein ultimativer Begleiter für ein intensives und erfrischendes Nikotinerlebnis. Mit einer Stärke von 4/5 und einem beeindruckenden Nikotingehalt von 20 mg/g bietet Dir dieser Snus eine kraftvolle und langanhaltende Wirkung. Der erfrischende Geschmack von Minze und kräftiger Pfefferminze sorgt für eine unvergleichliche Geschmacksexplosion.</p>
<p>ACE X Cool Mint AW Slim bietet Dir die erfolgreiche Kombination aus kühlender Minze und kräftiger Pfefferminze. Die 20 Slim Pouches sind so konzipiert, dass sie diskret und angenehm zu tragen sind, egal wo Du bist. Wir haben unsere Beutel in ""Raketentreibstoff"" getaucht, um Dir das bisher stärkste Gefühl zu geben. Das Freisetzungsprofil ""ace X"" beschleunigt wie eine Schleuder um die Sonne und schickt Dich augenblicklich vorwärts.</p>
<p>Bestelle jetzt Deinen ACE X Cool Mint AW Slim online und entdecke die perfekte Mischung aus Stärke und Frische. Erlebe die unvergleichliche Kraft von ""ace X"" und gönn Dir diesen intensiven Genuss!</p>",X Cool Mint AW Slim,Unisex,,,,,,,https://cdn.shopify.com/s/files/1/0072/0646/9679/files/AceXCoolMint-sized.png,,,,,5.90,0.00,1,G,13,IN,3,3,3,,,,
,,AC-1005-1,Unisex,Title,Default Title,,,,,,,,,,5.90,0.00,1,G,13,IN,3,3,3,,,Ace,X Cool Mint AW Slim
Siberia Schwarz -80 Degrees WDP Mini,"<meta charset=""utf-8""><div class=""item flex""><div class=""title""><div class=""info""><p>Den beliebten schwarzen Siberia gibt es nun auch als White Dry Portion - schöne Dose und ein gewohnt starker Nikotinkick, einfach ohne Minz-/Mentholgeschmack. Siberia Black -80 Degrees White Dry Portion ist ein trockener Portionssnus mit einem sehr deutlichen Tabakgeschmack. Dieser Snus hat einen extrem hohen Nikotingehalt und eine Portion enthält mehr als fünfmal so viel Nikotin wie normal starker Snus (8 mg/g). Wird Menschen, die Nikotin gegenüber empfindlich sind, weniger empfohlen. Siberia zählt zusammen mit Oden‘s zu den beliebtesten Snusmarken der Schweiz. </p></div></div></div><div class=""item flex""></div>",Siberia Schwarz -80 Degrees WDP Mini,Unisex,,,,,,,https://cdn.shopify.com/s/files/1/0072/0646/9679/products/siberia-black-white-dry-mini-portion.png,,,,,4.90,0.00,1,G,18000,IN,3,3,3,,,,
,,SI-4115-1,Unisex,Title,Default Title,,,,,,,,,,4.90,0.00,1,G,18000,IN,3,3,3,,,Siberia,Siberia Schwarz -80 Degrees WDP Mini
Black -80 Degrees OP Slim,"<meta charset=""utf-8"">
<div class=""item flex"">
<div class=""title"">
<div class=""info"">
<p>Den beliebten Siberia gibt es nun auch in schwarz - schöne Dose und ein gewohnt starker Nikotinkick. Siberia Black -80 Degrees Original Portion ist ein Portionssnus mit einem sehr deutlichen Tabakgeschmack. Dieser Snus hat einen extrem hohen Nikotingehalt und eine Portion enthält mehr als fünfmal so viel Nikotin wie normal starker Snus (8 mg/g). Wird Menschen, die Nikotin gegenüber empfindlich sind, weniger empfohlen. Siberia zählt zusammen mit <a href=""https://snushus.ch/collections/odens"" title=""Odens"">Oden‘s</a> zu den beliebtesten Snusmarken der Schweiz. <span>Bei Fragen, Wünschen oder Anregungen </span><span>kannst du </span><span>uns </span><span>gerne auf der </span><span></span><a href=""https://snushus.ch/pages/kontakt"" title=""Kontakt"">Kontaktseite</a><span> s</span><span>chreiben</span><span>.</span></p>
</div>
</div>
</div>
<div class=""item flex""></div>",Black -80 Degrees OP Slim,Unisex,,,,,,,https://cdn.shopify.com/s/files/1/0072/0646/9679/products/1631821498559209_siberia-black-original-portion-slim.jpg,,,,,5.20,0.00,1,G,1,IN,3,3,3,,,,
,,SI-3015-1,Unisex,Title,Default Title,,,,,,,,,,5.20,0.00,1,G,1,IN,3,3,3,,,Siberia,Black -80 Degrees OP Slim
Freezing-Mint AW,"<p>Entdecke den unschlagbaren Genuss von ¡VALE! Freezing-Mint AW zum attraktiven Preis!</p>
<p>Der Freezing-Mint AW begeistert mit seiner erfrischenden Geschmacksexplosion. <br>Die Kombination von Minze und Menthol verleiht ihm einen ganz besonderen Charakter. Hergestellt nach anspruchsvollsten schweizerischen Verfahren, bietet dieser Snus <br>ein unvergleichliches Erlebnis.<br></p>",Freezing-Mint AW,Unisex,,,,,,,https://cdn.shopify.com/s/files/1/0072/0646/9679/files/vale-freezing-mint-aw.png,,,,,5.90,0.00,1,G,1,IN,3,3,3,,,,
,,VA-1010-1,Unisex,Title,Default Title,,,,,,,,,,5.90,0.00,1,G,1,IN,3,3,3,,,¡VALE!,Freezing-Mint AW
Natural Mint,"<p>Entdecke die perfekt ausbalancierte Mischung aus kühl und süss, die nur mit natürlichen Aromen hergestellt wird, die sicherlich Deine Sinne kitzeln werden.</p>
<p>Tauche ein in eine erfrischende Flucht mit COCOs Natural Mint Nikotinbeuteln, die fachmännisch mit rein authentischen Infusionen hergestellt werden. Geniesse die belebende Essenz der natürlichen Minze, während jeder Beutel Dich zu knackigen, kühlen Empfindungen und heiteren Momenten trägt. Erlebe die perfekte Harmonie von minzigem Reiz und echter Nikotinbefriedigung, die sorgfältig in jedem Beutel enthalten ist.</p>
<p> </p>
<p>Verwendung:</p>
<p><span>Für eine schnelle Freisetzung von Nikotin und Aromen:</span><br><span>1. Befeuchte den Beutel, indem Du ihn auf die Zunge legst.</span><br><span>2. Sobald der Beutel feucht ist, kaue den Beutel einmal vorsichtig. Achte darauf, den Beutel nicht zu </span><span>öffnen</span><span>.</span><br><span>3. Lege den Beutel unter die Oberlippe und spüre den intensiven Geschmack und die schnelle Nikotinfreisetzung.</span><br><span>4. Geniesse den Kick bis zu einer Stunde lang</span></p>",Natural Mint,Unisex,,,,,,,https://cdn.shopify.com/s/files/1/0072/0646/9679/files/CoCo_Natural_Mint_sized_4cf8253d-757c-42bd-8123-caf69aa36840.png,,,,,5.90,0.00,1,G,1,IN,3,3,3,,,,
,,CO-1005-1,Unisex,Title,Default Title,,,,,,,,,,5.90,0.00,1,G,1,IN,3,3,3,,,COCO,Natural Mint
Extremely Strong AW Mini,"<span data-mce-fragment=""1"">Der beliebteste Brand der Schweizer kommt nun auch mit einer All-White Variante daher! Der Siberia Extremely Strong Mini AW kommt mit starken 33 mg/g Nikotin.</span>",Extremely Strong AW Mini,Unisex,,,,,,,https://cdn.shopify.com/s/files/1/0072/0646/9679/files/siberia-all-white-mini-sized-23.png,,,,,6.90,0.00,1,G,10,IN,3,3,3,,,,
,,SI-9215-1,Unisex,Title,Default Title,,,,,,,,,,6.90,0.00,1,G,10,IN,3,3,3,,,Siberia,Extremely Strong AW Mini
Cold Extreme WDP Soft Pack,"<meta charset=""utf-8"">
<div class=""item flex"">
<div class=""title""></div>
</div>
<div class=""item flex"">
<div class=""info"">
<p>Oden's Cold Extreme WDP (White Dry Portion) ist ein eiskalter Portionssnus mit einer minzigen Frische. Ganz besonders tritt ein Geschmack von Spearmint aus dem ansonsten traditionellen, erdnahen Tabakgeschmack hervor. Oden's Cold Dry ist ein sogenannter trockener Portionssnus, der nicht rinnt und ein noch erfrischenderes Gefühl bietet als andere Snus dieser Serie. Odens zählt zusammen mit Siberia zu den beliebtesten Snusmarken der Schweiz. Ab sofort auch in den praktischen Soft Packs erhältlich!</p>
</div>
<div class=""info"">
<div class=""info"">
<div class=""item flex"">
<div class=""title""></div>
<div class=""title""></div>
</div>
</div>
</div>
</div>",Cold Extreme WDP Soft Pack,Unisex,,,,,,,https://cdn.shopify.com/s/files/1/0072/0646/9679/products/odens-cold-extreme-white-dry-portion-soft-packs.png,,,,,4.80,0.00,1,G,30000,IN,3,3,3,,,,
,,OD-1905-1,Unisex,Title,Default Title,,,,,,,,,,4.80,0.00,1,G,30000,IN,3,3,3,,,Oden's,Cold Extreme WDP Soft Pack
X Guarana Chili Boost AW Slim,"<p>Entdecke <a href=""https://snushus.ch/collections/ace-snus"">Ace</a> X Guarana Chili Boost AW Slim – Dein intensiver Begleiter für ein aufregendes und belebendes Nikotinerlebnis. Mit einem Geschmack von Guarana und einem Hauch von Chili bietet Dir dieser Snus eine einzigartige und scharfe Geschmacksexplosion. Mit einer Stärke von 4/5 und einem beeindruckenden Nikotingehalt von 20 mg/g liefert Ace X Guarana Chili Boost eine kraftvolle und langanhaltende Wirkung.</p>
<p>Ace X Guarana Chili Boost AW Slim ist nichts für schwache Nerven! Stell Dir das Gefühl eines Energydrinks vor, aufgepeppt mit einem Hauch von Chili. Das ist die neuste Ergänzung der ace X-Reihe, Ace X Guarana Chili Boost. Köstlich und scharf – der perfekte Geschmack für den belebenden hohen Nikotingehalt von Ace X.</p>
<p>Die 20 Slim Beutel bieten Dir genügend Vorrat für viele genussvolle Momente. Einfach einen Beutel entnehmen und das belebende Nikotinerlebnis geniessen.</p>
<p>Bestelle jetzt Deinen Ace X Guarana Chili Boost AW Slim online und entdecke die perfekte Kombination aus Schärfe und Stärke. Erlebe die unvergleichliche Kraft von Ace X und gönn Dir diesen intensiven Genuss!</p>",X Guarana Chili Boost AW Slim,Unisex,,,,,,,https://cdn.shopify.com/s/files/1/0072/0646/9679/files/edel-berry-all-white-sized.png,,,,,5.90,0.00,1,G,13,IN,3,3,3,,,,
,,AC-3005-1,Unisex,Title,Default Title,,,,,,,,,,5.90,0.00,1,G,13,IN,3,3,3,,,Ace,X Guarana Chili Boost AW Slim
Super Strong Eucalyptus WP,"<meta charset=""utf-8"">
<div class=""item flex"">
<div class=""title"">
<div class=""info"">
<p>General Super Strong Eucalyptus WP - Ein moderner Klassiker mit würzigem Tabak und einem klaren Geschmack von Eukalyptus und Pfefferminze. Ein kompromissloses Tabakerlebnis, das auf stolzer Tradition und Handwerkskunst aufbaut. Ein milder und würziger Tabakgeschmack mit deutlichen Noten von Eukalyptus und Pfefferminze.</p>
</div>
</div>
</div>
<div class=""item flex""></div>",Super Strong Eucalyptus WP,Unisex,,,,,,,https://cdn.shopify.com/s/files/1/0072/0646/9679/files/general-super-strong-eucalyptus-wp_cc3d8624-d787-4e2b-ae02-48dd4994a5f1.png,,,,,7.90,0.00,1,G,35000,IN,3,3,3,,,,
,,GE-7005-1,Unisex,Title,Default Title,,,,,,,,,,7.90,0.00,1,G,35000,IN,3,3,3,,,General,Super Strong Eucalyptus WP
Double Mint Extreme OP,"Odens Double Mint Extreme Original Portion ist ein Produkt für traditionelle Snuser.<br data-mce-fragment=""1"">Durch die feuchten Beutel kommt der Nikotingehalt noch besser zur Wirkung als bei vergleichbaren Oden's Produkten.<br data-mce-fragment=""1"">Bereits beim Öffnen der Dose macht sich der intensive Minz Geschmack bemerkbar - unter der Lippe wird dieser zusätzlich verstärkt. Ein perfektes Produkt für Minz-Liebhaber!",Double Mint Extreme OP,Unisex,,,,,,,https://cdn.shopify.com/s/files/1/0072/0646/9679/products/odens-double-mint-original-portion.png,,,,,4.80,0.00,1,G,30,IN,3,3,3,,,,
,,OD-6005-1,Unisex,Title,Default Title,,,,,,,,,,4.80,0.00,1,G,30,IN,3,3,3,,,Oden's,Double Mint Extreme OP
Avalanche Mint AW Slim,"<p>Unsere Nikotinbeutel sind die perfekte Wahl für Dich, wenn Du Dich nach einem stärkeren Kick und einem wirklich erfrischenden Geschmack sehnst. Dank ihres schlanken Designs passen die Beutel diskret und bequem unter die Lippe, sodass sie sich ideal für den Gebrauch in jeder Situation eignen.</p>
<p>Die <strong>extra starke Stärke</strong> und der <strong>hohe Nikotingehalt von 25 mg/g</strong> bieten Dir den intensiven Kick, den Du suchst. Diese All White Beutel sorgen für ein reines, tabakfreies Erlebnis, das durch den <strong>erfrischenden Minzgeschmack</strong> ergänzt wird, welcher Dir einen kühlen und belebenden Frischekick verleiht.</p>
<p>Jede Dose enthält 14 g Tabakersatz, verteilt auf 20 Slim Beutel, die für mehrere Anwendungen ausreichend sind. Unsere Nikotinbeutel bieten eine zuverlässige Nikotinfreisetzung, die Dir konstant und gleichmässig den gewünschten Effekt liefert.</p>
<p>Ob Du Dich auf der Arbeit, unterwegs oder zu Hause befindest – unsere Nikotinbeutel sind der ideale Begleiter für jeden Moment, in dem Du einen starken und erfrischenden Nikotinschub benötigst. Probiere jetzt unsere Nikotinbeutel und erlebe die perfekte Kombination aus Stärke, Geschmack und Komfort.</p>",Avalanche Mint AW Slim,Unisex,,,,,,,https://cdn.shopify.com/s/files/1/0072/0646/9679/files/KLINT_S6_avalanche-mint_AW.png,,,,,5.90,0.00,1,G,29,IN,3,3,3,,,,
,,KL-6115-1,Unisex,Title,Default Title,,,,,,,,,,5.90,0.00,1,G,29,IN,3,3,3,,,KLINT,Avalanche Mint AW Slim
Mighty Colada,"<p>COCO Nicotine Pouches werden sorgfältig aus Kokosfasern hergestellt, die eine längere und sanftere Freisetzung von Nikotin und Aromen ermöglichen. Im Gegensatz zu anderen Marken, die oft übermässig verarbeitete Pflanzenfasern verwenden, werden die Kokosfasern der COCO-Beutel direkt mit Nikotin und natürlichen Aromen versetzt. <br data-mce-fragment=""1""><br data-mce-fragment=""1"">Erlebe eine verlängerte Freisetzung von Nikotin und köstlichen Aromen von bis zu 60+ Minuten befriedigender Momente. Entdecke den Unterschied mit COCO Nikotinbeuteln - die länger anhaltende, natürlichere und sanftere Wahl für Deinen Lebensstil mit Nikotinbeuteln. COCO Mighty Colada ist Teil der Mighty Stong Reihe und bietet 13,5mg/Beutel mit der bekannten Geschmackskombination von Kokosnuss und Ananas.<br></p>
<p> </p>
<p>Verwendung:</p>
<p><span>Für eine schnelle Freisetzung von Nikotin und Aromen:</span><br><span>1. Befeuchte den Beutel, indem Du ihn auf die Zunge legst.</span><br><span>2. Sobald der Beutel feucht ist, kaue den Beutel einmal vorsichtig. Achte darauf, den Beutel nicht zu </span><span>öffnen</span><span>.</span><br><span>3. Lege den Beutel unter die Oberlippe und spüre den intensiven Geschmack und die schnelle Nikotinfreisetzung.</span><br><span>4. Geniesse den Kick bis zu einer Stunde lang</span></p>",Mighty Colada,Unisex,,,,,,,https://cdn.shopify.com/s/files/1/0072/0646/9679/files/CoCo_Mighty_Colada_sized.png,,,,,5.90,0.00,1,G,9,IN,3,3,3,,,,
,,CO-7005-1,Unisex,Title,Default Title,,,,,,,,,,5.90,0.00,1,G,9,IN,3,3,3,,,COCO,Mighty Colada
Crisp Ice Extreme AW,<p><span>Spüren Sie die eisige Frische von GRITT Crisp Ice Extreme! Mit seinem erfrischenden Minzgeschmack und dem praktischen Super Slim-Format wird jede Pouch zu einem intensiven und erfrischenden Vergnügen. Kühlen Sie sich mit GRITT Crisp Ice Extreme ab!</span></p>,Crisp Ice Extreme AW,Unisex,,,,,,,https://cdn.shopify.com/s/files/1/0072/0646/9679/files/GRITTCrispIceExtraStrong-sized.png,,,,,5.90,0.00,1,G,1,IN,3,3,3,,,,
,,Gt-1005-1,Unisex,Title,Default Title,,,,,,,,,,5.90,0.00,1,G,1,IN,3,3,3,,,GRITT,Crisp Ice Extreme AW
Super Strong Eucalyptus WP Slim,"<div class=""item flex"">
<div class=""title"">
<div class=""info"">
<p>General Super Strong Eucalyptus WP Slim - Ein moderner Klassiker mit würzigem Tabak und einem klaren Geschmack von Eukalyptus und Pfefferminze. Ein kompromissloses Tabakerlebnis, das auf stolzer Tradition und Handwerkskunst aufbaut. Ein milder und würziger Tabakgeschmack mit deutlichen Noten von Eukalyptus und Pfefferminze.</p>
</div>
</div>
</div>
<div class=""item flex""></div>",Super Strong Eucalyptus WP Slim,Unisex,,,,,,,https://cdn.shopify.com/s/files/1/0072/0646/9679/files/general-super-strong-eucalyptus-slim-wp.png,,,,,7.90,0.00,1,G,29,IN,3,3,3,,,,
,,GE-7015-1,Unisex,Title,Default Title,,,,,,,,,,7.90,0.00,1,G,29,IN,3,3,3,,,General,Super Strong Eucalyptus WP Slim
Watermelon Ice AW Slim,"<span data-mce-fragment=""1"">Geniesse die frische und süsse Kraft der Wassermelone mit FIX Watermelon Ice AW Slim. Die hohe Intensität und Stärke dieses Produkts werden Dich begeistern und erfrischen. Probieren es aus und lass Dich von der lebendigen Aromenwelt verführen!</span>",Watermelon Ice AW Slim,Unisex,,,,,,,https://cdn.shopify.com/s/files/1/0072/0646/9679/files/FIX_S5_watermelon-ice_AW.png,,,,,5.40,0.00,1,G,29,IN,3,3,3,,,,
,,FI-8015-1,Unisex,Title,Default Title,,,,,,,,,,5.40,0.00,1,G,29,IN,3,3,3,,,FIX,Watermelon Ice AW Slim
Cherry Blossom AW Slim,"Die aromatische, reizvolle und süsse Kirschblüte, die wir aus Japan kennen, ist eine perfekte Kombination mit sonnengereiften Kirschen und zarten roten Himbeeren.",Cherry Blossom AW Slim,Unisex,,,,,,,https://cdn.shopify.com/s/files/1/0072/0646/9679/files/FIX_S5_cherry-blossom_AW.png,,,,,5.40,0.00,1,G,29,IN,3,3,3,,,,
,,FI-7015-1,Unisex,Title,Default Title,,,,,,,,,,5.40,0.00,1,G,29,IN,3,3,3,,,FIX,Cherry Blossom AW Slim
X Cosmic Cool Mint AW,"<p>Erlebe <a href=""https://snushus.ch/collections/ace-snus"">Ace</a> X Cosmic Cool Mint – Dein ultimativer Begleiter für ein intensives und erfrischendes Nikotinerlebnis. Mit einem Geschmack von kühler Minze und kräftiger Pfefferminze bietet Dir dieser Snus eine unvergleichliche Geschmacksexplosion. Mit einer Stärke von 6/5 und einem beeindruckenden Nikotingehalt von 20 mg/g liefert Ace X Cosmic Cool Mint eine kraftvolle und langanhaltende Wirkung.</p>
<p>Ace X Cosmic Cool Mint ist in Regular Size Pouches verpackt, die Dir einen Kick kosmischer Proportionen verleihen. Das verbesserte Freisetzungsprofil sorgt dafür, dass das Nikotin schneller freigesetzt wird, wodurch Du eine sofortige und intensive Wirkung spürst. Dieser Snus beschleunigt wie ein Komet um die Sonne und bietet Dir ein bisher unerreichtes Nikotinerlebnis.</p>
<p>Bestelle jetzt Deinen Ace X Cosmic Cool Mint online und entdecke die perfekte Kombination aus Frische und Stärke. Erlebe die unvergleichliche Kraft von Ace X und gönn Dir diesen intensiven Genuss!</p>",X Cosmic Cool Mint AW,Unisex,,,,,,,https://cdn.shopify.com/s/files/1/0072/0646/9679/files/AceXCoolMintCosmic-sized.png,,,,,5.90,0.00,1,G,20,IN,3,3,3,,,,
,,AC-2005-1,Unisex,Title,Default Title,,,,,,,,,,5.90,0.00,1,G,20,IN,3,3,3,,,Ace,X Cosmic Cool Mint AW
Green Mango Lemongrass AW Slim,FIX Green Mango Lemongrass hat ein faszinierendes Geschmacksprofil mit spritziger grüner Mango und blumigem Zitronengras. Begleitet wird dieses Geschmackserlebnis vom stärksten Nikotingehalt von FIX.,Green Mango Lemongrass AW Slim,Unisex,,,,,,,https://cdn.shopify.com/s/files/1/0072/0646/9679/files/FIX_S5_green-mango-lemongrass_AW.png,,,,,5.40,0.00,1,G,29000,IN,3,3,3,,,,
,,FI-5015-1,Unisex,Title,Default Title,,,,,,,,,,5.40,0.00,1,G,29000,IN,3,3,3,,,FIX,Green Mango Lemongrass AW Slim
Blueberry Ice AW Slim,"Blueberry lce bietet einen Geschmack von süssen, aromatischen Blaubeeren zusammen mit Feldbeeren und anderen typischen Beeren aus den schwedischen Wäldern. Ein zusätzlicher Kick und Komplexität wird durch Vanille und Zimt zusammen mit einem knackigen, kühlenden und frischen Geschmack gegeben.",Blueberry Ice AW Slim,Unisex,,,,,,,https://cdn.shopify.com/s/files/1/0072/0646/9679/files/FIX_S5_blueberry-ice_AW.png,,,,,5.40,0.00,1,G,29,IN,3,3,3,,,,
,,FI-6015-1,Unisex,Title,Default Title,,,,,,,,,,5.40,0.00,1,G,29,IN,3,3,3,,,FIX,Blueberry Ice AW Slim
Mighty Fresh,"<p>COCO Nicotine Pouches werden sorgfältig aus Kokosfasern hergestellt, die eine längere und sanftere Freisetzung von Nikotin und Aromen ermöglichen. Im Gegensatz zu anderen Marken, die oft übermässig verarbeitete Pflanzenfasern verwenden, werden die Kokosfasern der COCO-Beutel direkt mit Nikotin und natürlichen Aromen versetzt. <br data-mce-fragment=""1""><br data-mce-fragment=""1"">Erlebe eine verlängerte Freisetzung von Nikotin und köstlichen Aromen von bis zu 60+ Minuten befriedigender Momente. Entdecke den Unterschied mit COCO Nikotinbeuteln - die länger anhaltende, natürlichere und sanftere Wahl für Deinen Lebensstil mit Nikotinbeuteln. COCO Mighty Fresh ist Teil des Mighty Stong-Sortiments und bietet 13,5mg/Beutel, kombiniert mit einer intensiven und kühlenden Kombination aus Pfefferminz und Menthol.<br></p>
<p><br></p>
<p>Verwendung:</p>
<p><span>Für eine schnelle Freisetzung von Nikotin und Aromen:</span><br><span>1. Befeuchte den Beutel, indem Du ihn auf die Zunge legst.</span><br><span>2. Sobald der Beutel feucht ist, kaue den Beutel einmal vorsichtig. Achte darauf, den Beutel nicht zu </span><span>öffnen</span><span>.</span><br><span>3. Lege den Beutel unter die Oberlippe und spüre den intensiven Geschmack und die schnelle Nikotinfreisetzung.</span><br><span>4. Geniesse den Kick bis zu einer Stunde lang</span></p>",Mighty Fresh,Unisex,,,,,,,https://cdn.shopify.com/s/files/1/0072/0646/9679/files/CoCo_Mighty_Fresh_sized.png,,,,,5.90,0.00,1,G,9,IN,3,3,3,,,,
,,CO-6005-1,Unisex,Title,Default Title,,,,,,,,,,5.90,0.00,1,G,9,IN,3,3,3,,,COCO,Mighty Fresh
Black WDP,"VIKA black ist einer der stärksten Tabak-Snus auf dem schwedischen Markt. Eine erlesene Tabakmischung aus Afrika und Europa wird mit einem Hauch von Bergamotte und Mentholaroma kombiniert. Diese Mischung liefert einen schnellen und starken Kick, der bis zu einer Stunde anhält. Die white Pouches sind trocken und laufen nicht aus.
<div></div>",Black WDP,Unisex,,,,,,,https://cdn.shopify.com/s/files/1/0072/0646/9679/products/VIKA_BLACK_sized.jpg,,,,,5.20,0.00,1,G,13,IN,3,3,3,,,,
,,VK-1000-1,Unisex,Title,Default Title,,,,,,,,,,5.20,0.00,1,G,13,IN,3,3,3,,,Vika,Black WDP
Mighty Mango,"<p>COCO Nicotine Pouches werden sorgfältig aus Kokosfasern hergestellt, die eine längere und sanftere Freisetzung von Nikotin und Aromen ermöglichen. Im Gegensatz zu anderen Marken, die oft übermässig verarbeitete Pflanzenfasern verwenden, werden die Kokosfasern der COCO-Beutel direkt mit Nikotin und natürlichen Aromen versetzt. <br><br>Erlebe eine verlängerte Freisetzung von Nikotin und köstlichen Aromen von bis zu 60+ Minuten befriedigender Momente. Entdecke den Unterschied mit COCO Nikotinbeuteln - die länger anhaltende, natürlichere und sanftere Wahl für Deinen Lebensstil mit Nikotinbeuteln. COCO Mighty Mango ist Teil der Mighty Stong Reihe und bietet 13,5mg/Beutel mit einem saftigen Geschmackserlebnis von frischer Mango.<br></p>
<p><br></p>
<p>Verwendung:</p>
<p><span>Für eine schnelle Freisetzung von Nikotin und Aromen:</span><br><span>1. Befeuchte den Beutel, indem Du ihn auf die Zunge legst.</span><br><span>2. Sobald der Beutel feucht ist, kaue den Beutel einmal vorsichtig. Achte darauf, den Beutel nicht zu </span><span>öffnen</span><span>.</span><br><span>3. Lege den Beutel unter die Oberlippe und spüre den intensiven Geschmack und die schnelle Nikotinfreisetzung.</span><br><span>4. Geniesse den Kick bis zu einer Stunde lang</span></p>",Mighty Mango,Unisex,,,,,,,https://cdn.shopify.com/s/files/1/0072/0646/9679/files/CoCo_Mighty_Mango_sized.png,,,,,5.90,0.00,1,G,9,IN,3,3,3,,,,
,,CO-5005-1,Unisex,Title,Default Title,,,,,,,,,,5.90,0.00,1,G,9,IN,3,3,3,,,COCO,Mighty Mango
Classic Slim WDP,"<p>Intensiver, kräftiger Snus mit frischem ""sibirischer"" Pfefferminze.</p>
<p><span>Bei den White Dry Portions von</span><span> Royal Snus wird an der Stelle von Tabak eine Pflanzenart verwendet, die Damiana genannt wird.</span><br><span>Damiana ist eine Strauchpflanze, die zur Pflanzengattung der Safranmalven (turnera diffusa) gehört. </span><span>Ihr natürliches Verbreitungsgebiet reicht vom südlichen Nordamerika bis nach Argentinien. Vorzugsweise gedeiht Damiana an trockenen, felsigen Standorten – etwa auf Klippen, auf Kalksteinen oder auch in Mischwäldern in Höhenlagen zwischen 500 Metern und 1950 Metern. Dazu wurde Damiana schon seit längerem auch in Mexiko als Tabakersatz verwendet.</span></p>",Classic Slim WDP,Unisex,,,,,,,https://cdn.shopify.com/s/files/1/0072/0646/9679/files/royal-lifestyle-classic-slim-wdp_fb27aa66-a02c-4ccd-a5e8-332463a47b42.png,,,,,5.90,0.00,1,G,36,IN,3,3,3,,,,
,,RL-1010-1,Unisex,Title,Default Title,,,,,,,,,,5.90,0.00,1,G,36,IN,3,3,3,,,Royal Lifestyle,Classic Slim WDP
Mighty Lemonade,"<p>COCO Nicotine Pouches werden sorgfältig aus Kokosfasern hergestellt, die eine längere und sanftere Freisetzung von Nikotin und Aromen ermöglichen. Im Gegensatz zu anderen Marken, die oft übermässig verarbeitete Pflanzenfasern verwenden, werden die Kokosfasern der COCO-Beutel direkt mit Nikotin und natürlichen Aromen versetzt. <br data-mce-fragment=""1""><br data-mce-fragment=""1"">Erlebe eine verlängerte Freisetzung von Nikotin und köstlichen Aromen von bis zu 60+ Minuten befriedigender Momente. Entdecke den Unterschied mit COCO Nikotinbeuteln - die länger anhaltende, natürlichere und sanftere Wahl für Deinen Lebensstil mit Nikotinbeuteln. COCO Mighty Lemonade ist Teil der Mighty Stong Reihe und bietet 13,5mg/Beutel, die die einzigartige Geschmackskombination von Schwarzem Tee und Limonade nutzen.<br></p>
<p><br></p>
<p>Verwendung:</p>
<p><span>Für eine schnelle Freisetzung von Nikotin und Aromen:</span><br><span>1. Befeuchte den Beutel, indem Du ihn auf die Zunge legst.</span><br><span>2. Sobald der Beutel feucht ist, kaue den Beutel einmal vorsichtig. Achte darauf, den Beutel nicht zu </span><span>öffnen</span><span>.</span><br><span>3. Lege den Beutel unter die Oberlippe und spüre den intensiven Geschmack und die schnelle Nikotinfreisetzung.</span><br><span>4. Geniesse den Kick bis zu einer Stunde lang</span></p>",Mighty Lemonade,Unisex,,,,,,,https://cdn.shopify.com/s/files/1/0072/0646/9679/files/CoCo_Mighty_Lemonade_sized.png,,,,,5.90,0.00,1,G,9,IN,3,3,3,,,,
,,CO-8005-1,Unisex,Title,Default Title,,,,,,,,,,5.90,0.00,1,G,9,IN,3,3,3,,,COCO,Mighty Lemonade
Iced-Mint Tobacco WDP,"<p>Bist Du bereit für die langanhaltende, entspannende Wirkung von ¡VALE! Iced Mint Tobacco WDP - einem White Dry Portion Snus mit hervorragender Qualität<br>zum attraktiven Preis.</p>
<p>Der ¡VALE! Iced-Mint Tobacco vereint Menthol, Minze und Tabakgeschmack zu einem vollmundigen und einzigartigen Erlebnis mit seinen 45mg/g Nikotin.<br>Erlebe die erfrischende Kühle der Minze in Kombination mit dem natürlichen Tabakgeschmack.</p>",Iced-Mint Tobacco WDP,Unisex,,,,,,,https://cdn.shopify.com/s/files/1/0072/0646/9679/files/vale-iced-mint-tobacco-strong-wdp.png,,,,,5.90,0.00,1,G,1,IN,3,3,3,,,,
,,VA-3000-1,Unisex,Title,Default Title,,,,,,,,,,5.90,0.00,1,G,1,IN,3,3,3,,,¡VALE!,Iced-Mint Tobacco WDP
Frost Bite Extreme AW,Erleben Sie ein einzigartiges Minz-Geschmackserlebnis! GRITT Frost Bite Extreme bietet Ihnen eine erfrischende Intensität und kommt in einem praktischen Super Slim-Format daher. Geniessen Sie ein Endlos-Minz-Erlebnis!,Frost Bite Extreme AW,Unisex,,,,,,,https://cdn.shopify.com/s/files/1/0072/0646/9679/files/GRITTFrostBiteExtraStrong-sized.png,,,,,5.90,0.00,1,G,12000,IN,3,3,3,,,,
,,GT-2005-1,Unisex,Title,Default Title,,,,,,,,,,5.90,0.00,1,G,12000,IN,3,3,3,,,GRITT,Frost Bite Extreme AW
Icing WDP Slim,"<p>PUCK ICING Extreme Strong Slim von The Snusfactory ist ein Snus, der Nikotin-Kicks mit der Stärke eines kräftigen Slap-Shots zusammen mit einem eiskalten Minzegeschmack liefert. Er enthält einen extrem hohen Nikotingehalt (45mg/g) und liefert einen unglaublich frischen Geschmack von Schweizer Menthol und Pfefferminze.</p>
<p>Seine bequemen Portionen sind so gestaltet, dass sie eine sofortige Freisetzung sowohl von Nikotin als auch von Geschmack ermöglichen. Ihre trockene Oberfläche sorgt für ein geringes Laufen, was wiederum dafür sorgt, dass diese stimulierende und erfrischende Freisetzung zufriedenstellend lange anhält.</p>",Icing WDP Slim,Unisex,,,,,,,https://cdn.shopify.com/s/files/1/0072/0646/9679/products/Puck_Icing_Extreme_Strong_Slim.jpg,,,,,5.20,0.00,1,G,13,IN,3,3,3,,,,
,,PU-2010-1,Unisex,Title,Default Title,,,,,,,,,,5.20,0.00,1,G,13,IN,3,3,3,,,Puck,Icing WDP Slim
Supermassive WDP,"<span>VIKA Supermassive ist der stärkste Tabak-Snus der Marke VIKA und gleichzeitig einer der stärksten auf dem Markt. Er ist damit ideal für erfahrene Snus-Konsumenten, die nach einem intensiven Nikotinkick suchen.</span>",Supermassive WDP,Unisex,,,,,,,https://cdn.shopify.com/s/files/1/0072/0646/9679/products/VIKA_SUPERMASSIV_sized.jpg,,,,,5.20,0.00,1,G,13,IN,3,3,3,,,,
,,VK-3000-1,Unisex,Title,Default Title,,,,,,,,,,5.20,0.00,1,G,13,IN,3,3,3,,,Vika,Supermassive WDP
Classic Original WDP,"<p>Intensiver, kräftiger Snus mit frischem ""sibirischer"" Pfefferminze.</p>
<p>Bei den White Dry Portions von Royal Snus wird an der Stelle von Tabak eine Pflanzenart verwendet, die Damiana genannt wird. <br>Damiana ist eine Strauchpflanze, die zur Pflanzengattung der Safranmalven (turnera diffusa) gehört. Ihr natürliches Verbreitungsgebiet reicht vom südlichen Nordamerika bis nach Argentinien. Vorzugsweise gedeiht Damiana an trockenen, felsigen Standorten – etwa auf Klippen, auf Kalksteinen oder auch in Mischwäldern in Höhenlagen zwischen 500 Metern und 1950 Metern. Dazu wurde Damiana schon seit längerem auch in Mexiko als Tabakersatz verwendet.</p>",Classic Original WDP,Unisex,,,,,,,https://cdn.shopify.com/s/files/1/0072/0646/9679/files/royal-lifestyle-classic-original-wdp_36c0e7fe-6fc0-4ee4-8ba6-c42268343d6a.png,,,,,5.90,0.00,1,G,36,IN,3,3,3,,,,
,,RL-1000-1,Unisex,Title,Default Title,,,,,,,,,,5.90,0.00,1,G,36,IN,3,3,3,,,Royal Lifestyle,Classic Original WDP
Apple Mint AW Slim,Die perfekte Kombination aus Apfel und Minze in einem starken Nikotinbeutel. Apple Mint gibt Ihnen einen frischen und lang anhaltenden Geschmack und befriedigt Deinen Nikotinbedarf.,Apple Mint AW Slim,Unisex,,,,,,,https://cdn.shopify.com/s/files/1/0072/0646/9679/files/KLINT_S5_apple-mint_AW.png,,,,,5.90,0.00,1,G,29,IN,3,3,3,,,,
,,KL-4115-1,Unisex,Title,Default Title,,,,,,,,,,5.90,0.00,1,G,29,IN,3,3,3,,,KLINT,Apple Mint AW Slim
Fresh-Mint AW Slim,"<p data-mce-fragment=""1"">Der Fünfhaus Flavour mit erfrischendem Minzgeschmack sorgt für die nötige Freshness im stressigen Alltag.<br data-mce-fragment=""1""></p>
<p data-mce-fragment=""1"">15 bringt den Fünfhaus Flavour direkt in deine Hosentasche. Die neuen Nicotine Baggies aus dem fünfzehnten Wiener Gemeindebezirk ermöglichen dir rauchfreien Genuss in erfrischenden Geschmacksrichtungen. Ob beim Arbeiten, Trainieren, Feiern oder einfach zum Entspannen: Es gibt mehr als 1150 Gründe, um mit 15 Nicotine Pouches nicht den Fokus zu verlieren. Komm in deinen Flow!</p>",Fresh-Mint AW Slim,Unisex,,,,,,,https://cdn.shopify.com/s/files/1/0072/0646/9679/files/15-Baggies_PackshotFreshMintDarkBG_600x600_62ceae55-2cf2-4c4e-ae9f-fc7f27f53103.png,,,,,7.90,0.00,1,G,12,IN,3,3,3,,,,
,,FH-1010-1,Unisex,Title,Default Title,,,,,,,,,,7.90,0.00,1,G,12,IN,3,3,3,,,15 Nicotine Baggies,Fresh-Mint AW Slim
Extreme OP,"Odens Cold Extreme Original Portion ist ein Produkt für traditionelle Snuser.<br data-mce-fragment=""1"">Durch die feuchten Beutel kommt der Nikotingehalt noch besser zur Wirkung als bei vergleichbaren Oden's Produkten.",Extreme OP,Unisex,,,,,,,https://cdn.shopify.com/s/files/1/0072/0646/9679/products/odens_extreme_original_portion.jpg,,,,,4.80,0.00,1,G,20,IN,3,3,3,,,,
,,OD-7105-1,Unisex,Title,Default Title,,,,,,,,,,4.80,0.00,1,G,20,IN,3,3,3,,,Oden's,Extreme OP
Menthol AW Slim,"<p data-mce-fragment=""1"">Cool bleiben – mit dem Fünfhaus Flavour Menthol hast du immer ein Baggie in der Tasche für den schnellen Frische-Kick.</p>
<p data-mce-fragment=""1"">15 bringt den Fünfhaus Flavour direkt in deine Hosentasche. Die neuen Nicotine Baggies aus dem fünfzehnten Wiener Gemeindebezirk ermöglichen dir rauchfreien Genuss in erfrischenden Geschmacksrichtungen. Ob beim Arbeiten, Trainieren, Feiern oder einfach zum Entspannen: Es gibt mehr als 1150 Gründe, um mit 15 Nicotine Pouches nicht den Fokus zu verlieren. Komm in deinen Flow!</p>",Menthol AW Slim,Unisex,,,,,,,https://cdn.shopify.com/s/files/1/0072/0646/9679/files/15-Baggies_PackshotMentholDarkBG_600x600_1e9c6679-4170-4167-8890-196c564947dd.png,,,,,7.90,0.00,1,G,12,IN,3,3,3,,,,
,,FH-2010-1,Unisex,Title,Default Title,,,,,,,,,,7.90,0.00,1,G,12,IN,3,3,3,,,15 Nicotine Baggies,Menthol AW Slim
Icing WDP,"<p>PUCK ICING Extreme Strong von The Snusfactory ist ein Snus, der Nikotin-Kicks mit der Stärke eines kräftigen Slap-Shots zusammen mit einem eiskalten Minzegeschmack liefert. Er enthält einen extrem hohen Nikotingehalt (45mg/g) und liefert einen unglaublich frischen Geschmack von Schweizer Menthol und Pfefferminze.</p>
<p>Seine bequemen Portionen sind so gestaltet, dass sie eine sofortige Freisetzung sowohl von Nikotin als auch von Geschmack ermöglichen. Ihre trockene Oberfläche sorgt für ein geringes Laufen, was wiederum dafür sorgt, dass diese stimulierende und erfrischende Freisetzung zufriedenstellend lange anhält.</p>",Icing WDP,Unisex,,,,,,,https://cdn.shopify.com/s/files/1/0072/0646/9679/files/PUCK_ICING_Peppermint_sized.png,,,,,5.20,0.00,1,G,16,IN,3,3,3,,,,
,,PU-2000-1,Unisex,Title,Default Title,,,,,,,,,,5.20,0.00,1,G,16,IN,3,3,3,,,Puck,Icing WDP
Spearing WDP Slim,"<p>PUCK SPEARING Extra Strong Slim von The SnusFactory, ein Snus nach Mass für diejenigen, die den ultimativen Kältekick erleben wollen, den nur ein eisiger Minzgeschmack und extra starke Kicks bieten können!</p>
<p>Seine modernen Portionen haben die gleichen Eigenschaften wie White Dry Portionen. Das bedeutet, dass sie so optimiert sind, dass sie nur gering saften, was wiederum die beinahe sofortige Freisetzung sowohl des Geschmacks als auch des Nikotins fördert.</p>",Spearing WDP Slim,Unisex,,,,,,,https://cdn.shopify.com/s/files/1/0072/0646/9679/products/Puck_Spearing_Extra_Strong_Slim_sized.jpg,,,,,5.20,0.00,1,G,13,IN,3,3,3,,,,
,,PU-1010-1,Unisex,Title,Default Title,,,,,,,,,,5.20,0.00,1,G,13,IN,3,3,3,,,Puck,Spearing WDP Slim
Red WDP,"<span>VIKA Red hat einen Hauch von gefrorenem Minzaroma, welches einen Freeze-Faktor und einen intensiven Geschmack bringt. Der gut ausbalancierte Nikotinkick kommt etwa nach 30 Sekunden und hält mindestens 20 erfrischende Minuten an.</span>",Red WDP,Unisex,,,,,,,https://cdn.shopify.com/s/files/1/0072/0646/9679/products/VIKA_RED_sized.jpg,,,,,5.20,0.00,1,G,13,IN,3,3,3,,,,
,,VK-2000-1,Unisex,Title,Default Title,,,,,,,,,,5.20,0.00,1,G,13,IN,3,3,3,,,Vika,Red WDP
Arctic Mint AW Slim,"Extra starke Minze. Dieses Produkt ist nur für erfahrene Konsumenten, die die höhere Nikotindosis vertragen können. Nicht für Anfänger geeignet.",Arctic Mint AW Slim,Unisex,,,,,,,https://cdn.shopify.com/s/files/1/0072/0646/9679/files/KLINT_S5_arctic-mint_AW.png,,,,,5.90,0.00,1,G,29,IN,3,3,3,,,,
,,KL-3115-1,Unisex,Title,Default Title,,,,,,,,,,5.90,0.00,1,G,29,IN,3,3,3,,,KLINT,Arctic Mint AW Slim
Spearing WDP,"<p>PUCK SPEARING Extra Strong Portion von The SnusFactory, ein Snus nach Mass für diejenigen, die den ultimativen Kältekick erleben wollen, den nur ein eisiger Minzgeschmack und extra starke Kicks bieten können!</p>
<p>Seine modernen Portionen haben die gleichen Eigenschaften wie White Dry Portionen. Das bedeutet, dass sie so optimiert sind, dass sie nur gering saften, was wiederum die beinahe sofortige Freisetzung sowohl des Geschmacks als auch des Nikotins fördert.</p>",Spearing WDP,Unisex,,,,,,,https://cdn.shopify.com/s/files/1/0072/0646/9679/files/PUCK_ICING_Spearmint_sized.png,,,,,5.20,0.00,1,G,16,IN,3,3,3,,,,
,,PU-1000-1,Unisex,Title,Default Title,,,,,,,,,,5.20,0.00,1,G,16,IN,3,3,3,,,Puck,Spearing WDP
Blåklint AW Slim,"Eine Komposition aus Blaubeeren und leckeren schwarzen Beeren, mit einem Hauch von Veilchen gibt dem starken Nikotinbeutel seine einzigartige Fülle und seinen köstlichen Geschmack.",Blåklint AW Slim,Unisex,,,,,,,https://cdn.shopify.com/s/files/1/0072/0646/9679/files/KLINT_S5_blaklint_AW.png,,,,,5.90,0.00,1,G,29,IN,3,3,3,,,,
,,KL-5115-1,Unisex,Title,Default Title,,,,,,,,,,5.90,0.00,1,G,29,IN,3,3,3,,,KLINT,Blåklint AW Slim
Brown -80 Degrees OP,"<div class=""item flex"">
<div class=""title"">
<div class=""info"">
<p>Siberia Braun Original Portion ist der traditionelle Bruder des <a href=""https://snushus.ch/products/siberia-snus-rot-80-degrees-white-dry-portion"">roten Siberia</a>. Ein Portion Snus mit Minz Aroma und den bekannten 43 mg/g Nikotin! </p>
</div>
</div>
</div>
<div class=""item flex""><br></div>",Brown -80 Degrees OP,Unisex,,,,,,,https://cdn.shopify.com/s/files/1/0072/0646/9679/products/1636398926398455_siberia-brown-original-portion.jpg,,,,,5.20,0.00,1,G,1,IN,3,3,3,,,,
,,SI-5005-1,Unisex,Title,Default Title,,,,,,,,,,5.20,0.00,1,G,1,IN,3,3,3,,,Siberia,Brown -80 Degrees OP
Strawberry Kiwi AW Slim,Erdbeere und Kiwi bilden eine perfekte Mischung und werden von lieblichen Noten exotischer Früchte wie Guave und Litschi begleitet.,Strawberry Kiwi AW Slim,Unisex,,,,,,,https://cdn.shopify.com/s/files/1/0072/0646/9679/files/FIX_S4_strawberry-kiwi_AW.png,,,,,5.40,0.00,1,G,29,IN,3,3,3,,,,
,,FI-4015-1,Unisex,Title,Default Title,,,,,,,,,,5.40,0.00,1,G,29,IN,3,3,3,,,FIX,Strawberry Kiwi AW Slim
Watermelon Ice AW Slim,"<span data-mce-fragment=""1"">Geniesse die frische und süsse Kraft der Wassermelone mit FIX Watermelon Ice AW Slim. Die hohe Intensität und Stärke dieses Produkts werden Dich begeistern und erfrischen. Probieren es aus und lass Dich von der lebendigen Aromenwelt verführen!</span>",Watermelon Ice AW Slim,Unisex,,,,,,,https://cdn.shopify.com/s/files/1/0072/0646/9679/files/FIX_S5_watermelon-ice_AW.png,,,,,5.40,0.00,1,G,29,IN,3,3,3,,,,
,,FI-8015-1,Unisex,Title,Default Title,,,,,,,,,,5.40,0.00,1,G,29,IN,3,3,3,,,FIX,Watermelon Ice AW Slim
Cherry Blossom AW Slim,"Die aromatische, reizvolle und süsse Kirschblüte, die wir aus Japan kennen, ist eine perfekte Kombination mit sonnengereiften Kirschen und zarten roten Himbeeren.",Cherry Blossom AW Slim,Unisex,,,,,,,https://cdn.shopify.com/s/files/1/0072/0646/9679/files/FIX_S5_cherry-blossom_AW.png,,,,,5.40,0.00,1,G,29,IN,3,3,3,,,,
,,FI-7015-1,Unisex,Title,Default Title,,,,,,,,,,5.40,0.00,1,G,29,IN,3,3,3,,,FIX,Cherry Blossom AW Slim
Green Mango Lemongrass AW Slim,FIX Green Mango Lemongrass hat ein faszinierendes Geschmacksprofil mit spritziger grüner Mango und blumigem Zitronengras. Begleitet wird dieses Geschmackserlebnis vom stärksten Nikotingehalt von FIX.,Green Mango Lemongrass AW Slim,Unisex,,,,,,,https://cdn.shopify.com/s/files/1/0072/0646/9679/files/FIX_S5_green-mango-lemongrass_AW.png,,,,,5.40,0.00,1,G,29000,IN,3,3,3,,,,
,,FI-5015-1,Unisex,Title,Default Title,,,,,,,,,,5.40,0.00,1,G,29000,IN,3,3,3,,,FIX,Green Mango Lemongrass AW Slim
Blueberry Ice AW Slim,"Blueberry lce bietet einen Geschmack von süssen, aromatischen Blaubeeren zusammen mit Feldbeeren und anderen typischen Beeren aus den schwedischen Wäldern. Ein zusätzlicher Kick und Komplexität wird durch Vanille und Zimt zusammen mit einem knackigen, kühlenden und frischen Geschmack gegeben.",Blueberry Ice AW Slim,Unisex,,,,,,,https://cdn.shopify.com/s/files/1/0072/0646/9679/files/FIX_S5_blueberry-ice_AW.png,,,,,5.40,0.00,1,G,29,IN,3,3,3,,,,
,,FI-6015-1,Unisex,Title,Default Title,,,,,,,,,,5.40,0.00,1,G,29,IN,3,3,3,,,FIX,Blueberry Ice AW Slim
Pineapple Rum Coconut AW Slim,"Eine Kombination, die ein Gefühl und einen Geschmack von <span data-mce-fragment=""1"">Piña Colada </span>mit zusätzlicher Intensität von dunklem Rum und Gewürzen gibt. Intensiv und sehr lecker.",Pineapple Rum Coconut AW Slim,Unisex,,,,,,,https://cdn.shopify.com/s/files/1/0072/0646/9679/files/FIX_S4_pineapple-rum-coconut_AW.png,,,,,5.40,0.00,1,G,29,IN,3,3,3,,,,
,,FI-3015-1,Unisex,Title,Default Title,,,,,,,,,,5.40,0.00,1,G,29,IN,3,3,3,,,FIX,Pineapple Rum Coconut AW Slim
Chai Latte AW Slim,"Chai Latte ist eine Kombination aus Kaffeebohnen, Chai-Gewürzen wie Zimt und Nelken sowie einem köstlichen Geschmack von Vanilleschoten. Sehr grosszügig, unverwechselbar und schwer zu widerstehen.",Chai Latte AW Slim,Unisex,,,,,,,https://cdn.shopify.com/s/files/1/0072/0646/9679/files/FIX_S3_chai-latte_AW.png,,,,,5.40,0.00,1,G,29,IN,3,3,3,,,,
,,FI-2015-1,Unisex,Title,Default Title,,,,,,,,,,5.40,0.00,1,G,29,IN,3,3,3,,,FIX,Chai Latte AW Slim
Fig Raspberry AW Slim,"Die aromatische, reizvolle und süsse Kirschblüte, die wir aus Japan kennen, ist eine perfekte Kombination mit sonnengereiften Kirschen und zarten roten Himbeeren.",Fig Raspberry AW Slim,Unisex,,,,,,,https://cdn.shopify.com/s/files/1/0072/0646/9679/files/FIX_S3_fig-raspberry_AW.png,,,,,5.40,0.00,1,G,29,IN,3,3,3,,,,
,,FI-1015-1,Unisex,Title,Default Title,,,,,,,,,,5.40,0.00,1,G,29,IN,3,3,3,,,FIX,Fig Raspberry AW Slim
Strawberry Cream AW,"<p>Tabakfreier Snus mit dem exklusiven Geschmack des Getränks Frozen Strawberry Daiquiri. Der süsse, erfrischende Geschmack der Erdbeere gibt ein Gefühl der Feier. Die Beutel haben eine schnelle Freigabe und einen lang anhaltenden Geschmack.</p>
<p>Die Dosen enthalten 20 schlanke Portionsbeutel aus dem exklusiven Vliesstoff. Die Nikotinstärke beträgt 8.4 mg/Beutel.</p>",Strawberry Cream AW,Unisex,,,,,,,https://cdn.shopify.com/s/files/1/0072/0646/9679/files/Fumi_Strawberry_Cream_sized.png,,,,,5.90,0.00,1,G,1,IN,3,3,3,,,,
,,FU-3015-1,Unisex,Title,Default Title,,,,,,,,,,5.90,0.00,1,G,1,IN,3,3,3,,,FUMI,Strawberry Cream AW
Salty Raspberry AW,"<p>Ein weiterer unvergleichlicher tabakfreier Snus unter den unverwechselbaren Lakritz Geschmacksrichtungen von FUMI. Die natürliche Aromakomposition aus Lakritz und Himbeeren sorgt für ein sehr ekstatisches Erlebnis. FUMI Salty Rasberry hat die gleiche schnelle Freisetzung und das gleiche lange Geschmackserlebnis wie die anderen Produkte im FUMI-Sortiment.</p>
<p>Die Dose enthält 20 schlanke Beutel aus dem exklusiven weichen und weissen Vliesmaterial. Der Nikotingehalt beträgt 8.4 mg/Beutel.</p>",Salty Raspberry AW,Unisex,,,,,,,https://cdn.shopify.com/s/files/1/0072/0646/9679/files/Fumi_Salty_Rasperry_sized.png,,,,,5.90,0.00,1,G,1,IN,3,3,3,,,,
,,FU-1015-1,Unisex,Title,Default Title,,,,,,,,,,5.90,0.00,1,G,1,IN,3,3,3,,,FUMI,Salty Raspberry AW
Spicy Cola AW,"<p>Tabakfreier Snus mit einem starken, aber ausgewogenen Cola-Geschmack. Von vielen als der Lieblingsgeschmack angesehen, zu dem man immer mal wieder wechselt. Das Erlebnis der schnellen Freisetzung und des lang anhaltenden Geschmacks ist etwas, das in allen Geschmacksrichtungen von FUMI wiedererkannt wird.</p>
<p>Die Dose enthält 20 schlanke Beutel aus exklusivem, weichem und weissem Vliesmaterial. Die Nikotinstärke beträgt 8.4 mg/Beutel.</p>",Spicy Cola AW,Unisex,,,,,,,https://cdn.shopify.com/s/files/1/0072/0646/9679/files/Fumi_Spicy_cola_sized.png,,,,,5.90,0.00,1,G,1,IN,3,3,3,,,,
,,FU-5015-1,Unisex,Title,Default Title,,,,,,,,,,5.90,0.00,1,G,1,IN,3,3,3,,,FUMI,Spicy Cola AW
Salty Violet AW,"<p>Der neueste tabakfreie Snus in der vielseitigen Lakritzfamilie von Fumi. Lakritze und Veilchen sind traditionelle und sehr geschätzte schwedische Bonbongeschmacksrichtungen, die nun endlich als Snus erhältlich sind. Es sind kindliche, erwachsene Aromen, die perfekt zusammenpassen und von denen wir überzeugt sind, dass viele sie lieben werden. Ein Produkt für alle, die Lakritz lieben, aber zwischen verschiedenen aufregenden Geschmacksrichtungen wechseln möchten. Fumi Salty Violet hat die gleiche schnelle Freisetzung und lang anhaltende Geschmackserfahrung wie andere Fumi-Produkte.</p>
<p>Die Dose enthält 20 schlanke Beutel aus dem exklusiv weichen und weissen Vliesmaterial, das alle Fumi-Produkte kennzeichnet. Die Nikotinstärke beträgt 8,4 mg/Beutel.</p>",Salty Violet AW,Unisex,,,,,,,https://cdn.shopify.com/s/files/1/0072/0646/9679/files/Fumi_Salty_Violet_sized.png,,,,,5.90,0.00,1,G,1,IN,3,3,3,,,,
,,FU-2015-1,Unisex,Title,Default Title,,,,,,,,,,5.90,0.00,1,G,1,IN,3,3,3,,,FUMI,Salty Violet AW
Icemint AW,"<p>Ein extrem starker tabakfreier Snus für alle, die einen aussergewöhnlich starken Nikotinkick wollen. Sein unverwechselbarer Geschmack von natürlicher Minze gibt ein eisig frisches und atemberaubendes Gefühl. Die schnelle Freisetzung mit lang anhaltenden Aromen macht Sie gut fühlen und von anderen geschätzt werden.</p>
<p>Die Dose enthält 20 schlanke Beutel aus exklusivem, weichem und weissem Vliesmaterial. Die Nikotinstärke beträgt 11,2 mg/Beutel.</p>",Icemint AW,Unisex,,,,,,,https://cdn.shopify.com/s/files/1/0072/0646/9679/files/Fumi_Icemint_sized.png,,,,,5.90,0.00,1,G,1,IN,3,3,3,,,,
,,FU-4015-1,Unisex,Title,Default Title,,,,,,,,,,5.90,0.00,1,G,1,IN,3,3,3,,,FUMI,Icemint AW
Deep Freeze AW Slim,"<p>Der G.4 Deep Freeze von Swedish Match hat einen hellen, würzigen Charakter mit deutlichen Noten von Eukalyptus und Menthol. Ein langer schlanker All White Beutel mit optimierter Passform, aussen trocken mit einem feuchten Inhalt für lang anhaltende Geschmacksentfaltung und geringem Rinnen.<br></p>",Deep Freeze AW Slim,Unisex,,,,,,,https://cdn.shopify.com/s/files/1/0072/0646/9679/products/1647421618622566_g4-deep-freeze-aw.jpg,,,,,5.55,0.00,1,G,40000,IN,3,3,3,,,,
,,G4-1005-1,Unisex,Title,Default Title,,,,,,,,,,5.55,0.00,1,G,40000,IN,3,3,3,,,G.4,Deep Freeze AW Slim
Cryo AW Slim,"<p>Der G.4 Cryo von Swedish Match hat einen hellen. würzigen Charakter mit deutlichen Noten von Pfefferminz und Eukalyptus, dazu Spuren von Vanille. Ein langer schlanker All White Beutel mit optimierter Passform, aussen trocken mit einem feuchten Inhalt für lang anhaltende Geschmacksentfaltung und geringem Rinnen.</p>",Cryo AW Slim,Unisex,,,,,,,https://cdn.shopify.com/s/files/1/0072/0646/9679/products/1647422021844617_g4-cryo-aw.jpg,,,,,5.55,0.00,1,G,40000,IN,3,3,3,,,,
,,G4-2005-1,Unisex,Title,Default Title,,,,,,,,,,5.55,0.00,1,G,40000,IN,3,3,3,,,G.4,Cryo AW Slim
Extra Strong OP,"<meta charset=""utf-8"">
<div class=""item flex "">
<div class=""title"">
<div class=""info"">
<p><span>General Extra Stark Original Portion ist ein starker Snus mit kräftigem Tabakgeschmack. Dazu gesellt sich ein leichter Hauch von Citrus sowie Bergamotte und Tee. Als Teil der General-Serie ist dieser Snus ein absoluter Klassiker - hergestellt vom Marktführer Swedish Match.</span></p>
</div>
</div>
</div>
<div class=""item flex ""></div>",Extra Strong OP,Unisex,,,,,,,https://cdn.shopify.com/s/files/1/0072/0646/9679/files/general-extra-strong-portion-2023-design.png,,,,,5.20,,1,G,300,IN,3,3,3,,,,
,,GE-1005-1,Unisex,Title,Default Title,,,,,,,,,,5.20,,1,G,300,IN,3,3,3,,,General,Extra Strong OP
XRANGE Strong WP Slim,"<meta charset=""utf-8"">
<div class=""item flex"">
<div class=""title"">
<div class=""info"">
<p>Der XRANGE General Slim Strong White ist ein Klassiker vom Hersteller Swedish Match, welcher immer für hohe Qualität steht. Dieser Snus ist hell und trocken auf der Aussenseite des Beutels und rinnt damit sehr wenig. Auf der Innenseite ist der Snus angenehm feucht und erlaubt damit die Wahrnehmung vom würzigen Tabakgeschmack mit Spuren von Citrus und Bergamotte sowie Tee. </p>
</div>
</div>
</div>
<div class=""item flex""></div>",XRANGE Strong WP Slim,Unisex,,,,,,,https://cdn.shopify.com/s/files/1/0072/0646/9679/files/general-xrange-strong-white-portion-2023.png,,,,,5.20,,1,G,30,IN,3,3,3,,,,
,,GE-3015-1,Unisex,Title,Default Title,,,,,,,,,,5.20,,1,G,30,IN,3,3,3,,,General,XRANGE Strong WP Slim
Onyx WP,"<meta charset=""utf-8"">
<div class=""item flex "">
<div class=""title"">
<div class=""info"">
<p><span>General Onyx White Portion - ein absoluter Klassiker und Premium Snus. Der Name ist etwas verwirrend, da dieses Produkt zwar als White Portion gilt; die Beutel sind aber als einziges Produkt auf dem Markt komplett schwarz, weil anstelle von klassischem Papier ein schwarzes Papier verwendet wird. Ausser der optischen Auffälligkeit ergibt sich aber kein Unterschied zu normalen White Portion Snus.</span></p>
<p><span>Mit dem Design der Dose, dem rustikalen Tabakgeschmack und den ringförmig angeordneten Beutel gehört General Onyx zu den wahrscheinlich besten Snusprodukten auf dem Markt.</span></p>
</div>
</div>
</div>
<div class=""item flex ""></div>",Onyx WP,Unisex,,,,,,,https://cdn.shopify.com/s/files/1/0072/0646/9679/products/general-onyx-silver-white-portion.png,,,,,5.20,,1,G,30,IN,3,3,3,,,,
,,GE-2005-1,Unisex,Title,Default Title,,,,,,,,,,5.20,,1,G,30,IN,3,3,3,,,General,Onyx WP
Loose Extra Strong,"<meta charset=""utf-8"">
<div class=""item flex"">
<div class=""title"">
<div class=""info"">
<p>General Extra Stark Lös Snus / Loose Snus ist DAS ursprüngliche Snusprodukt, welches seit mehr als 200 Jahren produziert wird. Der kräftige Tabakgeschmack mit Spuren von Zitrusfrüchten, Bergamotte, Tee, getrockneten Gräser und Leder überzeugt durch seine natürliche Art. Ein Lös Snus, der einfach zu kneten ist und als absoluter Klassiker jedem Snus-Connoisseur zu empfehlen ist!</p>
</div>
</div>
</div>
<div class=""item flex""></div>",Loose Extra Strong,Unisex,,,,,,,https://cdn.shopify.com/s/files/1/0072/0646/9679/products/general-extra-strong-loose.png,,,,,5.90,0.00,1,G,300,IN,3,3,3,,,,
,,GE-4005-1,Unisex,Title,Default Title,,,,,,,,,,5.90,0.00,1,G,300,IN,3,3,3,,,General,Loose Extra Strong
Super Strong Spearmint WP,"<meta charset=""utf-8"">
<div class=""item flex"">
<div class=""title"">
<div class=""info"">
<p>General Super Strong Spearmint WP - Ein moderner Klassiker mit würzigem Tabak und einem klaren Geschmack von Minze. Ein frisches, starkes und kompromissloses Tabakerlebnis, das auf stolzer Tradition und Handwerkskunst aufbaut. Ein weicher und würziger Tabakgeschmack mit deutlichen Noten von Minze, zusammen mit einem Hauch von grünen Kräutern und Eukalyptus.</p>
</div>
</div>
</div>
<div class=""item flex""></div>",Super Strong Spearmint WP,Unisex,,,,,,,https://cdn.shopify.com/s/files/1/0072/0646/9679/files/general-super-strong-spearmint-wp_af98c372-3829-4a09-a833-cf97c5e26c7f.png,,,,,7.90,0.00,1,G,35000,IN,3,3,3,,,,
,,GE-8005-1,Unisex,Title,Default Title,,,,,,,,,,7.90,0.00,1,G,35000,IN,3,3,3,,,General,Super Strong Spearmint WP
Classic WP,"<meta charset=""utf-8"">
<div class=""item flex"">
<div class=""title"">
<div class=""info"">
<p>General Classic - Der original schwedische Snus seit 1866. Bauen Sie auf stolze Traditionen und Handwerkskunst. Dies ist die Nummer eins unter den Premium-Snus, hergestellt aus ausgewählten Tabakblättern, um die höchstmögliche Qualität zu erreichen. Ein würziger Tabakgeschmack mit Noten von Bergamotte und Anklängen von Tee, Heu und Leder.</p>
</div>
</div>
</div>
<div class=""item flex""></div>",Classic WP,Unisex,,,,,,,https://cdn.shopify.com/s/files/1/0072/0646/9679/files/general-classic-wp_6b744eb9-443b-494d-a4f8-d8387f3e73a8.png,,,,,7.90,0.00,1,G,40000,IN,3,3,3,,,,
,,GE-5005-1,Unisex,Title,Default Title,,,,,,,,,,7.90,0.00,1,G,40000,IN,3,3,3,,,General,Classic WP
Explorer WP Slim,"<meta charset=""utf-8"">
<div class=""item flex"">
<div class=""title"">
<div class=""info"">
<p>General Explorer WP Slim - Ein vertrauter Geschmack in einer vertrauten Marke, die nur die hochwertigsten Zutaten verwendet. Ein weicher und würziger Tabakgeschmack mit deutlichen Noten von Lavendel und Wacholder, zusammen mit einem Hauch von Eiche und Zitrusfrüchten. Entdecken Sie die Geschichte der tapferen Seeleute, die Gewürze aus aller Welt mit nach Hause brachten.</p>
</div>
</div>
</div>
<div class=""item flex""></div>",Explorer WP Slim,Unisex,,,,,,,https://cdn.shopify.com/s/files/1/0072/0646/9679/files/general-explorer-slim-wp.png,,,,,7.90,0.00,1,G,35000,IN,3,3,3,,,,
,,GE-6005-1,Unisex,Title,Default Title,,,,,,,,,,7.90,0.00,1,G,35000,IN,3,3,3,,,General,Explorer WP Slim
Super Strong Eucalyptus WP,"<meta charset=""utf-8"">
<div class=""item flex"">
<div class=""title"">
<div class=""info"">
<p>General Super Strong Eucalyptus WP - Ein moderner Klassiker mit würzigem Tabak und einem klaren Geschmack von Eukalyptus und Pfefferminze. Ein kompromissloses Tabakerlebnis, das auf stolzer Tradition und Handwerkskunst aufbaut. Ein milder und würziger Tabakgeschmack mit deutlichen Noten von Eukalyptus und Pfefferminze.</p>
</div>
</div>
</div>
<div class=""item flex""></div>",Super Strong Eucalyptus WP,Unisex,,,,,,,https://cdn.shopify.com/s/files/1/0072/0646/9679/files/general-super-strong-eucalyptus-wp_cc3d8624-d787-4e2b-ae02-48dd4994a5f1.png,,,,,7.90,0.00,1,G,35000,IN,3,3,3,,,,
,,GE-7005-1,Unisex,Title,Default Title,,,,,,,,,,7.90,0.00,1,G,35000,IN,3,3,3,,,General,Super Strong Eucalyptus WP
Super Strong Eucalyptus WP Slim,"<div class=""item flex"">
<div class=""title"">
<div class=""info"">
<p>General Super Strong Eucalyptus WP Slim - Ein moderner Klassiker mit würzigem Tabak und einem klaren Geschmack von Eukalyptus und Pfefferminze. Ein kompromissloses Tabakerlebnis, das auf stolzer Tradition und Handwerkskunst aufbaut. Ein milder und würziger Tabakgeschmack mit deutlichen Noten von Eukalyptus und Pfefferminze.</p>
</div>
</div>
</div>
<div class=""item flex""></div>",Super Strong Eucalyptus WP Slim,Unisex,,,,,,,https://cdn.shopify.com/s/files/1/0072/0646/9679/files/general-super-strong-eucalyptus-slim-wp.png,,,,,7.90,0.00,1,G,29,IN,3,3,3,,,,
,,GE-7015-1,Unisex,Title,Default Title,,,,,,,,,,7.90,0.00,1,G,29,IN,3,3,3,,,General,Super Strong Eucalyptus WP Slim
Crisp Ice Extreme AW,<p><span>Spüren Sie die eisige Frische von GRITT Crisp Ice Extreme! Mit seinem erfrischenden Minzgeschmack und dem praktischen Super Slim-Format wird jede Pouch zu einem intensiven und erfrischenden Vergnügen. Kühlen Sie sich mit GRITT Crisp Ice Extreme ab!</span></p>,Crisp Ice Extreme AW,Unisex,,,,,,,https://cdn.shopify.com/s/files/1/0072/0646/9679/files/GRITTCrispIceExtraStrong-sized.png,,,,,5.90,0.00,1,G,1,IN,3,3,3,,,,
,,Gt-1005-1,Unisex,Title,Default Title,,,,,,,,,,5.90,0.00,1,G,1,IN,3,3,3,,,GRITT,Crisp Ice Extreme AW
Frost Bite Extreme AW,Erleben Sie ein einzigartiges Minz-Geschmackserlebnis! GRITT Frost Bite Extreme bietet Ihnen eine erfrischende Intensität und kommt in einem praktischen Super Slim-Format daher. Geniessen Sie ein Endlos-Minz-Erlebnis!,Frost Bite Extreme AW,Unisex,,,,,,,https://cdn.shopify.com/s/files/1/0072/0646/9679/files/GRITTFrostBiteExtraStrong-sized.png,,,,,5.90,0.00,1,G,12000,IN,3,3,3,,,,
,,GT-2005-1,Unisex,Title,Default Title,,,,,,,,,,5.90,0.00,1,G,12000,IN,3,3,3,,,GRITT,Frost Bite Extreme AW
Original Portion,"<meta charset=""utf-8"">
<div class=""item flex"">
<div class=""title""></div>
</div>
<div class=""item flex"">
<div class=""info"">
<p>Göteborgs Rapé ist ein absoluter Klassiker aus Schweden und wird dort seit mehr als 100 Jahren hergestellt. Heller Tabakgeschmack mit Spuren von Citrus und Lavendel tragen zum unverwechselbaren Geschmack dieses Produkts bei. Als Original Portion ist dieser Snus feucht und erlaubt somit ein intensiveres Geschmackserlebnis.</p>
</div>
<div class=""info""></div>
</div>",Original Portion,Unisex,,,,,,,https://cdn.shopify.com/s/files/1/0072/0646/9679/files/Goeteborgs_rape_original_portion_sized.png,,,,,5.90,,1,G,30,IN,3,3,3,,,,
,,GR-1005-1,Unisex,Title,Default Title,,,,,,,,,,5.90,,1,G,30,IN,3,3,3,,,Göteborgs Rapé,Original Portion
XRANGE Strong WP Slim,"<meta charset=""utf-8"">
<div class=""item flex"">
<div class=""title""></div>
</div>
<div class=""item flex"">
<div class=""info"">
<p>Göteborgs Rapé ist ein absoluter Klassiker aus Schweden und wird dort seit mehr als 100 Jahren hergestellt. Heller Tabakgeschmack mit Spuren von Citrus und Lavendel tragen zum unverwechselbaren Geschmack dieses Produkts bei. Als neu entwickelte White Slim Portion ist dieser Snus trocken und rinnt wenig - ohne dabei an Geschmack einzubüssen.</p>
</div>
<div class=""info""></div>
</div>",XRANGE Strong WP Slim,Unisex,,,,,,,https://cdn.shopify.com/s/files/1/0072/0646/9679/products/goteborgs-rape-xrange-strong-white-portion.png,,,,,5.20,,1,G,30,IN,3,3,3,,,,
,,GR-2015-1,Unisex,Title,Default Title,,,,,,,,,,5.20,,1,G,30,IN,3,3,3,,,Göteborgs Rapé,XRANGE Strong WP Slim
Menthol AW,"<p>Ein eiskalter Spritzer purer Minzigkeit. Der kraftvolle grosse Bruder des klassischen Helwits Mint-Geschmack. </p>
<p><span>Die Helwit Menthol bietet einen authentischen Geschmack, der anhaltend ist. Darüber hinaus gewährleistet die Pouch eine hohe Nikotinstärke von 4 von 5 und eine langanhaltende Wirkung. Das schlanke Format eignet sich perfekt für den diskreten Genuss unterwegs. Eine handliche Dose mit 20 Portionen sorgt jederzeit für die benötigte Versorgung. Dank der All-White Herstellung bleiben die Zähne frei von Verfärbungen.</span></p>",Menthol AW,Unisex,,,,,,,https://cdn.shopify.com/s/files/1/0072/0646/9679/files/Helwit_Menthol_sized.png,,,,,4.95,0.00,1,G,10,IN,3,3,3,,,,
,,HW-1015-1,Unisex,Title,Default Title,,,,,,,,,,4.95,0.00,1,G,10,IN,3,3,3,,,Helwit,Menthol AW
No.9 Cactus Lime AW,"<p>Entdecke Après No.9 Cactus Lime All White Slim – Dein erfrischender Begleiter für ein leichtes und belebendes Nikotinerlebnis. Mit einer Stärke von 2/5 und einem Nikotingehalt von 8 mg/g bietet Dir dieser Snus eine sanfte und langanhaltende Wirkung. Die Slim Beutel sorgen für einen diskreten und komfortablen Genuss.</p>
<p>Après No.9 Cactus Lime ist eine einzigartige Mischung aus zwei besonderen Aromen – Kaktus und Limette. Diese Kombination schafft eine perfekte Harmonie zwischen der Trockenheit der Wüste und der Feuchtigkeit des tropischen Waldes. Das Geschmackserlebnis ist unvergleichlich und wird in einem weichen, kleinen Beutel geliefert, der sich perfekt für den täglichen Gebrauch eignet.</p>",No.9 Cactus Lime AW,Unisex,,,,,,,https://cdn.shopify.com/s/files/1/0072/0646/9679/files/apres-no-9-cactus-lime-aw.png,,,,,5.20,0.00,1,G,1,IN,3,3,3,,,,
,,AP-6005-1,Unisex,Title,Default Title,,,,,,,,,,5.20,0.00,1,G,1,IN,3,3,3,,,Après,No.9 Cactus Lime AW
No.10 Tangerine Spritz AW,"<p>Entdecke <a href=""https://snushus.ch/collections/apres-snus"" data-mce-href=""https://snushus.ch/collections/apres-snus"">Après</a> No.10 Tangerine Spritz All White – Dein perfekter Begleiter für ein leichtes und erfrischendes Nikotinerlebnis. Mit einem köstlichen Mandarinen-Geschmack und einer angenehmen Stärke von 2/5 bietet Dir dieser Snus eine sanfte und langanhaltende Wirkung. Die Dose enthält enthält 8 mg/g Nikotin.</p>
<p>Geniesse den erfrischenden Mandarinen-Geschmack von Après No.10 Tangerine Spritz All White und erlebe die perfekte Kombination aus Innovation und Qualität. Bestelle jetzt online und entdecke, warum Après die bevorzugte Wahl für anspruchsvolle Snus-Liebhaber ist. Gönn Dir diesen leichten und fruchtigen Genuss und bringe frische Abwechslung in Deinen Alltag!</p>
<!---->",No.10 Tangerine Spritz AW,Unisex,,,,,,,https://cdn.shopify.com/s/files/1/0072/0646/9679/files/apres-no-10-tangerine-spritz-aw.png,,,,,5.20,0.00,1,G,11,IN,3,3,3,,,,
,,AP-1205-1,Unisex,Title,Default Title,,,,,,,,,,5.20,0.00,1,G,11,IN,3,3,3,,,Après,No.10 Tangerine Spritz AW
No.5 Ice Tea Peach X-Strong AW,"<p>Entdecke Après No.5 Ice Tea Peach X-Strong All White – Dein köstlicher Begleiter für ein kräftiges und erfrischendes Nikotinerlebnis. Mit einem Nikotingehalt von 15 mg/g und einer Stärke von 2/5 bietet Dir dieser Snus eine sanfte und langanhaltende Wirkung. Die Slim Pouches sind ideal für den diskreten und komfortablen Genuss.</p>
<p>Après No.5 Ice Tea Peach X-Strong ist ein Genuss für die Sinne. Der Geschmack von süssem Pfirsich und einem Hauch von schwarzem Tee sorgt für ein vollmundiges Eistee-Erlebnis. Es ist fast so, als hättest Du eine grosse Karaffe Eistee direkt in einen weichen kleinen Beutel gegossen.</p>",No.5 Ice Tea Peach X-Strong AW,Unisex,,,,,,,https://cdn.shopify.com/s/files/1/0072/0646/9679/files/apres-no-5-ice-tea-peach-x-strong-aw-2023.png,,,,,5.20,,1,G,26000,IN,3,3,3,,,,
,,AP-5105-1,Unisex,Title,Default Title,,,,,,,,,,5.20,,1,G,26000,IN,3,3,3,,,Après,No.5 Ice Tea Peach X-Strong AW
No.1 Menthol X-Strong AW,"<p>Tauche ein in das erfrischende Erlebnis von <a href=""https://snushus.ch/collections/apres-snus"">Après</a> No.1 Menthol Extra Strong All White – Dein starker Partner für ein belebendes Nikotinerlebnis. Mit einem hohen Nikotingehalt von 15 mg/g und einer Stärke von 3/5 liefert dieser Snus eine kräftige und anhaltende Wirkung. Die Dose enthält 20 Beutel, die ideal für den täglichen Gebrauch und den diskreten Genuss unterwegs sind.</p>
<p>Après No.1 Menthol Extra Strong ist genau das, wonach Du suchst – ein erfrischendes Mentholerlebnis, das ein frisches Gefühl auf den Lippen hinterlässt. Klappe den Deckel auf, lehne Dich zurück und geniesse die Kraft der Zermatter Bergwelt. Der kraftvolle Mentholgeschmack und die starke Nikotinwirkung machen diesen Snus zur perfekten Wahl für jeden Moment.</p>
<p>Geniesse den intensiven Mentholgeschmack von Après No.1 Menthol Extra Strong All White und erlebe die perfekte Kombination aus Stärke und Frische. Bestelle jetzt online und entdecke, warum Après die bevorzugte Wahl für Snus-Liebhaber ist. Gönn Dir diesen starken und belebenden Genuss und bringe Frische in Deinen Alltag!</p>",No.1 Menthol X-Strong AW,Unisex,,,,,,,https://cdn.shopify.com/s/files/1/0072/0646/9679/files/apres-no-1-mentol-extra-strong-aw.png,,,,,5.20,,1,G,1,IN,3,3,3,,,,
,,AP-1005-1,Unisex,Title,Default Title,,,,,,,,,,5.20,,1,G,1,IN,3,3,3,,,Après,No.1 Menthol X-Strong AW
No.3 Lemon Curd X-Strong AW,"<p>Erlebe Après No.3 Lemon Curd X-Strong All White – Dein erfrischender Begleiter für ein kräftiges und belebendes Nikotinerlebnis. Mit einem Nikotingehalt von 15 mg/g und einer Stärke von 4/5 bietet Dir dieser Snus eine angenehme und langanhaltende Wirkung. Die 20 Slim Beutel enthalten insgesamt 11g Tabakersatz und sorgen für einen diskreten und komfortablen Genuss. Der Klassiker von <span data-mce-fragment=""1"">Après n</span>un auch in Extra Stark erhältlich.</p>
<p>Après No.3 Lemon Curd X-Strong AW wurde entwickelt, um das Gefühl einer frisch gepflückten Zitrone aus den Feldern Argentiniens einzufangen. Der intensive, frische Duft beim Öffnen der Dose sorgt für eine sensorische Explosion und bietet Dir die perfekte Mischung aus süss und sauer.</p>
<p>Geniesse den erfrischenden Zitronengeschmack von Après No.3 Lemon Curd All White. Gönn Dir diesen spritzigen und belebenden Genuss und bringe neue Frische in Deinen Alltag!</p>",No.3 Lemon Curd X-Strong AW,Unisex,,,,,,,https://cdn.shopify.com/s/files/1/0072/0646/9679/files/apres-no-3-Lemon-Curd-x-strong-aw.png,,,,,5.20,0.00,1,G,13,IN,3,3,3,,,,
,,AP-3105-1,Unisex,Title,Default Title,,,,,,,,,,5.20,0.00,1,G,13,IN,3,3,3,,,Après,No.3 Lemon Curd X-Strong AW
No.1 Menthol AW Mini,"<p>Entdecke <a href=""https://snushus.ch/collections/apres-snus"">Après</a> No.1 Menthol All White Mini – Dein erfrischender Begleiter für ein sanftes und belebendes Nikotinerlebnis. Mit einer Stärke von 1/5 und einem Nikotingehalt von 8 mg/g bietet Dir dieser Snus eine leichte und langanhaltende Wirkung. Die Mini Beutel sind ideal für diskreten und komfortablen Genuss, jede Dose enthält 8g Tabakersatz.</p>
<p>Après No.1 Menthol Mini ist genau das, wonach Du suchst – ein erfrischendes Mentholerlebnis, das ein frisches Gefühl auf den Lippen hinterlässt. Klappe den Deckel auf, lehne Dich zurück und geniesse die Kraft der Zermatter Bergwelt. Die einzigartige Kombination aus Menthol und dem praktischen Mini-Format macht diesen Snus zur perfekten Wahl für jeden Moment.</p>
<p>Geniesse den erfrischenden Mentholgeschmack von Après No.1 Menthol All White Mini und erlebe die perfekte Kombination aus Leichtigkeit und Frische. Bestelle jetzt online und entdecke, warum Après die bevorzugte Wahl für Snus-Liebhaber ist. Gönn Dir diesen sanften und belebenden Genuss und bringe Frische in Deinen Alltag!</p>",No.1 Menthol AW Mini,Unisex,,,,,,,https://cdn.shopify.com/s/files/1/0072/0646/9679/files/apres-no-1-mentol-mini-aw.png,,,,,5.20,0.00,1,G,1,IN,3,3,3,,,,
,,AP-1015-1,Unisex,Title,Default Title,,,,,,,,,,5.20,0.00,1,G,1,IN,3,3,3,,,Après,No.1 Menthol AW Mini
No.2 Mint AW,"<p>Entdecke Après No.2 Mint All White Mint – Dein erfrischender Begleiter für ein leichtes und angenehmes Nikotinerlebnis. Mit einer Stärke von 2/5 und einem Nikotingehalt von 8 mg/g bietet Dir dieser Snus eine sanfte und wohltuende Wirkung. Der frische Minzgeschmack sorgt für ein süsses und belebendes Aroma, das Deine Sinne erfrischt.</p>
<p>Après No.2 Mint schmeckt so, wie eine Minze schmecken sollte – süss, frisch und mit einem Hauch Pfefferminze, der Dir ein anhaltendes Gefühl von Vitalität verleiht. Diese Kombination sorgt für ein langanhaltendes, erfrischendes Erlebnis, das perfekt für den täglichen Gebrauch geeignet ist.</p>
<p>Geniesse den frischen Minzgeschmack von Après No.2 Mint All White Mint und erlebe die perfekte Kombination aus Leichtigkeit und Frische. Bestelle jetzt online und entdecke, warum Après die bevorzugte Wahl für Snus-Liebhaber ist. Gönn Dir diesen erfrischenden und vitalisierenden Genuss und bringe neue Frische in Deinen Alltag!</p>
<!---->",No.2 Mint AW,Unisex,,,,,,,https://cdn.shopify.com/s/files/1/0072/0646/9679/files/apres-no-2-mint-aw.png,,,,,5.20,,1,G,1,IN,3,3,3,,,,
,,AP-2005-1,Unisex,Title,Default Title,,,,,,,,,,5.20,,1,G,1,IN,3,3,3,,,Après,No.2 Mint AW
No.3 Lemon Curd AW,"<p>Erlebe Après No.3 Lemon Curd All White – Dein erfrischender Begleiter für ein sanftes und belebendes Nikotinerlebnis. Mit einem Nikotingehalt von 8 mg/g und einer Stärke von 2/5 bietet Dir dieser Snus eine angenehme und langanhaltende Wirkung. Die 20 Slim Beutel enthalten insgesamt 11g Tabakersatz und sorgen für einen diskreten und komfortablen Genuss.</p>
<p>Après No.3 Lemon Curd AW wurde entwickelt, um das Gefühl einer frisch gepflückten Zitrone aus den Feldern Argentiniens einzufangen. Der intensive, frische Duft beim Öffnen der Dose sorgt für eine sensorische Explosion und bietet Dir die perfekte Mischung aus süss und sauer.</p>
<p>Geniesse den erfrischenden Zitronengeschmack von Après No.3 Lemon Curd All White. Gönn Dir diesen spritzigen und belebenden Genuss und bringe neue Frische in Deinen Alltag!</p>",No.3 Lemon Curd AW,Unisex,,,,,,,https://cdn.shopify.com/s/files/1/0072/0646/9679/files/apres-no-3-lemon-curd-aw-2023.png,,,,,5.20,0.00,1,G,1,IN,3,3,3,,,,
,,AP-3005-1,Unisex,Title,Default Title,,,,,,,,,,5.20,0.00,1,G,1,IN,3,3,3,,,Après,No.3 Lemon Curd AW
No.4 Après Cola AW Mini,"<p>Entdecke Après No.4 Cola All White Mini – Dein neuer Favorit für ein sanftes und erfrischendes Nikotinerlebnis. Mit einer Stärke von 2/5 und einem Nikotingehalt von 8 mg/g bietet Dir dieser Snus eine angenehme und langanhaltende Wirkung. Die Mini Beutel enthalten insgesamt 8g Tabakersatz pro Dose und sind ideal für diskreten und bequemen Genuss.</p>
<p>Après No.4 Cola Mini verspricht einen Geschmack, der die Nostalgie von Cola einfängt, wie wir sie alle kennen und lieben. Dieses sinnliche Erlebnis bietet Dir die perfekte Mischung aus vertrautem Cola-Geschmack und belebender Frische, ein Genuss, der am liebsten nie enden sollte.</p>
<p>Geniesse den nostalgischen Cola-Geschmack von Après No.4 Cola All White Mini und erlebe die perfekte Kombination aus Frische und Leichtigkeit. Bestelle jetzt online und entdecke Après für Dich.</p>",No.4 Après Cola AW Mini,Unisex,,,,,,,https://cdn.shopify.com/s/files/1/0072/0646/9679/files/apres-no-4-cola-mini-aw.png,,,,,5.20,0.00,1,G,26000,IN,3,3,3,,,,
,,AP-4015-1,Unisex,Title,Default Title,,,,,,,,,,5.20,0.00,1,G,26000,IN,3,3,3,,,Après,No.4 Après Cola AW Mini
No.4 Cola AW,"<p>Entdecke Après No.4 Cola All White Slim– Dein neuer Favorit für ein sanftes und erfrischendes Nikotinerlebnis. Mit einer Stärke von 2/5 und einem Nikotingehalt von 8 mg/g bietet Dir dieser Snus eine angenehme und langanhaltende Wirkung. Die Slim Beutel enthalten insgesamt 11g Tabakersatz pro Dose und sind ideal für diskreten und bequemen Genuss.</p>
<p>Après No.4 Cola AW Slim verspricht einen Geschmack, der die Nostalgie von Cola einfängt, wie wir sie alle kennen und lieben. Dieses sinnliche Erlebnis bietet Dir die perfekte Mischung aus vertrautem Cola-Geschmack und belebender Frische, ein Genuss, der am liebsten nie enden sollte.</p>
<p>Geniesse den nostalgischen Cola-Geschmack von Après No.4 Cola All White Slim und erlebe die perfekte Kombination aus Frische und Leichtigkeit. Bestelle jetzt online und entdecke Après für Dich.</p>",No.4 Cola AW,Unisex,,,,,,,https://cdn.shopify.com/s/files/1/0072/0646/9679/files/apres-no-4-cola-aw-2023.png,,,,,5.20,0.00,1,G,1,IN,3,3,3,,,,
,,AP-4005-1,Unisex,Title,Default Title,,,,,,,,,,5.20,0.00,1,G,1,IN,3,3,3,,,Après,No.4 Cola AW
No.4 Cola X-Strong AW,"<p>Entdecke Après No.4 Cola X-Strong All White Slim– Dein neuer Favorit für ein kräftiges und erfrischendes Nikotinerlebnis. Mit einer Stärke von 5/5 und einem Nikotingehalt von 15 mg/g bietet Dir dieser Snus eine angenehme und langanhaltende Wirkung. Die Slim Beutel enthalten insgesamt 11g Tabakersatz pro Dose und sind ideal für diskreten und bequemen Genuss.</p>
<p>Après No.4 Cola X-Strong AW Slim verspricht einen Geschmack, der die Nostalgie von Cola einfängt, wie wir sie alle kennen und lieben. Dieses sinnliche Erlebnis bietet Dir die perfekte Mischung aus vertrautem Cola-Geschmack und belebender Frische, ein Genuss, der am liebsten nie enden sollte.</p>
<p>Geniesse den nostalgischen Cola-Geschmack von Après No.4 Cola X-Strong All White Slim und erlebe die perfekte Kombination aus Frische und Geschmack. Bestelle jetzt online und entdecke Après für Dich.</p>",No.4 Cola X-Strong AW,Unisex,,,,,,,https://cdn.shopify.com/s/files/1/0072/0646/9679/files/apres-no-4-cola-aw.png,,,,,5.20,0.00,1,G,26000,IN,3,3,3,,,,
,,AP-4105-1,Unisex,Title,Default Title,,,,,,,,,,5.20,0.00,1,G,26000,IN,3,3,3,,,Après,No.4 Cola X-Strong AW
No.5 Ice Tea Peach AW,"<p>Entdecke Après No.5 Ice Tea Peach All White Slim – Dein köstlicher Begleiter für ein leichtes und erfrischendes Nikotinerlebnis. Mit einem Nikotingehalt von 8 mg/g und einer Stärke von 2/5 bietet Dir dieser Snus eine sanfte und langanhaltende Wirkung. Die Slim Pouches sind ideal für den diskreten und komfortablen Genuss.</p>
<p>Après No.5 Ice Tea Peach ist ein Genuss für die Sinne. Der Geschmack von süssem Pfirsich und einem Hauch von schwarzem Tee sorgt für ein vollmundiges Eistee-Erlebnis. Es ist fast so, als hättest Du eine grosse Karaffe Eistee direkt in einen weichen kleinen Beutel gegossen.</p>",No.5 Ice Tea Peach AW,Unisex,,,,,,,https://cdn.shopify.com/s/files/1/0072/0646/9679/files/apres-no-5-ice-tea-peach-aw-2023.png,,,,,5.20,0.00,1,G,1,IN,3,3,3,,,,
,,AP-5005-1,Unisex,Title,Default Title,,,,,,,,,,5.20,0.00,1,G,1,IN,3,3,3,,,Après,No.5 Ice Tea Peach AW
No.5 Ice Tea Peach AW Mini,"<p>Entdecke Après No.5 Ice Tea Peach All White Mini – Dein köstlicher Begleiter für ein leichtes und erfrischendes Nikotinerlebnis. Mit einem Nikotingehalt von 8 mg/g und einer Stärke von 2/5 bietet Dir dieser Snus eine sanfte und langanhaltende Wirkung. Die Mini Pouches sind ideal für den diskreten und komfortablen Genuss.</p>
<p>Après No.5 Ice Tea Peach Mini ist ein Genuss für die Sinne. Der Geschmack von süssem Pfirsich und einem Hauch von schwarzem Tee sorgt für ein vollmundiges Eistee-Erlebnis. Es ist fast so, als hättest Du eine grosse Karaffe Eistee direkt in einen weichen kleinen Beutel gegossen.</p>",No.5 Ice Tea Peach AW Mini,Unisex,,,,,,,https://cdn.shopify.com/s/files/1/0072/0646/9679/files/apres-no-5-ice-tea-peach-mini-aw.png,,,,,5.20,,1,G,26000,IN,3,3,3,,,,
,,AP-5015-1,Unisex,Title,Default Title,,,,,,,,,,5.20,,1,G,26000,IN,3,3,3,,,Après,No.5 Ice Tea Peach AW Mini
No.6 Appletini AW,"<p>Entdecke Après No.6 Appletini All White – Dein idealer Begleiter für ein erfrischendes und sanftes Nikotinerlebnis. Mit einer Stärke von 2/5 und einem Nikotingehalt von 8 mg/g bietet Dir dieser Snus eine angenehme und langanhaltende Wirkung.</p>
<p>Gib Deiner Nacht einen Cocktail-Kick mit Appletini von Après. Geniesse den unglaublichen Geschmack saftiger Äpfel und probiere den knackigen und fruchtig-kräftigen Extrakt. Dieses erfrischende Aroma sorgt dafür, dass Deine Nacht zu einem unvergesslichen Erlebnis wird!</p>
<p>Geniesse den fruchtigen Apfelgeschmack von Après No.6 Appletini All White und erlebe die perfekte Kombination aus Frische und Leichtigkeit. Gönn Dir diesen spritzigen und belebenden Genuss.</p>",No.6 Appletini AW,Unisex,,,,,,,https://cdn.shopify.com/s/files/1/0072/0646/9679/files/apres-no-6-appletini-extra-strong-aw.png,,,,,5.20,,1,G,1,IN,3,3,3,,,,
,,AP-9105-1,Unisex,Title,Default Title,,,,,,,,,,5.20,,1,G,1,IN,3,3,3,,,Après,No.6 Appletini AW
No.6 Appletini X-Strong AW,"<p>Entdecke Après No.6 Appletini X-Strong All White – Dein idealer Begleiter für ein erfrischendes und sanftes Nikotinerlebnis. Mit einer Stärke von 5/5 und einem Nikotingehalt von 15 mg/g bietet Dir dieser Snus eine angenehme und langanhaltende Wirkung.</p>
<p>Gib Deiner Nacht einen Cocktail-Kick mit Appletini von Après. Geniesse den unglaublichen Geschmack saftiger Äpfel und probiere den knackigen und fruchtig-kräftigen Extrakt. Dieses erfrischende Aroma sorgt dafür, dass Deine Nacht zu einem unvergesslichen Erlebnis wird!</p>
<p>Geniesse den fruchtigen Apfelgeschmack von Après No.6 Appletini X-Strong All White und erlebe die perfekte Kombination aus Frische und Leichtigkeit. Gönn Dir diesen spritzigen und belebenden Genuss.</p>",No.6 Appletini X-Strong AW,Unisex,,,,,,,https://cdn.shopify.com/s/files/1/0072/0646/9679/files/apres-no-6-appletini-aw.png,,,,,5.20,,1,G,13,IN,3,3,3,,,,
,,AP-9005-1,Unisex,Title,Default Title,,,,,,,,,,5.20,,1,G,13,IN,3,3,3,,,Après,No.6 Appletini X-Strong AW
No.7 Very Berry AW,"<p>Entdecke Après No.7 Very Berry All White – Dein fruchtiger Begleiter für ein leichtes und erfrischendes Nikotinerlebnis. Mit einer Stärke von 2/5 und einem Nikotingehalt von 8 mg/g bietet Dir dieser Snus eine angenehme und langanhaltende Wirkung. Der köstliche Beerengeschmack sorgt für ein erfrischendes und fruchtiges Aroma, das Deine Sinne belebt.</p>
<p>Geniesse den einzigartigen Geschmack von No.7 Very Berry. Die aromatische Mischung aus verschiedenen Beerennoten verleiht Dir ein unvergleichliches Geschmackserlebnis. Lass Dich vom fruchtigen Aroma verzaubern und erlebe eine neue Art des tabakfreien Nikotingenusses.</p>
<p>Bestelle jetzt Deinen Après No.7 Very Berry All White online und entdecke die perfekte Kombination aus Frische und Fruchtigkeit. Erfahre, warum Après die bevorzugte Wahl für Snus-Liebhaber ist. Gönn Dir diesen erfrischenden und belebenden Genuss und bringe neue Frische in Deinen Alltag!</p>",No.7 Very Berry AW,Unisex,,,,,,,https://cdn.shopify.com/s/files/1/0072/0646/9679/files/apres-no-7-Very-Berry-aw.png,,,,,5.20,0.00,1,G,13,IN,3,3,3,,,,
,,AP-1105-1,Unisex,Title,Default Title,,,,,,,,,,5.20,0.00,1,G,13,IN,3,3,3,,,Après,No.7 Very Berry AW
Melon WP Slim,"<meta charset=""utf-8"">
<div class=""item flex "">
<div class=""title""></div>
</div>
<div class=""item flex "">
<div class=""info"">
<div class=""info"">
<p>Jakobssons Melon Slim White Dry Portion Snus ist ein geschmacksintensiver Snus, der trotz trockener, weisser Beutel durch seinen aromatischen Melonen-Geschmack überzeugt. Durch seinen niedrigen Feuchtigkeitsgehalt und dem hohen Nikotingehalt von 14 mg/g, ist er ein wahres Snus Erlebnis. Eine Dose beinhaltet 20 Beutel.</p>
</div>
<div class=""info"">
<div class=""info"">
<div class=""item flex ""></div>
</div>
</div>
</div>
<div class=""info"">
<div class=""item flex ""></div>
</div>
</div>",Melon WP Slim,Unisex,,,,,,,https://cdn.shopify.com/s/files/1/0072/0646/9679/products/jakobssons-melon-white-slim-portion.png,,,,,4.60,,1,G,30,IN,3,3,3,,,,
,,JK-1015-1,Unisex,Title,Default Title,,,,,,,,,,4.60,,1,G,30,IN,3,3,3,,,Jakobssons,Melon WP Slim
Strong Cola WP Slim,"<meta charset=""utf-8"">
<div class=""item flex"">
<div class=""title""></div>
</div>
<div class=""item flex"">
<div class=""info"">
<div class=""info"">
<p>Mit einer Mischung von intensivem Cola-Geschmack und traditionellem Snus, bietet dieser Snus für alle Snus-Liebhaber etwas! Es ist ein trockener White Portion Snus und die Beutel kommen in dieser Variante im Slim Format. Mit gemässigten 14 mg/g Nikotin ist es ein angenehmer Snus für den alltäglichen Gebrauch.</p>
</div>
<div class=""info"">
<div class=""info"">
<div class=""item flex""></div>
</div>
</div>
</div>
<div class=""info"">
<div class=""item flex""></div>
</div>
</div>",Strong Cola WP Slim,Unisex,,,,,,,https://cdn.shopify.com/s/files/1/0072/0646/9679/products/jakobssons-strong-cola-white-portion.png,,,,,4.60,,1,G,30,IN,3,3,3,,,,
,,JK-2015-1,Unisex,Title,Default Title,,,,,,,,,,4.60,,1,G,30,IN,3,3,3,,,Jakobssons,Strong Cola WP Slim
Glögg & Kanel OP,"<meta charset=""utf-8"">
<div class=""item flex"">
<div class=""title""></div>
</div>
<div class=""item flex"">
<div class=""info"">
<div class=""info"">
<p>Weihnachtszeit ist Glühweinzeit und da darf der passende Snus nicht fehlen!<br></p>
<p>Jakobssons, bekannt für ihre intensive Aromen, bringen mit dem ""Glögg &amp; Kanel OP"" den perfekten Wintersnus. Übersetzt steht der Name für ""Glühwein &amp; Zimt"" und das beschreibt diesen Snus auch schon zu genügend.</p>
<p>Ein herrliches Aroma, mit feinstem Tabak gibt diesem Snus eine ausgezeichnete Note. </p>
</div>
<div class=""info"">
<div class=""info"">
<div class=""item flex""></div>
</div>
</div>
</div>
<div class=""info"">
<div class=""item flex""></div>
</div>
</div>",Glögg & Kanel OP,Unisex,,,,,,,https://cdn.shopify.com/s/files/1/0072/0646/9679/products/jakobssons-gloegg-kanel-original-portion.png,,,,,5.90,,1,G,1,IN,3,3,3,,,,
,,JK-3005-1,Unisex,Title,Default Title,,,,,,,,,,5.90,,1,G,1,IN,3,3,3,,,Jakobssons,Glögg & Kanel OP
Sweet Peach Strong AW Mini,"<p><span>Erlebe den fruchtigen Geschmack von süssem Pfirsich mit unserem speziellen Snus für Frauen. Dieser All White Snus bietet eine perfekte Balance aus Geschmack und Wirkung, ideal für diejenigen, die eine sanfte, aber dennoch befriedigende Alternative zu herkömmlichen Tabakprodukten suchen. Mit einer Stärke von 3/5 und einem Nikotingehalt von 15 mg/g bietet dieser Snus eine angenehme und kraftvolle Erfahrung. Jede Dose enthält 8 g Tabakersatz, verteilt auf 20 Mini-Beutel, die sich diskret und bequem verwenden lassen. </span></p>
<p><span>Alle unsere Nikotinbeutel sind leicht feucht. Diese Feuchtigkeit zusammen mit einem Hauch von Süsse sorgt dafür, dass der Geschmack hervorgehoben wird und länger anhält. Probiere jetzt unseren Pfirsich-Snus und geniesse das erfrischende und fruchtige Erlebnis!</span></p>",Sweet Peach Strong AW Mini,Unisex,,,,,,,https://cdn.shopify.com/s/files/1/0072/0646/9679/files/Kelly_White_Sweet_Peach_sized.png,,,,,5.20,0.00,1,G,1,IN,3,3,3,,,,
,,KW-4115-1,Unisex,Title,Default Title,,,,,,,,,,5.20,0.00,1,G,1,IN,3,3,3,,,Kelly White,Sweet Peach Strong AW Mini
Kelly Collection Glitzerdose,"<p>Kelly Collection ist eine Kollektion von glitzernden Dosen von Kelly White, speziell für stilbewusste Frauen, die Nikotin konsumieren. Diese eleganten Dosen sind in den verführerischen Farbvarianten Silber (Sparkling Kelly), Schwarz (Nightlife Kelly), Gold (Golden Kelly) und Rosé (Rose Kelly) erhältlich. Die Glitzerdosen können einzeln oder zusammen mit unseren aromatisierten Nikotinbeuteln gekauft werden.</p>
<p>Jede Dose ist nicht nur ein modisches Accessoire, sondern auch wiederverwendbar und kann mit sämtlichen Snus Produkten deiner Wahl gefüllt werden.</p>
<!---->",Kelly Collection Glitzerdose,Unisex,,,,,,,https://cdn.shopify.com/s/files/1/0072/0646/9679/files/kelly_white_kelly_collection_sparkling_kelly_can.png,https://cdn.shopify.com/s/files/1/0072/0646/9679/files/kelly-white-kelly-collection-nightclub-kelly-can.png,https://cdn.shopify.com/s/files/1/0072/0646/9679/files/kelly-white-kelly-collection-golden-kelly-can.png,https://cdn.shopify.com/s/files/1/0072/0646/9679/files/kelly-white-kelly-collection-rose-kelly-can.png,,29.90,0.00,1,G,1,IN,3,3,3,,,,
,,ZU-KC01-1,Unisex,Color,Sparkling Kelly à CHF 29.90,,,,,,,,,,29.90,0.00,1,G,1,IN,3,3,3,,,Kelly White,Kelly Collection Glitzerdose
,,ZU-KC02-1,Unisex,Color,Nightclub Kelly à CHF 29.90,,,,,,,,,,29.90,0.00,1,G,1,IN,3,3,3,,,Kelly White,Kelly Collection Glitzerdose
,,ZU-KC03-1,Unisex,Color,Golden Kelly à CHF 29.90,,,,,,,,,,29.90,0.00,1,G,1,IN,3,3,3,,,Kelly White,Kelly Collection Glitzerdose
,,ZU-KC04-1,Unisex,Color,Rose Kelly à CHF 29.90,,,,,,,,,,29.90,0.00,1,G,1,IN,3,3,3,,,Kelly White,Kelly Collection Glitzerdose
Sparkling Strawberry AW Slim,"<p>Erlebe den verlockenden Geschmack von Erdbeeren. Mit einem Aroma von frischen Erdbeeren und einem Hauch von Champagner bietet dieser All White Snus ein erfrischendes und luxuriöses Geschmackserlebnis. Die Stärke von 2/5 und ein Nikotingehalt von 10 mg/g sorgen für eine sanfte, aber dennoch befriedigende Wirkung. Jede Dose enthält 10 g Tabakersatz, verteilt auf 20 Slim-Beutel.</p>
<p>Alle unsere Nikotinbeutel sind leicht feucht. Die Feuchtigkeit zusammen mit einem Hauch von Süsse bedeutet, dass der Geschmack hervorgehoben wird und länger anhält. Probiere Strawberry Champagner jetzt und geniesse das exquisite, fruchtige Erlebnis!</p>",Sparkling Strawberry AW Slim,Unisex,,,,,,,https://cdn.shopify.com/s/files/1/0072/0646/9679/files/Kelly_White_Sparkling_Strawberry_sized.png,,,,,5.20,0.00,1,G,1,IN,3,3,3,,,,
,,KW-3015-1,Unisex,Title,Default Title,,,,,,,,,,5.20,0.00,1,G,1,IN,3,3,3,,,Kelly White,Sparkling Strawberry AW Slim
Cool Mint AW Slim,"<p>Geniesse den erfrischenden Geschmack von <a href=""https://snushus.ch/collections/kelly-white-snus"">Kelly White</a> Cool Mint All White. Hergestellt in Schweden, ist dieser All White Snus das perfekte Produkt für alle, die eine starke Alternative zu herkömmlichen Tabakprodukten suchen. Kühl, intensiv und frisch – erlebe einen klaren Minzgeschmack von kühlem Menthol, kräuteriger Pfefferminze und einem Hauch von Süsse. Mit einer Stärke von 3/5 und einem Nikotingehalt von 14 mg/g bietet dieser Snus eine angenehme, aber kraftvolle Erfahrung. Jede Dose enthält 10 g Tabakersatz, verteilt auf 20 Slim-Beutel.</p>
<p>Alle unsere Nikotinbeutel sind leicht feucht. Die Feuchtigkeit zusammen mit einem Hauch von Süsse bedeutet, dass der Geschmack hervorgehoben wird und länger anhält. Probiere Kelly White Cool Mint Strong AW jetzt und erlebe einen intensiven Geschmack und ein angenehmes Gefühl!</p>",Cool Mint AW Slim,Unisex,,,,,,,https://cdn.shopify.com/s/files/1/0072/0646/9679/files/Kelly_White_Cool_Mint_sized.png,,,,,5.20,0.00,1,G,1,IN,3,3,3,,,,
,,KW-1015-1,Unisex,Title,Default Title,,,,,,,,,,5.20,0.00,1,G,1,IN,3,3,3,,,Kelly White,Cool Mint AW Slim
Raspberry Lemon AW Mini,"<p>Erlebe den erfrischenden Geschmack von <a href=""https://snushus.ch/collections/kelly-white-snus"">Kelly White</a> Raspberry Lemon, der sich am besten als Himbeersorbet beschreiben lässt. Zuerst wird man von einer angenehmen Kühle begrüsst, gefolgt von süssen Himbeeren und einem Unterton von Zitrone. Dieser All White Snus bietet eine Stärke von 2/5 und einen Nikotingehalt von 15 mg/g, was für eine sanfte, aber dennoch befriedigende Erfahrung sorgt. Jede Dose enthält 8 g Tabakersatz, verteilt auf 20 Mini-Beutel.</p>
<p>Alle unsere Nikotinbeutel sind leicht feucht. Die Feuchtigkeit zusammen mit einem Hauch von Süsse bedeutet, dass der Geschmack mehr betont wird und länger anhält. Probiere Raspberry Lemon jetzt und geniesse das fruchtige, erfrischende Erlebnis!</p>",Raspberry Lemon AW Mini,Unisex,,,,,,,https://cdn.shopify.com/s/files/1/0072/0646/9679/files/Kelly_White_Raspberry_Lemon_sized_253961d5-7753-4211-89b9-3a4d7b8e6f55.png,,,,,5.20,0.00,1,G,1,IN,3,3,3,,,,
,,KW-5115-1,Unisex,Title,Default Title,,,,,,,,,,5.20,0.00,1,G,1,IN,3,3,3,,,Kelly White,Raspberry Lemon AW Mini
Sweet Melon Mint AW Slim,"<div data-scroll-anchor=""false"" data-testid=""conversation-turn-22"" dir=""auto"" class=""w-full text-token-text-primary"">
<div class=""py-2 juice:py-[18px] px-3 text-base md:px-4 m-auto md:px-5 lg:px-1 xl:px-5"">
<div class=""mx-auto flex flex-1 gap-3 text-base juice:gap-4 juice:md:gap-6 md:max-w-3xl lg:max-w-[40rem] xl:max-w-[48rem]"">
<div class=""group/conversation-turn relative flex w-full min-w-0 flex-col"">
<div class=""flex-col gap-1 md:gap-3"">
<div class=""flex flex-grow flex-col max-w-full"">
<div class=""min-h-[20px] text-message flex flex-col items-start whitespace-pre-wrap break-words [.text-message+&amp;]:mt-5 juice:w-full juice:items-end overflow-x-auto gap-2"" dir=""auto"" data-message-id=""aaa2567a-cb79-4e1b-a40f-57047ba0fbda"" data-message-author-role=""user"">
<div class=""flex w-full flex-col gap-1 juice:empty:hidden items-end rtl:items-start"">
<div class=""relative max-w-[70%] rounded-3xl bg-[#f4f4f4] px-5 py-2.5 dark:bg-token-main-surface-secondary"">Erlebe den erfrischenden Geschmack von <a href=""https://snushus.ch/collections/kelly-white-snus"">Kelly White</a> Sweet Melon Mint. Genau wie es klingt, vereint dieser All White Snus einen süssen Minzgeschmack mit fruchtiger Melone, was für ein einzigartiges und erfrischendes Erlebnis sorgt. Mit einer Stärke von 2/5 und einem Nikotingehalt von 10 mg/g bietet dieser Snus eine sanfte, aber dennoch befriedigende Wirkung. Jede Dose enthält 10 g Tabakersatz, verteilt auf 20 Slim-Beutel. </div>
<div class=""relative max-w-[70%] rounded-3xl bg-[#f4f4f4] px-5 py-2.5 dark:bg-token-main-surface-secondary"">
<span></span><br>
</div>
<div class=""relative max-w-[70%] rounded-3xl bg-[#f4f4f4] px-5 py-2.5 dark:bg-token-main-surface-secondary""><span>Alle unsere Nikotinbeutel sind leicht feucht. Die Feuchtigkeit zusammen mit einem Hauch von Süsse bedeutet, dass der Geschmack hervorgehoben wird und länger anhält. Probiere Sweet Melon Mint jetzt und geniesse die perfekte Kombination aus süsser Minze und fruchtiger Melone!</span></div>
</div>
</div>
</div>
</div>
</div>
</div>
</div>
</div>",Sweet Melon Mint AW Slim,Unisex,,,,,,,https://cdn.shopify.com/s/files/1/0072/0646/9679/files/Kelly_White_Sweet_Melon_Mint_sized.png,,,,,5.20,0.00,1,G,1,IN,3,3,3,,,,
,,KW-2015-1,Unisex,Title,Default Title,,,,,,,,,,5.20,0.00,1,G,1,IN,3,3,3,,,Kelly White,Sweet Melon Mint AW Slim
Blueberry Extra Strong AW,<span>Killa Blueberry Extra Strong Slim All White - schlanke Portionen mit süssem Heidelbeeraroma.</span>,Blueberry Extra Strong AW,Unisex,,,,,,,https://cdn.shopify.com/s/files/1/0072/0646/9679/products/2b2751bc8fc359606f682460463ded3a.jpg,,,,,5.20,0.00,1,G,28000,IN,3,3,3,,,,
,,KI-2005-1,Unisex,Title,Default Title,,,,,,,,,,5.20,0.00,1,G,28000,IN,3,3,3,,,Killa,Blueberry Extra Strong AW
Cold Mint Extra Strong AW,<span>Killa Cold Mint Extra Strong Slim All White - schlanke Portionen mit kühlendem Minzgeschmack.</span>,Cold Mint Extra Strong AW,Unisex,,,,,,,https://cdn.shopify.com/s/files/1/0072/0646/9679/products/c3a9d8486e1d81d69a40a5851c68db83.jpg,,,,,5.20,0.00,1,G,28000,IN,3,3,3,,,,
,,KI-1005-1,Unisex,Title,Default Title,,,,,,,,,,5.20,0.00,1,G,28000,IN,3,3,3,,,Killa,Cold Mint Extra Strong AW
Avalanche Mint AW Slim,"<p>Unsere Nikotinbeutel sind die perfekte Wahl für Dich, wenn Du Dich nach einem stärkeren Kick und einem wirklich erfrischenden Geschmack sehnst. Dank ihres schlanken Designs passen die Beutel diskret und bequem unter die Lippe, sodass sie sich ideal für den Gebrauch in jeder Situation eignen.</p>
<p>Die <strong>extra starke Stärke</strong> und der <strong>hohe Nikotingehalt von 25 mg/g</strong> bieten Dir den intensiven Kick, den Du suchst. Diese All White Beutel sorgen für ein reines, tabakfreies Erlebnis, das durch den <strong>erfrischenden Minzgeschmack</strong> ergänzt wird, welcher Dir einen kühlen und belebenden Frischekick verleiht.</p>
<p>Jede Dose enthält 14 g Tabakersatz, verteilt auf 20 Slim Beutel, die für mehrere Anwendungen ausreichend sind. Unsere Nikotinbeutel bieten eine zuverlässige Nikotinfreisetzung, die Dir konstant und gleichmässig den gewünschten Effekt liefert.</p>
<p>Ob Du Dich auf der Arbeit, unterwegs oder zu Hause befindest – unsere Nikotinbeutel sind der ideale Begleiter für jeden Moment, in dem Du einen starken und erfrischenden Nikotinschub benötigst. Probiere jetzt unsere Nikotinbeutel und erlebe die perfekte Kombination aus Stärke, Geschmack und Komfort.</p>",Avalanche Mint AW Slim,Unisex,,,,,,,https://cdn.shopify.com/s/files/1/0072/0646/9679/files/KLINT_S6_avalanche-mint_AW.png,,,,,5.90,0.00,1,G,29,IN,3,3,3,,,,
,,KL-6115-1,Unisex,Title,Default Title,,,,,,,,,,5.90,0.00,1,G,29,IN,3,3,3,,,KLINT,Avalanche Mint AW Slim
Apple Mint AW Slim,Die perfekte Kombination aus Apfel und Minze in einem starken Nikotinbeutel. Apple Mint gibt Ihnen einen frischen und lang anhaltenden Geschmack und befriedigt Deinen Nikotinbedarf.,Apple Mint AW Slim,Unisex,,,,,,,https://cdn.shopify.com/s/files/1/0072/0646/9679/files/KLINT_S5_apple-mint_AW.png,,,,,5.90,0.00,1,G,29,IN,3,3,3,,,,
,,KL-4115-1,Unisex,Title,Default Title,,,,,,,,,,5.90,0.00,1,G,29,IN,3,3,3,,,KLINT,Apple Mint AW Slim
Cola Lime AW Slim,Das Beste aus zwei Welten - der klassische Geschmack von Cola und die belebende Frische von Limette. Unterstützt von würzigem Zimt und dunklem kubanischem Rum wird er Deine Sinne verführen.,Cola Lime AW Slim,Unisex,,,,,,,https://cdn.shopify.com/s/files/1/0072/0646/9679/files/KLINT_S4_cola-lime_AW.png,,,,,5.90,0.00,1,G,29000,IN,3,3,3,,,,
,,KL-1115-1,Unisex,Title,Default Title,,,,,,,,,,5.90,0.00,1,G,29000,IN,3,3,3,,,KLINT,Cola Lime AW Slim
Pink Grapefruit AW Slim,"Eine perfekte Mischung aus süssen und herben Noten, die die Essenz des Saftes und den erfrischenden Geschmack der reifen rosa Grapefruit einfängt. Unterstützt von Noten von Guave und Rhabarber.",Pink Grapefruit AW Slim,Unisex,,,,,,,https://cdn.shopify.com/s/files/1/0072/0646/9679/files/KLINT_S4_pink-grapefruit_AW.png,,,,,5.90,0.00,1,G,29,IN,3,3,3,,,,
,,KL-2115-1,Unisex,Title,Default Title,,,,,,,,,,5.90,0.00,1,G,29,IN,3,3,3,,,KLINT,Pink Grapefruit AW Slim
Passion Fruit AW Slim,"Ein sonniges und saftiges Erlebnis mit einem süssen und attraktiven Geschmack. Das Passionsfrucht-Aroma ist von einem Hauch anderer exotischer Früchte umgeben, die den Geschmack anhaltend machen.",Passion Fruit AW Slim,Unisex,,,,,,,https://cdn.shopify.com/s/files/1/0072/0646/9679/files/KLINT_S2_passionfruit_AW.png,,,,,5.90,0.00,1,G,29,IN,3,3,3,,,,
,,KL-4015-1,Unisex,Title,Default Title,,,,,,,,,,5.90,0.00,1,G,29,IN,3,3,3,,,KLINT,Passion Fruit AW Slim
Arctic Mint AW Slim,"Extra starke Minze. Dieses Produkt ist nur für erfahrene Konsumenten, die die höhere Nikotindosis vertragen können. Nicht für Anfänger geeignet.",Arctic Mint AW Slim,Unisex,,,,,,,https://cdn.shopify.com/s/files/1/0072/0646/9679/files/KLINT_S5_arctic-mint_AW.png,,,,,5.90,0.00,1,G,29,IN,3,3,3,,,,
,,KL-3115-1,Unisex,Title,Default Title,,,,,,,,,,5.90,0.00,1,G,29,IN,3,3,3,,,KLINT,Arctic Mint AW Slim
Honeymelon AW Slim,Die Geschmeidigkeit und Süsse von frischer Honigmelone. Abgerundet mit belebenden Spritzern von reifen tropischen Früchten für ein köstliches und erfrischendes Geschmackserlebnis.,Honeymelon AW Slim,Unisex,,,,,,,https://cdn.shopify.com/s/files/1/0072/0646/9679/files/KLINT_S2_honeymelon_AW.png,,,,,5.90,0.00,1,G,29,IN,3,3,3,,,,
,,KL-5015-1,Unisex,Title,Default Title,,,,,,,,,,5.90,0.00,1,G,29,IN,3,3,3,,,KLINT,Honeymelon AW Slim
Breeze Mint AW Slim,"Ein frischer Hauch von Minze mit dem süssen und beruhigenden Geschmack von Pfefferminze und einem Hauch von Kräuterextrakten, die eine kühlende Wirkung und lang anhaltende Frische bieten.",Breeze Mint AW Slim,Unisex,,,,,,,https://cdn.shopify.com/s/files/1/0072/0646/9679/files/KLINT_S2_breeze-mint_AW.png,,,,,5.90,0.00,1,G,29,IN,3,3,3,,,,
,,KL-2015-1,Unisex,Title,Default Title,,,,,,,,,,5.90,0.00,1,G,29,IN,3,3,3,,,KLINT,Breeze Mint AW Slim
Freeze Mint AW Slim,"Die maximale Geschmackswirkung von Minze und eiskaltem Menthol, die Dir einen angenehmen Kühleffekt und eine besonders lang anhaltende Frische verleiht.",Freeze Mint AW Slim,Unisex,,,,,,,https://cdn.shopify.com/s/files/1/0072/0646/9679/files/KLINT_S4_freeze-mint_AW.png,,,,,5.90,0.00,1,G,29,IN,3,3,3,,,,
,,KL-9015-1,Unisex,Title,Default Title,,,,,,,,,,5.90,0.00,1,G,29,IN,3,3,3,,,KLINT,Freeze Mint AW Slim
Fresh Lime AW Slim,"Schmecke die unglaubliche Frische der Limette. Der reichhaltige und süsse Zitrusgeschmack sorgt für ein erfrischendes Gefühl, während der leicht pikante Geschmack ein lang anhaltendes Vergnügen bereitet.",Fresh Lime AW Slim,Unisex,,,,,,,https://cdn.shopify.com/s/files/1/0072/0646/9679/files/KLINT_S2_fresh-lime_AW.png,,,,,5.90,0.00,1,G,29,IN,3,3,3,,,,
,,KL-3015-1,Unisex,Title,Default Title,,,,,,,,,,5.90,0.00,1,G,29,IN,3,3,3,,,KLINT,Fresh Lime AW Slim
Polar Mint AW Slim,"<span>Die schwedischen Beutel bieten einen Minzgeschmack für lang anhaltende Frische. Geniesse den Geschmack von Schweden mit jedem Beutel. Mache Dich bereit, erstaunt zu sein!</span>",Polar Mint AW Slim,Unisex,,,,,,,https://cdn.shopify.com/s/files/1/0072/0646/9679/files/KLINT_S3_polar-mint_AW.png,,,,,5.90,0.00,1,G,29,IN,3,3,3,,,,
,,KL-7015-1,Unisex,Title,Default Title,,,,,,,,,,5.90,0.00,1,G,29,IN,3,3,3,,,KLINT,Polar Mint AW Slim
Mint AW Slim,"Ein beruhigendes Minzaroma, das die Sinne verwöhnt. Die Süsse und Frische der Minze mit einem Hauch von Kräutern und einer lang anhaltenden kühlenden Wirkung.",Mint AW Slim,Unisex,,,,,,,https://cdn.shopify.com/s/files/1/0072/0646/9679/files/KLINT_S1_mint_AW.png,,,,,5.90,0.00,1,G,29,IN,3,3,3,,,,
,,KL-1015-1,Unisex,Title,Default Title,,,,,,,,,,5.90,0.00,1,G,29,IN,3,3,3,,,KLINT,Mint AW Slim
Blåklint AW Slim,"Eine Komposition aus Blaubeeren und leckeren schwarzen Beeren, mit einem Hauch von Veilchen gibt dem starken Nikotinbeutel seine einzigartige Fülle und seinen köstlichen Geschmack.",Blåklint AW Slim,Unisex,,,,,,,https://cdn.shopify.com/s/files/1/0072/0646/9679/files/KLINT_S5_blaklint_AW.png,,,,,5.90,0.00,1,G,29,IN,3,3,3,,,,
,,KL-5115-1,Unisex,Title,Default Title,,,,,,,,,,5.90,0.00,1,G,29,IN,3,3,3,,,KLINT,Blåklint AW Slim
Pomegranate AW Slim,Der frische Geschmack von reifem und saftigem Granatapfel. Ein perfektes Gleichgewicht zwischen süss und sauer mit einem Hauch von zarter Bitterkeit - ein wahrhaft köstlicher Genuss für die Sinne.,Pomegranate AW Slim,Unisex,,,,,,,https://cdn.shopify.com/s/files/1/0072/0646/9679/files/KLINT_S2_pomegranate_AW.png,,,,,5.90,0.00,1,G,29,IN,3,3,3,,,,
,,KL-6015-1,Unisex,Title,Default Title,,,,,,,,,,5.90,0.00,1,G,29,IN,3,3,3,,,KLINT,Pomegranate AW Slim
Liquorice AW Slim,"Verwöhne Deine Sinne mit der salzigen Explosion von süsser Lakritze. Ein Ausbruch von<br data-mce-fragment=""1"">Süsse, abgerundet mit einem einzigartigen Hauch von Bitterkeit, der wirklich befriedigend ist.",Liquorice AW Slim,Unisex,,,,,,,https://cdn.shopify.com/s/files/1/0072/0646/9679/files/KLINT_S3_liquorice_AW.png,,,,,5.90,0.00,1,G,29,IN,3,3,3,,,,
,,KL-8015-1,Unisex,Title,Default Title,,,,,,,,,,5.90,0.00,1,G,29,IN,3,3,3,,,KLINT,Liquorice AW Slim
Morgondagg WP,"<meta charset=""utf-8"">
<div class=""item flex "">
<div class=""title""></div>
</div>
<div class=""item flex "">
<div class=""info"">
<p>Im Kurbits Morgondagg (Morgentau) finden wir die Düfte und Erwartungen eines milden Mittsommermorgens. Blumen, Süße, Lakritz und eine vertraute Kühle von einem Morgen, der nicht wirklich von den Sonnenstrahlen erwärmt wurde. Der Tabak wurde gemischt und verarbeitet, um sich leicht, ansprechend und frisch anzufühlen.</p>
</div>
<div class=""info"">
<div class=""info""></div>
</div>
</div>",Morgondagg WP,Unisex,,,,,,,https://cdn.shopify.com/s/files/1/0072/0646/9679/products/kurbits-morgondagg-white-portion.png,,,,,3.90,,1,G,30,IN,3,3,3,,,,
,,KU-1005-1,Unisex,Title,Default Title,,,,,,,,,,3.90,,1,G,30,IN,3,3,3,,,Kurbits,Morgondagg WP
Fäbodsnus WP,"<meta charset=""utf-8"">
<div class=""item flex "">
<div class=""title""></div>
</div>
<div class=""item flex "">
<div class=""info"">
<p>Der Kurbits Fäbodsnus (Bauernhof-Snus) vereint die traditionellen Aromen und Düfte der Älteren Generationen des Snushandwerks. Ein klarer Geschmack aus rustikalem Tabak trifft auf sonnenverwöhnte Blumenwiesen und klare Noten von Süsse und Vanille. Die nüchternen, aber auch praktischen Gegebenheiten der Landwirtschaft und ihre abegehärteten Besitzer geben die Inspiration für einen Snus mit einem sehr ausgeprägten Geschmack und Geruch.</p>
</div>
<div class=""info"">
<div class=""info""></div>
</div>
</div>",Fäbodsnus WP,Unisex,,,,,,,https://cdn.shopify.com/s/files/1/0072/0646/9679/products/kurbits-fabodsnus-white-portion.png,,,,,3.90,,1,G,30,IN,3,3,3,,,,
,,KU-2005-1,Unisex,Title,Default Title,,,,,,,,,,3.90,,1,G,30,IN,3,3,3,,,Kurbits,Fäbodsnus WP
Traube-Minze AW,"La Fruteria - Traube Minze wurde kreiert um den beliebtesten Shisha Geschmack in einen Pouch zu packen. Ganz nach dem Gusto von allen Wasserpfeifen Liebhabern. Frisch und trotzdem fruchtig, dazu sehr stark - ohne dass das Produkt gleichzeitig gefährlich ist wie zum Beispiel <a href=""https://snushus.ch/blogs/snusbuch/supreme-snus-co-nikotingehalt-erklart-das-problem-im-uberblick"">Supreme Snus</a>, da es in der Schweiz produziert wird",Traube-Minze AW,Unisex,,,,,,,https://cdn.shopify.com/s/files/1/0072/0646/9679/files/Snus_Container_Top_View_La_Fruteria_Traube_83d3cadd-4fe2-42d4-ad6f-3f16397c5496.png,,,,,7.90,0.00,1,G,14,IN,3,3,3,,,,
,,LF-1000-1,Unisex,Title,Default Title,,,,,,,,,,7.90,0.00,1,G,14,IN,3,3,3,,,La Fruteria,Traube-Minze AW
Orange Jizz AW,"La Fruteria - Orange Jizz. Ein Geschmack, den es so noch nie in einem Pouch gegeben hat. Spritzige Orange und ein Schuss Blutorange für den Extra ""JIZZ"". Fruchtiger Frischekick und dazu sehr stark - ohne dass das Produkt gleichzeitig gefährlich ist wie zum Beispiel <a href=""https://snushus.ch/blogs/snusbuch/supreme-snus-co-nikotingehalt-erklart-das-problem-im-uberblick"">Supreme Snus</a>, da es in der Schweiz produziert wird.",Orange Jizz AW,Unisex,,,,,,,https://cdn.shopify.com/s/files/1/0072/0646/9679/files/Snus_Container_Top_View_La_Fruteria_Orange.png,,,,,7.90,0.00,1,G,14,IN,3,3,3,,,,
,,LF-2000-1,Unisex,Title,Default Title,,,,,,,,,,7.90,0.00,1,G,14,IN,3,3,3,,,La Fruteria,Orange Jizz AW
Jalapeño Lime Extra Strong AW,"<p data-mce-fragment=""1"">Loop Jalapeño Lime Slim Strong<span data-mce-fragment=""1""> </span>ist sicherlich einzigartig. Mit seinen scharfen Noten von grünem Jalapeño, die Sie sofort erreichen, wenn der Nikotinbeutel unter der Oberlippe angefeuchtet ist, und dem säuerlichen Abgang in Form von Limette wird er Ihnen ein Geschmackserlebnis bescheren, das Sie so schnell nicht vergessen werden! Minzprodukte waren anfangs das große Ding in Europa. Heute gibt es sie in Hülle und Fülle. Aber irgendwann gab es eine Verschiebung der Nachfrage und die europäischen Anwender wünschen sich jetzt einzigartigere Mischungen wie Jalapeño und Limette!</p>
<p data-mce-fragment=""1"">Die Portionen sind dünn und schmal, wodurch sie perfekt unter Ihre Lippe passen. Dank des all white, tabakfreien Inhalts jedes Beutels verfärben sich Ihre Zähne nicht. Auch übermäßiges Tropfen ist nicht zu befürchten. Mit der ständigen Bewegung von Menschen über Ozeane und Ländergrenzen hinweg wird es für die Benutzer immer wichtiger, einen diskreten Beutel zu haben, der keiner Erklärung oder Rechtfertigung bedarf – hier eignen sich die unglaublichen Beutel von LOOP wirklich hervorragend. Sie sind beides – bequem und diskret! Der Nikotingehalt liegt bei 15 mg/g – ein starker Nikotingehalt, der vom erfahrenen Benutzer geschätzt wird.</p>
<p data-mce-fragment=""1"">LOOP wird von Another Snus Factory hergestellt, die ihren Sitz in Stockholm und in Oslo hat. LOOP ist die erste Marke dieses aufstrebenden Snusherstellers.</p>",Jalapeño Lime Extra Strong AW,Unisex,,,,,,,https://cdn.shopify.com/s/files/1/0072/0646/9679/files/Loop-Jalapeno-lime-extra-strong-sized.png,,,,,8.90,,1,G,13,IN,3,3,3,,,,
,,LO-1000-1,Unisex,Title,Default Title,,,,,,,,,,8.90,,1,G,13,IN,3,3,3,,,LOOP,Jalapeño Lime Extra Strong AW
Habanero Mint Extra Strong AW,"<p data-mce-fragment=""1"">Loop Habanero Mint Extra Strong<strong data-mce-fragment=""1""><span data-mce-fragment=""1""> </span></strong>ist ein starker Nikotinbeutel mit einer Kombination aus scharfer Habanero (Chili) und kühler Minze, wodurch das Erlebnis dieses starken Nikotinbeutels sehr intensiv ist. Die Mischung aus würzigem Chili und kühlender Minze ist genial und köstlich interessant.</p>
<p data-mce-fragment=""1"">Diese Nikotinbeutel enthalten einen Nikotingehalt von 20 mg/g, was stark ist. Sie geben ihren Inhalt dank LOOPs InstantRush-Technologie schnell und kraftvoll ab, was bedeutet, dass der Nikotinkick aus diesen Beuteln stark und unmittelbar ist. Eine Dose kommt mit 24 Beuteln, die schlank und feucht und völlig tropffrei sind.</p>
<p data-mce-fragment=""1"">LOOP ist eine Marke, die das Wort Spaß wirklich verkörpert. Ihre Dosen, ihre Geschmacksrichtungen, ihre Website, alles an ihnen sticht hervor und das ist ein Grund für die Liebe, die sie erhalten haben. Sie sind auch für ihre Intensität und ihren starken Nikotingehalt bekannt, der zwischen 10 mg/g und 20 mg/g liegt</p>",Habanero Mint Extra Strong AW,Unisex,,,,,,,https://cdn.shopify.com/s/files/1/0072/0646/9679/files/loop-habanero-mint-extra-strong-sized-aw.png,,,,,8.90,0.00,1,G,13,IN,3,3,3,,,,
,,LO-2000-1,Unisex,Title,Default Title,,,,,,,,,,8.90,0.00,1,G,13,IN,3,3,3,,,LOOP,Habanero Mint Extra Strong AW
Africaine Bentchikou,<span>Makla Kautabake werden alle ohne künstliche Aroma- und Zusatzstoffe nach traditionellen Rezepturen hergestellt. Nimm mit den Fingern eine Portion heraus und kneten es zu einer kleinen Kugel. Platziere die Kugel dann unter Deiner Oberlippe. Der Makla Kautabak entfaltet seine volle Wirkung nach ca. 15 bis 60 Minuten. </span><br>,Africaine Bentchikou,Unisex,,,,,,,https://cdn.shopify.com/s/files/1/0072/0646/9679/products/Makla_Africaine_Bentchikousized.png,,,,,5.00,0.00,1,G,30000,IN,3,3,3,,,,
,,MA-1000-1,Unisex,Title,Default Title,,,,,,,,,,5.00,0.00,1,G,30000,IN,3,3,3,,,Makla,Africaine Bentchikou
4.0,"<p><span data-mce-fragment=""1"">Feier das 40-jährige Jubiläum mit der Special Edition von Makla - Makla 4.0! Hergestellt aus sonnengetrockneten Rustica Tabakblättern, bietet der Tabak </span><span data-mce-fragment=""1"">einen milden, aber dennoch kraftvollen Kick. Entdecke die einzigartige Kombination aus Qualität und Tradition.</span></p>",4.0,Unisex,,,,,,,https://cdn.shopify.com/s/files/1/0072/0646/9679/files/makla-4.0.png,,,,,5.90,0.00,1,G,1,IN,3,3,3,,,,
,,MA-3000-1,Unisex,Title,Default Title,,,,,,,,,,5.90,0.00,1,G,1,IN,3,3,3,,,Makla,4.0
Ifrikia,"<p><span data-mce-fragment=""1"">Entdecke den köstlichen Makla Ifrikia mit einem Nikotingehalt von 11mg/g. Geniesse den Geschmack von Rauem Tabak in der praktischen 20g Dose. </span></p>
<p><span data-mce-fragment=""1"">Hol Dir jetzt den einzigartigen Genuss von Makla Ifrikia!</span></p>",Ifrikia,Unisex,,,,,,,https://cdn.shopify.com/s/files/1/0072/0646/9679/files/Makla_IFRIKIAsized2024.png,,,,,5.00,0.00,1,G,20,IN,3,3,3,,,,
,,MA-4005-1,Unisex,Title,Default Title,,,,,,,,,,5.00,0.00,1,G,20,IN,3,3,3,,,Makla,Ifrikia
Loose Extra Strong,"<meta charset=""utf-8"">
<div class=""item flex"">
<div class=""title"">
<div class=""info"">
<p>General Extra Stark Lös Snus / Loose Snus ist DAS ursprüngliche Snusprodukt, welches seit mehr als 200 Jahren produziert wird. Der kräftige Tabakgeschmack mit Spuren von Zitrusfrüchten, Bergamotte, Tee, getrockneten Gräser und Leder überzeugt durch seine natürliche Art. Ein Lös Snus, der einfach zu kneten ist und als absoluter Klassiker jedem Snus-Connoisseur zu empfehlen ist!</p>
</div>
</div>
</div>
<div class=""item flex""></div>",Loose Extra Strong,Unisex,,,,,,,https://cdn.shopify.com/s/files/1/0072/0646/9679/products/general-extra-strong-loose.png,,,,,5.90,0.00,1,G,300,IN,3,3,3,,,,
,,GE-4005-1,Unisex,Title,Default Title,,,,,,,,,,5.90,0.00,1,G,300,IN,3,3,3,,,General,Loose Extra Strong
Bouhlel Rouge Bentchikou,"Makla Bouhlel Rouge Bentchikou oder abgekürzt Makla Rouge genannt, ist der stärkste Sorte der Makla-Reihe. In Belgien hergestellt kommt dieser Kautabak mit einem kräfiten und vollen Aroma. Makla Kautabake werden alle ohne künstliche Aroma- und Zusatzstoffe nach traditionellen Rezepturen hergestellt. Nimm mit den Fingern eine Portion heraus und kneten es zu einer kleinen Kugel. Platziere die Kugel dann unter Deiner Oberlippe. Der Makla Kautabak entfaltet seine volle Wirkung nach ca. 15 bis 60 Minuten.",Bouhlel Rouge Bentchikou,Unisex,,,,,,,https://cdn.shopify.com/s/files/1/0072/0646/9679/files/Makla_Bouhlel_Bentchikousized.png,,,,,5.00,0.00,1,G,40000,IN,3,3,3,,,,
,,MA-2000-1,Unisex,Title,Default Title,,,,,,,,,,5.00,0.00,1,G,40000,IN,3,3,3,,,Makla,Bouhlel Rouge Bentchikou
Loose,"<p><span data-mce-fragment=""1""><strong><a href=""https://snushus.ch/collections/ettan"">Ettan</a> </strong>ist Tradition und eine der ältesten Snusmarken Schwedens. Das Rezept wurde seit 1822 im Grossen und Ganzen nicht verändert. Der traditionelle Tabak-Geschmack ist hier etwas milder, weshalb die rauchigen Aromen gut zur Geltung kommen, des Weiteren können Einschläge von Heu, Teer, Malz und auch ein Hauch dunkler Schokolade erahnt werden. </span></p>
<p><span data-mce-fragment=""1"">Bestelle jetzt den klassischen Ettan <strong><a href=""https://snushus.ch/collections/loose"">Loose Snus</a></strong> bei uns – den ältesten Snus auf dem Markt! Geniesse den einzigartigen Tabak Geschmack und das intensive Aroma. Lasse Dich von ihm begeistern!</span></p>
<p><br></p>",Loose,Unisex,,,,,,,https://cdn.shopify.com/s/files/1/0072/0646/9679/files/ettan-loose.png,,,,,5.90,0.00,1,G,1,IN,3,3,3,,,,
,,ET-1105-1,Unisex,Title,Default Title,,,,,,,,,,5.90,0.00,1,G,1,IN,3,3,3,,,Ettan,Loose
Strong No.33 Loose,"Skruf Strong Loose Snus - Dies ist ein loser Snus mit einem sauberen und milden Tabakgeschmack. Der Geschmack hat einen Hauch von Bergamotte und Rosenöl. Um einen stärkeren Charakter zu erreichen, wurde ein größerer Anteil an Tabakblättern verwendet.<br data-mce-fragment=""1""><br data-mce-fragment=""1"">",Strong No.33 Loose,Unisex,,,,,,,https://cdn.shopify.com/s/files/1/0072/0646/9679/files/skruf-strong-loose-no33.png,,,,,5.90,0.00,1,G,42,IN,3,3,3,,,,
,,SK-9005-1,Unisex,Title,Default Title,,,,,,,,,,5.90,0.00,1,G,42,IN,3,3,3,,,Skruf,Strong No.33 Loose
FILT Snus Papier,"<p>FILT Snus Papier kommt aus Island und ist dort ein absoluter Klassiker, da aufgrund dem absoluten Snus Verbot nur eine einzige Variante gekauft werden kann, welche das Verbot umgeht - loser Tabak (Lös Snus). Damit man in Island aber trotzdem nicht auf einen Beutel verzichten muss, gibt es FILT Snus Papier: ausrollen, gewünschte Menge Tabak reinpacken und einen Beutel formen, so wie man es gerade mag. </p>
<p>Das speziell für Snus entwickelte Papier von FILT besteht zu 100% aus Faserpapier und empfiehlt sich in der Schweiz vor allem für den beliebten Makla wenn man mal keinen Zugang zum Hände- und Mundwaschen hat. Nie mehr braune Zähne!<br></p>",FILT Snus Papier,Unisex,,,,,,,https://cdn.shopify.com/s/files/1/0072/0646/9679/products/filt-snuspapper.png,,,,,1.90,,1,G,1,IN,3,3,3,,,,
,,ZU-1000-1,Unisex,Title,Default Title,,,,,,,,,,1.90,,1,G,1,IN,3,3,3,,,snushus.ch,FILT Snus Papier
Bouhlel Rouge Bentchikou,"Makla Bouhlel Rouge Bentchikou oder abgekürzt Makla Rouge genannt, ist der stärkste Sorte der Makla-Reihe. In Belgien hergestellt kommt dieser Kautabak mit einem kräfiten und vollen Aroma. Makla Kautabake werden alle ohne künstliche Aroma- und Zusatzstoffe nach traditionellen Rezepturen hergestellt. Nimm mit den Fingern eine Portion heraus und kneten es zu einer kleinen Kugel. Platziere die Kugel dann unter Deiner Oberlippe. Der Makla Kautabak entfaltet seine volle Wirkung nach ca. 15 bis 60 Minuten.",Bouhlel Rouge Bentchikou,Unisex,,,,,,,https://cdn.shopify.com/s/files/1/0072/0646/9679/files/Makla_Bouhlel_Bentchikousized.png,,,,,5.00,0.00,1,G,40000,IN,3,3,3,,,,
,,MA-2000-1,Unisex,Title,Default Title,,,,,,,,,,5.00,0.00,1,G,40000,IN,3,3,3,,,Makla,Bouhlel Rouge Bentchikou
Africaine Bentchikou,<span>Makla Kautabake werden alle ohne künstliche Aroma- und Zusatzstoffe nach traditionellen Rezepturen hergestellt. Nimm mit den Fingern eine Portion heraus und kneten es zu einer kleinen Kugel. Platziere die Kugel dann unter Deiner Oberlippe. Der Makla Kautabak entfaltet seine volle Wirkung nach ca. 15 bis 60 Minuten. </span><br>,Africaine Bentchikou,Unisex,,,,,,,https://cdn.shopify.com/s/files/1/0072/0646/9679/products/Makla_Africaine_Bentchikousized.png,,,,,5.00,0.00,1,G,30000,IN,3,3,3,,,,
,,MA-1000-1,Unisex,Title,Default Title,,,,,,,,,,5.00,0.00,1,G,30000,IN,3,3,3,,,Makla,Africaine Bentchikou
4.0,"<p><span data-mce-fragment=""1"">Feier das 40-jährige Jubiläum mit der Special Edition von Makla - Makla 4.0! Hergestellt aus sonnengetrockneten Rustica Tabakblättern, bietet der Tabak </span><span data-mce-fragment=""1"">einen milden, aber dennoch kraftvollen Kick. Entdecke die einzigartige Kombination aus Qualität und Tradition.</span></p>",4.0,Unisex,,,,,,,https://cdn.shopify.com/s/files/1/0072/0646/9679/files/makla-4.0.png,,,,,5.90,0.00,1,G,1,IN,3,3,3,,,,
,,MA-3000-1,Unisex,Title,Default Title,,,,,,,,,,5.90,0.00,1,G,1,IN,3,3,3,,,Makla,4.0
Ifrikia,"<p><span data-mce-fragment=""1"">Entdecke den köstlichen Makla Ifrikia mit einem Nikotingehalt von 11mg/g. Geniesse den Geschmack von Rauem Tabak in der praktischen 20g Dose. </span></p>
<p><span data-mce-fragment=""1"">Hol Dir jetzt den einzigartigen Genuss von Makla Ifrikia!</span></p>",Ifrikia,Unisex,,,,,,,https://cdn.shopify.com/s/files/1/0072/0646/9679/files/Makla_IFRIKIAsized2024.png,,,,,5.00,0.00,1,G,20,IN,3,3,3,,,,
,,MA-4005-1,Unisex,Title,Default Title,,,,,,,,,,5.00,0.00,1,G,20,IN,3,3,3,,,Makla,Ifrikia
edelsnus Mix,"<p>Du bist Dir nicht sicher welcher edelsnus der passende für Dich ist? Kein Problem - mit diesem Mixpack kannst Du Dich durch das edelsnus Sortiment probieren und dabei noch sparen!</p>
<p>Mit schwedischer Unterstützung beim Aufbau der Produktion und lokalen Partnerschaften im Bereich Nikotin- und Aromatechnologie ist es edelsnus gelungen, ein unvergleichliches Snusprodukt zu kreieren. edelsnus verwendet ausschliesslich in der Schweiz hergestellte Rohstoffe um uns in Bezug auf Qualität und Geschmack abzuheben.</p>
<p>Sämtliche Produkte  sind frei von Nikotin und beinhalten einen Nikotingehalt zwischen 10 mg/g und 25 mg/g. <br>Geschmacklich geht die Reise vom beliebtesten Snus Aroma Menthol, über exotische Aromen wie Melone bis hin zu Eukalyptus. <br></p>
<p>Dieses Bundle enthaltet:</p>
<p><em class=""text-italic"">1x <a href=""https://snushus.ch/products/edel-snus-cold-all-white"">edelsnus COLD</a><br>1x<span> </span><a href=""https://snushus.ch/products/edel-snus-citrus-all-white"">edelsnus CITRUS</a><br>1x<span> </span><a href=""https://snushus.ch/products/edel-snus-melon-all-white"">edelsnus MELON</a><br>1x<span> </span><a href=""https://snushus.ch/products/edel-snus-berry-all-white"">edelsnus BERRY</a><br>1x<span> </span><a href=""https://snushus.ch/products/edel-snus-onyx-all-white"">edelsnus ONYX</a></em></p>
<p>Spare beim Kauf von diesem Bundle 28% auf den regulären Preis! <em class=""text-italic""><br></em>Hast Du den passenden edelsnus gefunden? Hier findest Du alle Produkte von<span> </span><a href=""https://snushus.ch/collections/edel-weiss-snus""><u class=""text-underline"">edelsnus</u></a>!</p>
<!---->",edelsnus Mix,Unisex,,,,,,,https://cdn.shopify.com/s/files/1/0072/0646/9679/files/edel-swissmade-allwhite-mixpack_0394b784-e20b-4e37-a81e-4adf8f233c72.png,,,,,34.50,24.90,1,G,1,IN,3,3,3,,,,
,,MIX-ED01,Unisex,Title,Default Title,,,,,,,,,,34.50,24.90,1,G,1,IN,3,3,3,,,edel,edelsnus Mix
Swiss Made All White Mix,"<p>Nur Schweden kann Snus?! Wir beweisen Dir das Gegenteil!<br>Probiere Dich durch die Vielfalt von Schweizer Snus Marken und überzeug Dich selber von der Qualität.</p>
<p>Sämtliche Produkte dieses Bundles sind frei von Tabak und beinhalten einen Nikotingehalt zwischen 10 mg/g und 30 mg/g. <br>Geschmacklich durchquert dieser Hus Mix sämtliche Stufen: von Schweizer Alpenkräutern bis hin zu Traube-Minze ist alles dabei.<br></p>
<p>Dieses Bundle enthaltet:</p>
<p><em class=""text-italic"">1x <a href=""https://snushus.ch/products/edel-snus-mint-all-white"" data-mce-href=""https://snushus.ch/collections/edel-weiss-snus/products/edel-mint"">edelsnus MINT</a><br>1x<span> </span><a href=""https://snushus.ch/collections/7siach/products/7siach-alpachrutli"" data-mce-href=""https://snushus.ch/collections/7siach/products/7siach-alpachrutli"">7Siäch Alpächrütli</a><br>1x<span> </span><a href=""https://snushus.ch/collections/7siach/products/7siach-bergluft"" data-mce-href=""https://snushus.ch/collections/7siach/products/7siach-bergluft"">7Siäch Bergluft</a><br>1x<span> </span><a href=""https://snushus.ch/collections/la-fruteria/products/la-fruteria-traube-minze-aw"" data-mce-href=""https://snushus.ch/collections/la-fruteria/products/la-fruteria-traube-minze-aw"">LaFruteria Traube-Minze</a><br>1x<span> </span><a href=""https://snushus.ch/collections/la-fruteria/products/la-fruteria-orange-jizz-aw"" data-mce-href=""https://snushus.ch/collections/la-fruteria/products/la-fruteria-orange-jizz-aw"">LaFruteria Orange-Jizz</a></em></p>
<p><br>Spare beim Kauf von diesem Bundle 32% auf den regulären Preis! <br>Ist dieses Bundle nichts für Dich? Schau mal ob ein anderes <a href=""https://snushus.ch/collections/hus-mix-1"" data-mce-href=""https://snushus.ch/collections/hus-mix-1""><u class=""text-underline"">Mix-Pack</u></a> Dir mehr zusagt. </p>
<!---->",Swiss Made All White Mix,Unisex,,,,,,,https://cdn.shopify.com/s/files/1/0072/0646/9679/files/All-White-Swiss-Made-Mix_522d9b1c-7e25-41b2-b014-2f33c234b9f4.png,,,,,36.50,24.90,1,G,1,IN,3,3,3,,,,
,,MIX-SM01,Unisex,Title,Default Title,,,,,,,,,,36.50,24.90,1,G,1,IN,3,3,3,,,Hus Mix,Swiss Made All White Mix
XQS Mix,"<p>Du bist Dir nicht sicher welcher XQS der passende für Dich ist? Kein Problem - mit diesem Mixpack kannst Du Dich durch das XQS Sortiment probieren und dabei noch sparen!</p>
<p><span>Entdecke den XQS Mix, das perfekte Produkt für alle, die auf der Suche nach frischen und spannenden Geschmäckern sind! Die Pouches sind in Schweden hergestellt und bieten 16 mg/g Nikotin, für ein intensives und erfüllendes Erlebnis.</span></p>
<p><span>Hol Dir jetzt den XQS Mix und erlebe den perfekten Mix aus Geschmack und Nikotin! Sämtliche Produkte dieses Bundles sind frei von Tabak.</span></p>
<p>Dieses Bundle enthaltet:</p>
<p><em>1x <a href=""https://snushus.ch/products/xqs-snus-black-cherry-strong-all-white"">XQS Black Cherry</a> </em><br><em>1x <a href=""https://snushus.ch/products/xqs-snus-blueberry-mint-strong-all-white"">XQS Blueberry Mint</a></em><br><em>1x <a href=""https://snushus.ch/products/xqs-snus-orange-apple-strong-all-white"">XQS Orange Apple</a></em><br><em>1x <a href=""https://snushus.ch/products/xqs-snus-tropical-strong-all-white"">XQS Tropical</a></em><br><em>1x <a href=""https://snushus.ch/products/xqs-snus-twin-apple-strong-all-white"">XQS Twin Apple</a></em></p>
<p>Spare beim Kauf von diesem Bundle 29% auf den regulären Preis! <em class=""text-italic""><br></em>Hast Du den passenden XQS gefunden? Hier findest Du alle Produkte von<span> </span><a href=""https://snushus.ch/collections/xqs""><span style=""font-size: 0.875rem;"">XQS</span></a><span style=""font-size: 0.875rem;"">!</span></p>
<!---->",XQS Mix,Unisex,,,,,,,https://cdn.shopify.com/s/files/1/0072/0646/9679/files/All-XQS-Mix.png,,,,,21.00,14.90,1,G,1,IN,3,3,3,,,,
,,MIX-XQ01,Unisex,Title,Default Title,,,,,,,,,,21.00,14.90,1,G,1,IN,3,3,3,,,XQS,XQS Mix
COCO Mix,"<p><span data-mce-fragment=""1"">Du möchtest COCO Snus probieren? Dann greif zum Hus-Mix den wir für Dich erstellt haben, um Deinen Liebling zu finden.</span></p>
<p><span data-mce-fragment=""1"">Der COCO Mix bietet ein einzigartiges, exotisches Geschmackserlebnis! Probiere alle sanften, kokosfaserbasierten Aromen von COCO und geniesse das unvergleichliche Gefühl. Alle COCO Pouches haben 20 mg/g Nikotin. </span></p>
<p>Dieses Bundle enthaltet:</p>
<p><a href=""https://snushus.ch/products/coco-natural-mint?_pos=2&amp;_sid=88be1a157&amp;_ss=r"" title=""COCO Natural Mint mit Kokosfasern""><em class=""text-italic"">1x COCO Natural Mint</em></a><br><a href=""https://snushus.ch/products/coco-clean-peach"" title=""COCO Clean Peach""><em class=""text-italic"">1x COCO Clean Peach</em></a><br><a href=""https://snushus.ch/products/coco-tropical-mango?_pos=1&amp;_sid=88be1a157&amp;_ss=r"" title=""COCO Snus Tropical Mango""><em class=""text-italic"">1x COCO Tropical Mango</em></a><br><a href=""https://snushus.ch/products/coco-blue-razz?_pos=3&amp;_sid=88be1a157&amp;_ss=r"" title=""COCO Snus Blue Razz""><em class=""text-italic"">1x COCO Blue Razz</em></a></p>
<p>Spare beim Kauf von diesem Bundle 16% auf den regulären Preis! <br>Ist dieses Bundle nichts für Dich? Schau mal ob ein anderes <a href=""https://snushus.ch/collections/hus-mix-1""><u class=""text-underline"">Mix-Pack</u></a> Dir mehr zusagt. </p>
<p>Verwendung:</p>
<p><span data-mce-fragment=""1"">Für eine schnelle Freisetzung von Nikotin und Aromen:</span><br data-mce-fragment=""1""><span data-mce-fragment=""1"">1. Befeuchte den Beutel, indem Du ihn auf die Zunge legst.</span><br data-mce-fragment=""1""><span data-mce-fragment=""1"">2. Sobald der Beutel feucht ist, kaue den Beutel einmal vorsichtig. Achte darauf, den Beutel nicht zu </span><span data-mce-fragment=""1"">öffnen</span><span data-mce-fragment=""1"">.</span><br data-mce-fragment=""1""><span data-mce-fragment=""1"">3. Lege den Beutel unter die Oberlippe und spüre den intensiven Geschmack und die schnelle Nikotinfreisetzung.</span><br data-mce-fragment=""1""><span data-mce-fragment=""1"">4. Geniesse den Kick bis zu einer Stunde lang.</span></p>
<!---->",COCO Mix,Unisex,,,,,,,https://cdn.shopify.com/s/files/1/0072/0646/9679/files/COCO-MixPack_ff5a460c-c13a-4af1-8fbc-dd1d0c8f9fbc.png,,,,,23.60,19.90,1,G,1,IN,3,3,3,,,,
,,MIX-CO01,Unisex,Title,Default Title,,,,,,,,,,23.60,19.90,1,G,1,IN,3,3,3,,,COCO,COCO Mix
COCO Mighty Range Mix,"<p><span data-mce-fragment=""1"">Entdecke die neue Reihe von COCO - Mighty Range! Mit mehr Stärke und gleichzeitig intensivem Geschmack ist dieses 4er Pack ein Muss für alle Fans von COCO! </span></p>
<p>Dieses Bundle enthaltet:<strong><em></em></strong></p>
<p><em>1x <a rel=""noopener"" href=""https://snushus.ch/products/coco-mighty-mango"" target=""_blank"">COCO Mighty Mango</a></em><br><em>1x <a href=""https://snushus.ch/products/coco-mighty-fresh?_pos=1&amp;_sid=0641b9eb3&amp;_ss=r"">COCO Mighty  Fresh</a></em><br><em>1x <a href=""https://snushus.ch/products/coco-mighty-colada"">COCO Mighty Colada</a></em><br><em>1x <a href=""https://snushus.ch/products/coco-mighty-lemonade?_pos=4&amp;_sid=620dd5d41&amp;_ss=r"">COCO Mighty Lemonade</a></em><em class=""text-italic""><br></em></p>
<p>Spare beim Kauf von diesem Bundle 16% auf den regulären Preis! </p>
<p><em class=""text-italic""><br></em>Hast Du den passenden COCO gefunden? Hier findest Du alle Produkte von<span> </span><a href=""https://snushus.ch/collections/coco"" rel=""noopener"" target=""_blank""><u class=""text-underline"">COCO</u></a>!</p>
<!---->",COCO Mighty Range Mix,Unisex,,,,,,,https://cdn.shopify.com/s/files/1/0072/0646/9679/files/COCO-Mighty-MixPack.png,,,,,23.60,19.90,1,G,1,IN,3,3,3,,,,
,,MIX-CO02,Unisex,Title,Default Title,,,,,,,,,,23.60,19.90,1,G,1,IN,3,3,3,,,COCO,COCO Mighty Range Mix
Cannadips Mix,"<p>Du bist Dir nicht sicher welcher Cannadips Geschmack der passende für Dich ist? Kein Problem - mit diesem Mixpack kannst Du Dich durch das Cannadips Sortiment probieren und dabei noch sparen!</p>
<p>Cannadips Hanf CBD-Beutel sind alle natürlich, diskret und schnell wirkend mit ihrem hoch bioverfügbaren wasserlöslichen CBD. Frei von THC, Tabak &amp; Nikotin!</p>
<p>Sämtliche Produkte sind frei von Tabak und Nikotin und basieren auf Kokosfasern. Alle Sorten beinhalten einen CBD Gehalt von 18.75 mg/g.</p>
<p>Geschmacklich geht die Reise von diskreter Minze bis hin zu exotischen Aromen Mango. <br></p>
<p>Dieses Bundle enthaltet:</p>
<p><em>1x <a href=""https://snushus.ch/products/cannadips-natural-mint-150mg?_pos=3&amp;_sid=5370eb0d6&amp;_ss=r"">Cannadips Natural Mint </a></em><br><em>1x <a href=""https://snushus.ch/collections/cannadips/products/cannadips-tropical-mango-150mg""><u class=""text-underline"">Cannadips Tropical Mango</u></a></em><br><em>1x <a href=""https://snushus.ch/collections/cannadips/products/cannadips-tangy-citrus-150mg""><u class=""text-underline"">Cannadips Tangy Citrus</u></a></em><br><em>1x <a href=""https://snushus.ch/collections/cannadips/products/cannadips-american-spice-150mg""><u class=""text-underline"">Cannadips American Spice</u></a></em><br><em data-mce-fragment=""1"">1x <a href=""https://snushus.ch/products/cannadips-fresh-wintergreen-150mg?_pos=3&amp;_sid=361dce438&amp;_ss=r""><u class=""text-underline"" data-mce-fragment=""1"">Cannadips Fresh Wintergreen</u></a></em><br></p>
<p>Spare beim Kauf von diesem Bundle 38% auf den regulären Preis! <br>Hast Du die passende Cannadips Sorte gefunden? Hier findest Du alle Produkte von <a href=""https://snushus.ch/collections/cannadips""><u class=""text-underline"">Cannadips</u></a><em class=""text-italic"">!</em></p>
<!---->",Cannadips Mix,Unisex,,,,,,,https://cdn.shopify.com/s/files/1/0072/0646/9679/files/cannadips-american-cbd-pouches.png,,,,,44.50,27.90,1,G,1,IN,3,3,3,,,,
,,MIX-CD01,Unisex,Title,Default Title,,,,,,,,,,44.50,27.90,1,G,1,IN,3,3,3,,,Cannadips,Cannadips Mix
All White Strong Mix,"<p bis_size='{""x"":11,""y"":9,""w"":565,""h"":19,""abs_x"":668,""abs_y"":289}'>Probiere Dich quer durch die Vielfalt unserer stärksten All White Snus Sorten!</p>
<p bis_size='{""x"":11,""y"":45,""w"":565,""h"":39,""abs_x"":668,""abs_y"":325}'>Sämtliche Produkte dieses Bundles sind frei von Tabak und beinhalten einen Nikotingehalt zwischen 14 mg/g und 25 mg/g und sind mit einem Minz / Menthol / Eukalyptus Aroma.</p>
<p bis_size='{""x"":11,""y"":100,""w"":565,""h"":19,""abs_x"":668,""abs_y"":380}'>Dieses Bundle enthaltet:</p>
<p bis_size='{""x"":11,""y"":135,""w"":565,""h"":97,""abs_x"":668,""abs_y"":415}'><em class=""text-italic"" bis_size='{""x"":11,""y"":135,""w"":108,""h"":18,""abs_x"":668,""abs_y"":415}'>1x<span bis_size='{""x"":25,""y"":135,""w"":3,""h"":18,""abs_x"":682,""abs_y"":415}'> </span><u class=""text-underline"" bis_size='{""x"":29,""y"":135,""w"":91,""h"":18,""abs_x"":686,""abs_y"":415}'><a href=""https://snushus.ch/products/edel-snus-cold-all-white"" bis_size='{""x"":29,""y"":135,""w"":55,""h"":18,""abs_x"":686,""abs_y"":415}'>edelsnus </a><a href=""https://snushus.ch/products/edel-weiss-cold?_pos=1&amp;_sid=5795d0fc4&amp;_ss=r"" bis_size='{""x"":85,""y"":135,""w"":35,""h"":18,""abs_x"":742,""abs_y"":415}'>COLD</a></u></em><br bis_size='{""x"":120,""y"":135,""w"":0,""h"":18,""abs_x"":777,""abs_y"":415}'><em class=""text-italic"" bis_size='{""x"":11,""y"":155,""w"":110,""h"":18,""abs_x"":668,""abs_y"":435}'>1x<span bis_size='{""x"":25,""y"":155,""w"":3,""h"":18,""abs_x"":682,""abs_y"":435}'> </span><a href=""https://snushus.ch/products/edel-snus-onyx-all-white"" bis_size='{""x"":29,""y"":155,""w"":92,""h"":18,""abs_x"":686,""abs_y"":435}'><u class=""text-underline"" bis_size='{""x"":29,""y"":155,""w"":92,""h"":18,""abs_x"":686,""abs_y"":435}'>edelsnus ONYX</u></a></em><br bis_size='{""x"":122,""y"":155,""w"":0,""h"":18,""abs_x"":779,""abs_y"":435}'><em class=""text-italic"" bis_size='{""x"":11,""y"":175,""w"":168,""h"":18,""abs_x"":668,""abs_y"":455}'>1x<span bis_size='{""x"":25,""y"":175,""w"":3,""h"":18,""abs_x"":682,""abs_y"":455}'> </span><a href=""https://snushus.ch/products/velo-snus-mighty-peppermint-aw"" bis_size='{""x"":29,""y"":175,""w"":151,""h"":18,""abs_x"":686,""abs_y"":455}'><u class=""text-underline"" bis_size='{""x"":29,""y"":175,""w"":151,""h"":18,""abs_x"":686,""abs_y"":455}'>VELO Mighty Peppermint</u></a></em><br bis_size='{""x"":180,""y"":175,""w"":0,""h"":18,""abs_x"":837,""abs_y"":455}'><em class=""text-italic"" bis_size='{""x"":11,""y"":194,""w"":129,""h"":18,""abs_x"":668,""abs_y"":474}'>1x <a href=""https://snushus.ch/products/strom-fresh-mint-aw?_pos=2&amp;_sid=65bab12ad&amp;_ss=r"" bis_size='{""x"":29,""y"":194,""w"":111,""h"":18,""abs_x"":686,""abs_y"":474}'>STRÖM Fresh Mint</a></em><br bis_size='{""x"":141,""y"":194,""w"":0,""h"":18,""abs_x"":798,""abs_y"":474}'><em class=""text-italic"" bis_size='{""x"":11,""y"":214,""w"":45,""h"":18,""abs_x"":668,""abs_y"":494}'>1x <a href=""https://snushus.ch/products/ace-x-cool-mint"" bis_size='{""x"":29,""y"":214,""w"":28,""h"":18,""abs_x"":686,""abs_y"":494}'>ACE </a></em><a href=""https://snushus.ch/products/ace-snus-x-cool-mint"" bis_size='{""x"":57,""y"":214,""w"":73,""h"":18,""abs_x"":714,""abs_y"":494}'>X Cool Mint </a></p>
<p bis_size='{""x"":11,""y"":249,""w"":565,""h"":39,""abs_x"":668,""abs_y"":529}'>Spare beim Kauf von diesem Bundle 28% auf den regulären Preis! <br bis_size='{""x"":419,""y"":249,""w"":0,""h"":18,""abs_x"":1076,""abs_y"":529}'>Ist dieses Bundle nichts für Dich? Schau mal ob ein anderes <a href=""https://snushus.ch/collections/hus-mix-1"" bis_size='{""x"":380,""y"":269,""w"":55,""h"":18,""abs_x"":1037,""abs_y"":549}'><u class=""text-underline"" bis_size='{""x"":380,""y"":269,""w"":55,""h"":18,""abs_x"":1037,""abs_y"":549}'>Mix-Pack</u></a> Dir mehr zusagt. </p>
<!---->",All White Strong Mix,Unisex,,,,,,,https://cdn.shopify.com/s/files/1/0072/0646/9679/files/ALL-White-Strong-Mixpack_174fec89-934f-45ac-81d5-07982d5f9737.png,,,,,29.80,24.90,1,G,1,IN,3,3,3,,,,
,,MIX-AWS01,Unisex,Title,Default Title,,,,,,,,,,29.80,24.90,1,G,1,IN,3,3,3,,,Hus Mix,All White Strong Mix
All White Fruit Mix,"<p bis_size='{""x"":11,""y"":9,""w"":565,""h"":19,""abs_x"":668,""abs_y"":289}'>Probiere Dich quer durch die Vielfalt unserer fruchtigen All White Snus Sorten!</p>
<p bis_size='{""x"":11,""y"":45,""w"":565,""h"":78,""abs_x"":668,""abs_y"":325}'>Sämtliche Produkte dieses Bundles sind frei von Tabak und beinhalten einen Nikotingehalt zwischen 8 mg/g und 20 mg/g. <br bis_size='{""x"":208,""y"":64,""w"":0,""h"":18,""abs_x"":865,""abs_y"":344}'>Dieser Hus Mix soll Dir die fruchtige Vielfalt der neusten Snuskategorie ""All White"" aufzeigen. Von Pfirsich, über Zitrus bis hin zu Beeren deckt dieses Pack alles ab.</p>
<p bis_size='{""x"":11,""y"":139,""w"":565,""h"":19,""abs_x"":668,""abs_y"":419}'>Dieses Bundle enthaltet:</p>
<p bis_size='{""x"":11,""y"":175,""w"":565,""h"":97,""abs_x"":668,""abs_y"":455}'><em class=""text-italic"" bis_size='{""x"":11,""y"":175,""w"":168,""h"":77,""abs_x"":668,""abs_y"":455}'>1x <a href=""https://snushus.ch/products/edel-snus-citrus-all-white"" bis_size='{""x"":29,""y"":175,""w"":100,""h"":18,""abs_x"":686,""abs_y"":455}'><u class=""text-underline"" bis_size='{""x"":29,""y"":175,""w"":100,""h"":18,""abs_x"":686,""abs_y"":455}'>edelsnus CITRUS</u></a><br bis_size='{""x"":129,""y"":175,""w"":0,""h"":18,""abs_x"":786,""abs_y"":455}'>1x<span bis_size='{""x"":25,""y"":194,""w"":3,""h"":18,""abs_x"":682,""abs_y"":474}'> </span><a href=""https://snushus.ch/products/edel-snus-melon-all-white"" bis_size='{""x"":29,""y"":194,""w"":100,""h"":18,""abs_x"":686,""abs_y"":474}'><u class=""text-underline"" bis_size='{""x"":29,""y"":194,""w"":100,""h"":18,""abs_x"":686,""abs_y"":474}'>edelsnus MELON</u></a><br bis_size='{""x"":130,""y"":194,""w"":0,""h"":18,""abs_x"":787,""abs_y"":474}'>1x<span bis_size='{""x"":25,""y"":214,""w"":3,""h"":18,""abs_x"":682,""abs_y"":494}'> </span><u class=""text-underline"" bis_size='{""x"":29,""y"":214,""w"":150,""h"":18,""abs_x"":686,""abs_y"":494}'><a href=""https://snushus.ch/search?type=product&amp;options%5Bprefix%5D=last&amp;options%5Bunavailable_products%5D=last&amp;q=ap-5005"" bis_size='{""x"":29,""y"":214,""w"":90,""h"":18,""abs_x"":686,""abs_y"":494}'>Après No.5 Ice </a><a href=""https://snushus.ch/products/apres-snus-no-5-ice-tea-peach"" bis_size='{""x"":120,""y"":214,""w"":24,""h"":18,""abs_x"":777,""abs_y"":494}'>Tea </a><a href=""https://snushus.ch/search?type=product&amp;options%5Bprefix%5D=last&amp;options%5Bunavailable_products%5D=last&amp;q=ap-5005"" bis_size='{""x"":144,""y"":214,""w"":36,""h"":18,""abs_x"":801,""abs_y"":494}'>Peach</a></u><br bis_size='{""x"":180,""y"":214,""w"":0,""h"":18,""abs_x"":837,""abs_y"":494}'>1x<span bis_size='{""x"":25,""y"":233,""w"":3,""h"":18,""abs_x"":682,""abs_y"":513}'> </span><a href=""https://snushus.ch/products/velo-snus-icy-berries-aw-slim"" bis_size='{""x"":29,""y"":233,""w"":96,""h"":18,""abs_x"":686,""abs_y"":513}'>VELO Icy Berries</a><br bis_size='{""x"":126,""y"":233,""w"":0,""h"":18,""abs_x"":783,""abs_y"":513}'></em><em bis_size='{""x"":11,""y"":253,""w"":140,""h"":18,""abs_x"":668,""abs_y"":533}'>1x <a href=""https://snushus.ch/collections/vale/products/vale-frosted-berry-aw"" bis_size='{""x"":29,""y"":253,""w"":122,""h"":18,""abs_x"":686,""abs_y"":533}'>¡VALE! Frosted Berry</a></em></p>
<p bis_size='{""x"":11,""y"":289,""w"":565,""h"":39,""abs_x"":668,""abs_y"":569}'>Spare beim Kauf von diesem Bundle 16% auf den regulären Preis! <br bis_size='{""x"":419,""y"":289,""w"":0,""h"":18,""abs_x"":1076,""abs_y"":569}'>Ist dieses Bundle nichts für Dich? Schau mal ob ein anderes <a href=""https://snushus.ch/collections/hus-mix-1"" bis_size='{""x"":380,""y"":308,""w"":55,""h"":18,""abs_x"":1037,""abs_y"":588}'><u class=""text-underline"" bis_size='{""x"":380,""y"":308,""w"":55,""h"":18,""abs_x"":1037,""abs_y"":588}'>Mix-Pack</u></a> Dir mehr zusagt. </p>
<!---->",All White Fruit Mix,Unisex,,,,,,,https://cdn.shopify.com/s/files/1/0072/0646/9679/files/All-White-Fruit-Mix_aa6ca0bb-ea23-4f66-8e0d-7f2f05c362ce.png,,,,,30.10,24.90,1,G,1,IN,3,3,3,,,,
,,MIX-AWF01,Unisex,Title,Default Title,,,,,,,,,,30.10,24.90,1,G,1,IN,3,3,3,,,Hus Mix,All White Fruit Mix
Tobacco Strong Mix Slim,"<p>Probiere Dich quer durch die Vielfalt unserer stärksten Tabak Slim Portion Snus Sorten!</p>
<p>Sämtliche Produkte dieses Bundles sind Tabak Snus Sorten mit Slim Beuteln und beinhalten einen Nikotingehalt zwischen 22 mg/g und 45 mg/g und kommen mit einem Minz / Menthol / Eukalyptus Aroma. <br>P.S.: wir haben einen Snus ohne Tabak in diesen Hus Mix reingeschmuggelt - findest Du heraus welchen? ;-)</p>
<p>Dieses Bundle enthaltet:</p>
<p><em>1x <a href=""https://snushus.ch/products/soldat-extreme-wdp-slim?_pos=1&amp;_sid=3259180a0&amp;_ss=r""><u class=""text-underline"">SOLDAT Extreme Slim</u></a></em><br><em>1x <a href=""https://snushus.ch/products/siberia-snus-rot-slim-80-degrees-white-dry-portion""><u class=""text-underline"">Siberia Rot -80 Degrees Slim</u></a></em><br><em>1x <a href=""https://snushus.ch/products/skruf-fresh-ultra-stark-slim-wp?_pos=2&amp;_sid=a3f743f2f&amp;_ss=r"">SKRUF Ultra Fresh No. 05</a></em><br><em>1x <a href=""https://snushus.ch/products/odens-snus-cold-extreme-white-dry-slim""><u class=""text-underline"">Odens Cold Extreme WDP Slim</u></a></em><br><em>1x <a href=""https://snushus.ch/products/royal-lifestyle-classic-slim-wdp?_pos=1&amp;_sid=566885c74&amp;_ss=r""><u class=""text-underline"">Royal Lifestyle Classic Original Slim</u></a></em></p>
<p>Spare beim Kauf von diesem Bundle 16% auf den regulären Preis! <br>Ist dieses Bundle nichts für Dich? Schau mal ob ein anderes <a href=""https://snushus.ch/collections/hus-mix-1""><u class=""text-underline"">Mix-Pack</u></a> Dir mehr zusagt. </p>
<!---->",Tobacco Strong Mix Slim,Unisex,,,,,,,https://cdn.shopify.com/s/files/1/0072/0646/9679/files/Tobacco-Strong-Slim-Mixpack.png,,,,,23.80,20.90,1,G,1,IN,3,3,3,,,,
,,MIX-TBS02,Unisex,Title,Default Title,,,,,,,,,,23.80,20.90,1,G,1,IN,3,3,3,,,Hus Mix,Tobacco Strong Mix Slim
Tobacco Strong Mix,"<p bis_size=""{'x':11,'y':9,'w':565,'h':19,'abs_x':409,'abs_y':289}"">Probiere Dich quer durch die Vielfalt unserer stärksten Tabak Portion Snus Sorten!</p>
<p bis_size=""{'x':11,'y':45,'w':565,'h':97,'abs_x':409,'abs_y':325}"">Sämtliche Produkte dieses Bundles sind Tabak Snus Sorten mit grossen Beuteln und beinhalten einen Nikotingehalt zwischen 22 mg/g und 45 mg/g und kommen mit einem Minz / Menthol / Eukalyptus Aroma. <br bis_size=""{'x':238,'y':84,'w':0,'h':18,'abs_x':636,'abs_y':364}"">P.S.: wir haben einen Snus ohne Tabak in diesen Hus Mix reingeschmuggelt - findest Du heraus welchen? ;-)</p>
<p bis_size=""{'x':11,'y':159,'w':565,'h':19,'abs_x':409,'abs_y':439}"">Dieses Bundle enthaltet:</p>
<p bis_size=""{'x':11,'y':194,'w':565,'h':97,'abs_x':409,'abs_y':474}""><em class=""text-italic"" bis_size=""{'x':11,'y':194,'w':123,'h':18,'abs_x':409,'abs_y':474}"">1x  <a href=""https://snushus.ch/products/vale-iced-mint-tobacco-wdp"">¡Vale! Iced-Mint Tobacco WDP</a></em><br bis_size=""{'x':135,'y':194,'w':0,'h':18,'abs_x':533,'abs_y':474}""><em class=""text-italic"" bis_size=""{'x':11,'y':214,'w':159,'h':18,'abs_x':409,'abs_y':494}"">1x <a href=""https://snushus.ch/products/siberia-snus-rot-80-degrees-white-dry-portion"" bis_size=""{'x':29,'y':214,'w':141,'h':18,'abs_x':427,'abs_y':494}"" data-mce-href=""https://snushus.ch/products/siberia-snus-rot-80-degrees-white-dry-portion""><u class=""text-underline"" bis_size=""{'x':29,'y':214,'w':141,'h':18,'abs_x':427,'abs_y':494}"">Siberia Rot -80 Degrees</u></a></em><br bis_size=""{'x':171,'y':214,'w':0,'h':18,'abs_x':569,'abs_y':494}""><em class=""text-italic"" bis_size=""{'x':11,'y':233,'w':186,'h':18,'abs_x':409,'abs_y':513}"">1x<span bis_size=""{'x':25,'y':233,'w':3,'h':18,'abs_x':423,'abs_y':513}""> </span><a href=""https://snushus.ch/products/skruf-xtra-stark-wp?_pos=3&amp;_sid=845311e75&amp;_ss=r"" bis_size=""{'x':29,'y':233,'w':168,'h':18,'abs_x':427,'abs_y':513}"" data-mce-href=""https://snushus.ch/products/skruf-xtra-stark-wp?_pos=3&amp;_sid=845311e75&amp;_ss=r"">SKRUF Xtra Stark No.24 WP</a></em><br bis_size=""{'x':198,'y':233,'w':0,'h':18,'abs_x':596,'abs_y':513}""><em class=""text-italic"" bis_size=""{'x':11,'y':253,'w':139,'h':18,'abs_x':409,'abs_y':533}"">1x<span bis_size=""{'x':25,'y':253,'w':3,'h':18,'abs_x':423,'abs_y':533}""> </span><a href=""https://snushus.ch/products/odens-snus-cold-extreme-white-dry"" bis_size=""{'x':29,'y':253,'w':122,'h':18,'abs_x':427,'abs_y':533}"" data-mce-href=""https://snushus.ch/products/odens-snus-cold-extreme-white-dry""><u class=""text-underline"" bis_size=""{'x':29,'y':253,'w':122,'h':18,'abs_x':427,'abs_y':533}"">Odens Cold Extreme</u></a></em><br bis_size=""{'x':151,'y':253,'w':0,'h':18,'abs_x':549,'abs_y':533}""><em class=""text-italic"" bis_size=""{'x':11,'y':273,'w':201,'h':18,'abs_x':409,'abs_y':553}"">1x<span bis_size=""{'x':25,'y':273,'w':3,'h':18,'abs_x':423,'abs_y':553}""> </span><a href=""https://snushus.ch/products/royal-lifestyle-classic-original-wdp?_pos=2&amp;_sid=e8ced1480&amp;_ss=r"" bis_size=""{'x':29,'y':273,'w':183,'h':18,'abs_x':427,'abs_y':553}"" data-mce-href=""https://snushus.ch/products/royal-lifestyle-classic-original-wdp?_pos=2&amp;_sid=e8ced1480&amp;_ss=r""><u class=""text-underline"" bis_size=""{'x':29,'y':273,'w':183,'h':18,'abs_x':427,'abs_y':553}"">Royal Lifestyle Classic Original</u></a></em></p>
<p bis_size=""{'x':11,'y':308,'w':565,'h':39,'abs_x':409,'abs_y':588}"">Spare beim Kauf von diesem Bundle 16% auf den regulären Preis! <br bis_size=""{'x':419,'y':308,'w':0,'h':18,'abs_x':817,'abs_y':588}"">Ist dieses Bundle nichts für Dich? Schau mal ob ein anderes <a href=""https://snushus.ch/collections/hus-mix-1"" bis_size=""{'x':380,'y':328,'w':55,'h':18,'abs_x':778,'abs_y':608}"" data-mce-href=""https://snushus.ch/collections/hus-mix-1""><u class=""text-underline"" bis_size=""{'x':380,'y':328,'w':55,'h':18,'abs_x':778,'abs_y':608}"">Mix-Pack</u></a> Dir mehr zusagt. </p>
<!---->",Tobacco Strong Mix,Unisex,,,,,,,https://cdn.shopify.com/s/files/1/0072/0646/9679/files/Tobacco-Strong-Mixpacka_new_ad1671d2-6a93-402a-acc3-e4b2785a1e1c.png,,,,,27.00,20.90,1,G,1,IN,3,3,3,,,,
,,MIX-TBS01,Unisex,Title,Default Title,,,,,,,,,,27.00,20.90,1,G,1,IN,3,3,3,,,Hus Mix,Tobacco Strong Mix
Icy Cherry AW,"<p>Erlebe die perfekte Kombination aus Frische und Fruchtigkeit mit <strong>VELO Icy Cherry All White</strong>. Mit einem Nikotingehalt von <strong>14,3 mg/g</strong> und einem köstlichen Kirschgeschmack bietet Dir dieses Snus-Produkt ein angenehmes und dennoch wirkungsvolles Erlebnis. Die Stärke von <strong>3/5</strong> macht es ideal für alle, die eine moderate, aber erfrischende Wirkung suchen. Jede Dose enthält <strong>20 Slim Beutel</strong>, die besonders praktisch für unterwegs sind und in jeder Situation diskret angewendet werden können.</p>
<p>Der VELO Icy Cherry All White verwöhnt Dich mit einem süsslich-erfrischenden Kirschgeschmack, der an reife Kirschen erinnert und gleichzeitig eine eisige Note mit sich bringt. Ob Du auf der Suche nach einem fruchtigen Genuss bist oder einfach nur eine kleine Erfrischung für zwischendurch benötigst – dieses Produkt ist die perfekte Wahl für Dich.</p>
<p>Probiere jetzt den VELO Icy Cherry All White und erlebe ein fruchtig-eisiges Abenteuer.</p>
<!---->",Icy Cherry AW,Unisex,,,,,,,https://cdn.shopify.com/s/files/1/0072/0646/9679/files/Velo_Icy_Cherry.png,,,,,5.20,0.00,1,G,14,IN,3,3,3,,,,
,,VE-8305-1,Unisex,Title,Default Title,,,,,,,,,,5.20,0.00,1,G,14,IN,3,3,3,,,VELO (SE),Icy Cherry AW
Cool Ice X-Strong AW,"<p>Erlebe den erfrischenden Kick von XQS ice cool - ein All White Snus, der Dir ein intensives Geschmackserlebnis bietet. Mit einer Stärke von 5 von 5 und einem Nikotingehalt von 16 mg/g ist dieser Snus genau das Richtige für Dich, wenn Du nach einer starken Wirkung suchst.</p>
<p>Der frische Mentholgeschmack sorgt für einen deutlichen Kühlungseffekt, der Deine Sinne belebt, während ein Hauch von Süsse dem Genuss eine angenehme Note verleiht. Jede Dose enthält 12 g hochwertigen Tabakersatz, aufgeteilt auf 20 schlanke Beutel, die sich bequem transportieren und diskret verwenden lassen.</p>
<p>Egal, ob Du schon Erfahrung mit Snus hast oder diesen erfrischenden Geschmack zum ersten Mal probierst, XQS ice cool wird deine Erwartungen übertreffen. Tauche ein in die Welt des All White Snus und geniesse den intensiven Genuss!</p>
<!---->",Cool Ice X-Strong AW,Unisex,,,,,,,https://cdn.shopify.com/s/files/1/0072/0646/9679/files/XQS_Cool_Ice_03_4c052629-fd6b-42bb-9333-a6e5506eee4a.png,,,,,4.20,0.00,1,G,1,IN,3,3,3,,,,
,,XQ-8015-1,Unisex,Title,Default Title,,,,,,,,,,4.20,0.00,1,G,1,IN,3,3,3,,,XQS,Cool Ice X-Strong AW
Cool Ice AW Mini,"<p>Wenn Du nach einem erfrischenden Snus mit frischem Mentholgeschmack, einem deutlich kühlenden Effekt und einem Hauch von Süsse suchst, dann ist All White Snus die perfekte Wahl für Dich! Mit einer Stärke von 2 von 5 und einem Nikotingehalt von 12 mg/g bietet er ein angenehm mildes Erlebnis. Jede Dose enthält 7 g Tabakersatz, verteilt auf 20 Mini Beutel, die perfekt für unterwegs sind.</p>
<p>Dieser Snus aus Schweden ist die perfekte Wahl für alle, die ein intensives und erfrischendes Geschmackserlebnis suchen. Probiere ihn jetzt aus und erlebe die einzigartige Qualität und den Geschmack, für den Snus aus Schweden bekannt ist!</p>
<!---->",Cool Ice AW Mini,Unisex,,,,,,,https://cdn.shopify.com/s/files/1/0072/0646/9679/files/XQS_Cool_Ice_Mini_03_e0667e10-4c2c-424b-8afd-f6ec6c6709b3.png,,,,,4.20,0.00,1,G,1,IN,3,3,3,,,,
,,XQ-8115-1,Unisex,Title,Default Title,,,,,,,,,,4.20,0.00,1,G,1,IN,3,3,3,,,XQS,Cool Ice AW Mini
Spearmint Strong AW,"<p><span>Geniesse den erfrischenden Geschmack von Spearmint mit XQS Spearmint Strong AW. Hergestellt in Schweden, ist dieser All White Snus das perfekte Produkt für alle, die eine starke Alternative zu herkömmlichen Tabakprodukten suchen. Erlebe einen intensiven Minzgeschmack und ein angenehmes Gefühl - probiere XQS Spearmint Strong AW jetzt!</span></p>
<p><span>Mit einer Stärke von 4/5 und einem Nikotingehalt von 16 mg/g bietet dieser Snus eine kraftvolle Erfahrung. Jede Dose enthält 10 g Tabakersatz, und die Beutel sind in der praktischen Slim-Grösse.</span></p>
<!---->",Spearmint Strong AW,Unisex,,,,,,,https://cdn.shopify.com/s/files/1/0072/0646/9679/files/XQS_Spearmint_03_75950912-8b25-482f-aeee-a42a3d37581e.png,,,,,4.20,0.00,1,G,1,IN,3,3,3,,,,
,,XQ-2115-1,Unisex,Title,Default Title,,,,,,,,,,4.20,0.00,1,G,1,IN,3,3,3,,,XQS,Spearmint Strong AW
Cactus Sour Strong  AW,"<p>Entdecke <a href=""https://snushus.ch/collections/xqs-snus"" data-mce-href=""https://snushus.ch/collections/xqs-snus"">XQS</a> Cactus Sour Strong All White – Dein perfekter Begleiter für ein exotisches und starkes Nikotinerlebnis. Mit einem erfrischenden Kaktusgeschmack und einer Stärke von 4/5 bietet Dir dieser Snus eine intensive und langanhaltende Wirkung. Die Slim Beutel sind gefüllt mit 16 mg/g Nikotin und sorgen für ein diskretes und angenehmes Genuss-Erlebnis.</p>
<p>XQS Cactus Sour Strong All White ist eine Marke aus Schweden und steht für höchste Qualität und innovativen Geschmack. Auf aromatisierter Zellulosebasis und völlig frei von Tabak kommen die XQS Beutel im Slim Format. Ohne Tabak bedeutet kein gewöhnungsbedürftiger Tabakgeruch sowie keine Tabakschadstoffe – weltweit gibt es aktuell keine weniger schädliche Art, Nikotin zu konsumieren.</p>
<p>Erlebe die exotische Frische von XQS Cactus Sour Strong All White und geniesse die Vorteile eines tabakfreien Nikotinerlebnisses. Bestelle jetzt online und entdecke, warum XQS die bevorzugte Wahl für Snus-Liebhaber ist. Gönn Dir diesen starken und erfrischenden Genuss und bringe eine neue Geschmacksrichtung in Deinen Alltag!</p>
<!---->",Cactus Sour Strong  AW,Unisex,,,,,,,https://cdn.shopify.com/s/files/1/0072/0646/9679/files/XQS_Cactussour_3faff14a-a1dc-4989-b399-7ca50743988a.png,,,,,4.20,0.00,1,G,1,IN,3,3,3,,,,
,,XQ-3115-1,Unisex,Title,Default Title,,,,,,,,,,4.20,0.00,1,G,1,IN,3,3,3,,,XQS,Cactus Sour Strong  AW
Citrus Cooling Strong AW,"<p>Entdecke <a href=""https://snushus.ch/collections/xqs-snus"">XQS</a> Citrus Cooling All White – Dein idealer Begleiter für ein starkes und erfrischendes Nikotinerlebnis. Mit einer Stärke von 4/5 und einem Nikotingehalt von 16 mg/g bietet Dir dieser Snus eine intensive und langanhaltende Wirkung. Die Slim Beutel sind perfekt für diskreten und komfortablen Genuss, während der erfrischende Zitrusgeschmack Deine Sinne belebt.</p>
<p>XQS Citrus Cooling Strong besticht durch seine einzigartige Kombination aus frischem Zitrusgeschmack und einer prickelnden, kühlenden Wirkung. Diese besondere Mischung schafft ein unvergleichliches Erlebnis, das Dir jedes Mal aufs Neue Freude bereitet. Hergestellt in Schweden, steht XQS für erstklassige Qualität und innovative Geschmackserlebnisse.</p>
<p>Geniesse die belebende Frische von XQS Citrus Cooling All White und die Vorteile eines tabakfreien Nikotinerlebnisses. Bestelle jetzt online und entdecke, warum XQS die bevorzugte Wahl für Snus-Liebhaber ist. Gönn Dir diesen erfrischenden und starken Genuss und bringe neue Frische in Deinen Alltag!</p>
<!---->",Citrus Cooling Strong AW,Unisex,,,,,,,https://cdn.shopify.com/s/files/1/0072/0646/9679/files/XQS_Citruscooling_97010f75-aa16-47ae-9d23-34aafac43a84.png,,,,,4.20,0.00,1,G,14,IN,3,3,3,,,,
,,XQ-1115-1,Unisex,Title,Default Title,,,,,,,,,,4.20,0.00,1,G,14,IN,3,3,3,,,XQS,Citrus Cooling Strong AW
Elderflower Strong AW,"<p>Entdecke <a href=""https://snushus.ch/collections/xqs-snus"">XQS</a> Elderflower All White – Dein erfrischender Begleiter für ein sanftes und belebendes Nikotinerlebnis. Die Slim Beutel bieten Dir eine angenehme Stärke von 4/5 und enthalten 16 mg/g Nikotin, was perfekt für den täglichen Gebrauch geeignet ist.</p>
<p>XQS Elderflower Strong kombiniert botanische Noten von Holunderblüten mit schneidenden Zitrustönen und bietet Dir ein einzigartiges Geschmackserlebnis, das besonders an heissen Tagen erfrischt. Jeder Beutel enthält 8 mg Nikotin, was für einen fortgeschrittenen Konsumenten ideal ist und einen extra Kick verleiht.</p>
<p>Geniesse die erfrischende Kombination aus Holunderblüten und Zitrus und erlebe die Vorteile eines tabakfreien Nikotinerlebnisses mit XQS Elderflower All White. Bestelle jetzt online und entdecke, warum XQS die bevorzugte Wahl für Snus-Liebhaber ist. Gönn Dir diesen erfrischenden und leichten Genuss und bringe neue Frische in Deinen Alltag!</p>
<!---->",Elderflower Strong AW,Unisex,,,,,,,https://cdn.shopify.com/s/files/1/0072/0646/9679/files/XQS_Elderflower_strong.png,,,,,4.20,0.00,1,G,14,IN,3,3,3,,,,
,,XQ-4115-1,Unisex,Title,Default Title,,,,,,,,,,4.20,0.00,1,G,14,IN,3,3,3,,,XQS,Elderflower Strong AW
Lofty Liquorice AW,"<p>Erlebe <a href=""https://snushus.ch/collections/velo-snus"">VELO</a> Lofty Liquorice All White – Dein idealer Begleiter für ein einzigartiges und genussvolles Nikotinerlebnis. Mit einem ausgewogenen Geschmack von Lakritze und Anis bietet Dir dieser Snus eine angenehme Stärke von 3/5. Die 14,3 mg/g Nikotin sorgen für ein langanhaltendes und befriedigendes Erlebnis.</p>
<p>Die VELO Beutel im Slim Format sind auf einer aromatisierten Zellulosebasis hergestellt und völlig frei von Tabak. Das bedeutet kein Tabakgeruch und keine Tabakschadstoffe – weltweit gibt es aktuell keine weniger schädliche Art, Nikotin zu konsumieren. </p>
<p>VELO Lofty Liquorice All White kombiniert den intensiven Geschmack von Lakritze und Anis zu einem unvergleichlichen Aroma, das Deine Sinne verführt und belebt. Diese Nikotinbeutel sind ideal für den täglichen Gebrauch und bieten Dir eine diskrete und praktische Möglichkeit, Nikotin zu geniessen.</p>
<p>Bestelle jetzt Deinen VELO Lofty Liquorice All White online und entdecke die perfekte Balance aus Geschmack und Stärke. VELO Snus kaufen in der Schweiz war noch nie so einfach und bequem. Gönn Dir diesen einzigartigen Genuss und bereichere Deinen Alltag mit einem besonderen Snus-Erlebnis!</p>
<!---->",Lofty Liquorice AW,Unisex,,,,,,,https://cdn.shopify.com/s/files/1/0072/0646/9679/files/Velo-Lofty-Liquorice_9a96b568-0141-464e-972c-3d367359d263.png,,,,,5.20,0.00,1,G,14,IN,3,3,3,,,,
,,VE-8205-1,Unisex,Title,Default Title,,,,,,,,,,5.20,0.00,1,G,14,IN,3,3,3,,,VELO (SE),Lofty Liquorice AW
Orange Bubblegum 600mg,"<p>Entdecke <a href=""https://snushus.ch/collections/voon-snus"">Voon</a> Orange Bubblegum 600 mg – Deine ideale Wahl für ein erfrischendes und nikotinfreies Snus-Erlebnis! Diese limitierten Mini Beutel bieten Dir nicht nur einen köstlichen Geschmack nach Orangenkaugummi, sondern auch die doppelte Stärke im Vergleich zu herkömmlichen Voon-Produkten. Jeder Beutel enthält 40 mg CBD, was Dir ein entspanntes und angenehmes Gefühl verleiht.</p>
<p>Bestelle jetzt Deinen Voon Orange Bubblegum 600 mg online und entdecke die perfekte Verbindung von Geschmack und CBD. Gönn Dir diesen besonderen Genuss und erfahre, warum Voon eine gute Wahl für nikotinfreien Snus ist!</p>
<!---->",Orange Bubblegum 600mg,Unisex,,,,,,,https://cdn.shopify.com/s/files/1/0072/0646/9679/files/voon-bubbelgum-cbd-pouches_a329acbe-0ca0-4e7f-a5e8-aa59c698008b.png,,,,,8.90,0.00,1,G,1,IN,3,3,3,,,,
,,VO-5000-1,Unisex,Title,Default Title,,,,,,,,,,8.90,0.00,1,G,1,IN,3,3,3,,,Voon,Orange Bubblegum 600mg
Watermelon 600mg,"<p>Erlebe den erfrischenden Genuss von <a href=""https://snushus.ch/collections/voon-snus"">Voon</a> Watermelon 600 mg – Deine perfekte Wahl für ein entspannendes und nikotinfreies Snus-Erlebnis! Diese Mini Pouches bieten Dir nicht nur einen köstlichen Geschmack nach Wassermelone, sondern auch eine kraftvolle Dosis CBD. Jeder Beutel enthält 40 mg CBD, was Dir ein entspanntes und angenehmes Gefühl verleiht.</p>
<p>Voon Watermelon 600 mg ist ideal für alle CBD Snus Liebhaber, die auf der Suche nach einem hochwertigen und erfrischenden Produkt sind. Die Mini Pouches sind diskret und angenehm zu tragen, sodass Du Deinen Snus jederzeit und überall geniessen kannst. Die praktische 6,6 g Dose enthält 15 Beutel.</p>
<p>Diese besondere Edition von Voon bietet Dir ein einzigartiges Geschmackserlebnis mit dem fruchtigen Aroma von Wassermelone und der beruhigenden Wirkung von CBD. Erlebe die erfrischende Kombination, die Deine Geschmacksknospen verwöhnt und Dir ein unvergleichliches Gefühl der Entspannung bietet.</p>
<p>Bestelle jetzt Deinen Voon Watermelon 600 mg und entdecke die perfekte Verbindung von Geschmack und CBD. Gönn Dir diesen besonderen Genuss und erfahre, warum Voon die bevorzugte Wahl für CBD Snus Liebhaber ist!</p>
<!---->",Watermelon 600mg,Unisex,,,,,,,https://cdn.shopify.com/s/files/1/0072/0646/9679/files/voon-watermelone-cbd-pouches_e8752287-9932-4bbc-9ae6-0790b61d0e7a.png,,,,,8.90,0.00,1,G,1,IN,3,3,3,,,,
,,VO-6000-1,Unisex,Title,Default Title,,,,,,,,,,8.90,0.00,1,G,1,IN,3,3,3,,,Voon,Watermelon 600mg
Blueberry Strong AW,"<p>Entdecke den <a href=""https://snushus.ch/collections/xo-snus"">XO</a><a href=""https://snushus.ch/collections/xo""></a> Blueberry Snus – Deine perfekte Wahl für einen erfrischend süssen Blaubeergeschmack. Speziell entwickelt für Personen, die eine hohe Snus-Stärke bevorzugen, bietet dieser All White Snus ein intensives Aroma und eine angenehme Nikotinstärke, die Deine Sinne belebt.</p>
<p>Der XO Blueberry Snus überzeugt mit seinem süssen Blaubeergeschmack, der jedes Mal aufs Neue begeistert. Die Slim Pouches sind besonders diskret und komfortabel zu tragen, sodass Du jederzeit und überall Dein Snus-Erlebnis geniessen kannst. Jede Dose enthält 10 g feinsten Snus, verteilt auf 20 Beutel – perfekt portioniert für eine langanhaltende Frische.</p>
<p>Mit den hochwertigen All White Snus Pouches bleibt Dein Lächeln strahlend weiss, da sie keine Verfärbungen verursachen. Der XO Blueberry Snus kombiniert höchsten Genuss mit praktischer Handhabung.</p>
<p>Ob Du unterwegs bist oder einfach nur eine erfrischende Pause einlegen möchtest, der XO Blueberry Snus ist stets bereit, Dir das ultimative Snus-Erlebnis zu bieten. Bestelle jetzt Deinen XO Blueberry Snus online und erlebe den süssen Geschmack der Blaubeere in jeder Slim Pouch.</p>
<!---->",Blueberry Strong AW,Unisex,,,,,,,https://cdn.shopify.com/s/files/1/0072/0646/9679/files/XO_Blueberry_e01ed586-60b8-4d62-a13f-e8c64eb3e3c5.png,,,,,4.90,0.00,1,G,1,IN,3,3,3,,,,
,,XO-1015-1,Unisex,Title,Default Title,,,,,,,,,,4.90,0.00,1,G,1,IN,3,3,3,,,XO,Blueberry Strong AW
Ice Cool Strong AW,"<p>Erlebe den intensiven Genuss von <a href=""https://snushus.ch/collections/xo-snus"">XO</a> Ice Cool Strong Snus – der perfekte Begleiter für erfahrene Snuser, die einen starken Kick suchen. Mit einem erfrischenden Minzgeschmack und einer hohen Nikotinkonzentration von 16 mg/g bietet dieser Snus ein kraftvolles und belebendes Erlebnis, das Deine Sinne weckt.</p>
<p>XO Ice Cool Strong überzeugt mit seinem frischen Minzgeschmack, der Dich bei jedem Gebrauch erfrischt. Die 20 Slim Beutel pro Dose sind besonders diskret und angenehm zu tragen, sodass Du Deinen Snus jederzeit und überall geniessen kannst. Jeder Beutel ist präzise portioniert, um Dir einen konstanten und intensiven Geschmack sowie die gewünschte Nikotindosis zu liefern.</p>
<p>Dieser starke Snus ist ideal für gewohnte Snuser, die einen kräftigen und langanhaltenden Genuss bevorzugen. Die hochwertige Verarbeitung und die sorgfältig ausgewählten Inhaltsstoffe garantieren ein erstklassiges Snus-Erlebnis. Mit XO Ice Cool Strong erhältst Du nicht nur den gewünschten Nikotin-Kick, sondern auch eine erfrischende Minzbrise, die Deinen Tag belebt.</p>
<p>Bestelle jetzt Deine XO Ice Cool Strong Snus Dose online und geniesse den unvergleichlichen Geschmack und die starke Wirkung. Dein idealer Snus-Genuss wartet auf Dich – und das zu einem attraktiven Preis.</p>
<!---->",Ice Cool Strong AW,Unisex,,,,,,,https://cdn.shopify.com/s/files/1/0072/0646/9679/files/XO_Ice_Cool_54c63bca-f5b9-4613-97f1-13d2248adfda.png,,,,,4.90,0.00,1,G,1,IN,3,3,3,,,,
,,XO-2015-1,Unisex,Title,Default Title,,,,,,,,,,4.90,0.00,1,G,1,IN,3,3,3,,,XO,Ice Cool Strong AW
Grape Ice Strong AW,"<p>Entdecke <a href=""https://snushus.ch/collections/xo-snus"">XO</a> Grape Ice Strong All White Slim – Dein idealer Begleiter für ein intensives und erfrischendes Nikotinerlebnis! Mit einem Nikotingehalt von 16 mg/g und Slim Beuteln bietet Dir dieser All White Snus einen starken und lang anhaltenden Kick. Der erfrischende Geschmack nach kühlen Trauben verleiht jedem Beutel ein einzigartiges und belebendes Aroma. </p>
<p>XO Grape Ice Strong All White Slim ist die perfekte Wahl für alle, die auf der Suche nach einem starken und erfrischenden Snus sind. Die All White Nikotinbeutel sorgen dafür, dass Dein Lächeln strahlend weiss bleibt, während Du den intensiven Geschmack geniessen kannst. Die schlanken Beutel sind diskret und angenehm zu tragen, sodass Du Deinen Snus jederzeit und überall geniessen kannst. Die praktische 10g Dose enthält 20 Beutel und bietet Dir somit ausreichend Vorrat für viele genussvolle Momente.</p>
<p>Geniesse den kühlen Traubengeschmack von XO Grape Ice Strong All White Slim und erlebe, wie dieser All White Snus Deinen Tag belebt. Einfach einen Beutel entnehmen und das erfrischende Nikotinerlebnis geniessen.</p>
<!---->",Grape Ice Strong AW,Unisex,,,,,,,https://cdn.shopify.com/s/files/1/0072/0646/9679/files/XO_Grapce_Ice_a8ddf2bb-6bc0-40d1-8643-3fdcb037dc49.png,,,,,4.90,0.00,1,G,1,IN,3,3,3,,,,
,,XO-3015-1,Unisex,Title,Default Title,,,,,,,,,,4.90,0.00,1,G,1,IN,3,3,3,,,XO,Grape Ice Strong AW
Spearmint Strong AW,"<p>Entdecke <a href=""https://snushus.ch/collections/xo-snus"">XO</a> Spearmint Strong AW – Dein idealer Begleiter für ein intensives und erfrischendes Nikotinerlebnis! Mit einem Nikotingehalt von 16 mg/g und Slim Beuteln bietet Dir dieser All White Snus eine starke und lang anhaltende Erfahrung. Der erfrischende Geschmack nach Pfefferminze sorgt für ein belebendes Aroma, das Deine Sinne erfrischt.</p>
<p>XO Spearmint Strong AW ist die perfekte Wahl für alle, die auf der Suche nach einem starken und erfrischenden Snus sind. Die Slim Beutel sind diskret und angenehm zu tragen, sodass Du Deinen Snus jederzeit und überall geniessen kannst. Die praktische 10 g Dose enthält 20 Beutel und bietet Dir somit ausreichend Vorrat für viele genussvolle Momente.</p>
<p>Hergestellt in Schweden, gehört XO Spearmint Strong AW zu einer renommierten schwedischen Snus Marke, die für ihre hohe Qualität und exzellenten Geschmack bekannt ist.</p>
<!---->",Spearmint Strong AW,Unisex,,,,,,,https://cdn.shopify.com/s/files/1/0072/0646/9679/files/XO_Spearmint_d01deb41-5228-4b38-9750-e6cd52e3d97d.png,,,,,4.90,0.00,1,G,1,IN,3,3,3,,,,
,,XO-4015-1,Unisex,Title,Default Title,,,,,,,,,,4.90,0.00,1,G,1,IN,3,3,3,,,XO,Spearmint Strong AW
Watermelon Chili Strong AW,"<p>Entdecke <a href=""https://snushus.ch/collections/xo-snus"">XO</a> Watermelon Chili Strong All White Snus – Dein erfrischender Begleiter für ein aufregendes Nikotinerlebnis! Mit einem intensiven Nikotingehalt von 16 mg/g und Slim Pouches bietet Dir dieser Snus eine starke und lang anhaltende Erfahrung. Der erfrischende Wassermelonengeschmack kombiniert mit einem Hauch von Chili sorgt für ein einzigartiges und belebendes Aroma, das Deine Sinne weckt.</p>
<p>XO Watermelon Chili Strong All White Snus ist die ideale Wahl für alle, die ein kraftvolles und erfrischendes Snus-Erlebnis suchen. Die Slim Pouches sind diskret und angenehm zu tragen, sodass Du Deinen Snus jederzeit und überall geniessen kannst. Die praktische 10g Dose enthält 20 Beutel und bietet Dir somit ausreichend Vorrat für viele genussvolle Momente.</p>
<p>Mit einer Stärke von 4/5 ist XO Watermelon Chili Strong perfekt für erfahrene Snuser, die eine intensive Nikotinstärke und einen aussergewöhnlichen Geschmack bevorzugen. Dieser Snus, hergestellt nach höchsten Qualitätsstandards, garantiert ein erstklassiges Geschmackserlebnis.</p>
<p>Bestelle jetzt Deinen XO Watermelon Chili Strong All White Snus online und lass Dich von dieser einzigartigen Geschmackskombination überzeugen. Probiere es aus und erlebe die perfekte Verbindung von Frische und Schärfe!</p>
<!---->",Watermelon Chili Strong AW,Unisex,,,,,,,https://cdn.shopify.com/s/files/1/0072/0646/9679/files/XO_Watermelon_Chili_755a873f-fd6b-4393-becc-83b9e1bccb85.png,,,,,4.90,0.00,1,G,1,IN,3,3,3,,,,
,,XO-5015-1,Unisex,Title,Default Title,,,,,,,,,,4.90,0.00,1,G,1,IN,3,3,3,,,XO,Watermelon Chili Strong AW
Forest Fruits AW Slim,"<p>Erlebe den unvergleichlichen Genuss von <a href=""https://snushus.ch/collections/red-muule-snus"">Red Muule</a> Forest Fruits – der italienische Snus, der Dir den Geschmack des Waldes in jedem Beutel bietet. Diese Premium-Marke aus Italien überzeugt mit einer mittleren Stärke von 3/5 und einer Nikotinkonzentration von 14 mg/g, perfekt für gelegentliche Snuser, die einen ausgewogenen und dennoch intensiven Genuss bevorzugen.</p>
<p>Der Red Muule Forest Fruits Snus begeistert mit seinem verlockenden Geschmack nach Waldfrüchten. Die Slim Beutel sind besonders diskret und angenehm zu tragen, sodass Du Deinen Snus jederzeit und überall geniessen kannst. Mit 10 g Tabakersatz pro Dose bietet dieser All White Snus eine erfrischende Alternative ohne Verfärbung Deiner Zähne.</p>
<p>Dieser hochwertige Snus aus Italien ist ideal für alle, die einen gelegentlichen Nikotinkick suchen, ohne auf Geschmack und Qualität zu verzichten. Die sorgfältig ausgewählten Zutaten und die erstklassige Verarbeitung garantieren ein gleichmässiges und befriedigendes Snus-Erlebnis.</p>
<p>Bestelle jetzt Deinen Red Muule Forest Fruits Snus online und geniesse den fruchtigen Geschmack und die angenehme Nikotinstärke. Erlebe die Qualität und den erfrischenden Geschmack von Red Muule Forest Fruits und finde heraus, warum dieser Snus so besonders ist.</p>
<!---->",Forest Fruits AW Slim,Unisex,,,,,,,https://cdn.shopify.com/s/files/1/0072/0646/9679/files/redmuule_forest_fruits.png,,,,,4.90,0.00,1,G,10,IN,3,3,3,,,,
,,RM-2015-1,Unisex,Title,Default Title,,,,,,,,,,4.90,0.00,1,G,10,IN,3,3,3,,,Red Muule,Forest Fruits AW Slim
Lime Cactus AW Slim,"<p>Tauche ein in das erfrischende Erlebnis von <a href=""https://snushus.ch/collections/red-muule-snus"">Red Muule</a> Lime Cactus – die ideale Wahl für alle, die nach einem exotischen und spritzigen Snus suchen. Mit einem Nikotingehalt von 14 mg/g bietet dieser Snus eine ausgewogene und kräftige Wirkung, die sich perfekt für Snus-Liebhaber eignet.</p>
<p>Red Muule Lime Cactus vereint den einzigartigen Geschmack von Kaktus mit der frischen Note von Limette. Die schlanken Beutel sind besonders unauffällig und angenehm zu tragen, sodass Du Deinen Snus diskret und komfortabel geniessen kannst.</p>
<p>Die hochwertigen Zutaten und die exzellente Verarbeitung sorgen für ein gleichmässiges und zufriedenstellendes Snus-Erlebnis. Red Muule Lime Cactus steht für erfrischenden Genuss und ein exotisches Aroma, das jeden Moment aufwertet.</p>
<p>Sichere Dir jetzt Deinen Red Muule Lime Cactus Snus online und erlebe die harmonische Mischung aus Kaktus und Limette. Gönne Dir diesen besonderen Snus und entdecke, warum Red Muule Lime Cactus die perfekte Wahl für Snus-Liebhaber ist.</p>
<!---->",Lime Cactus AW Slim,Unisex,,,,,,,https://cdn.shopify.com/s/files/1/0072/0646/9679/files/redmuule_lime_cactus.png,,,,,4.90,0.00,1,G,10,IN,3,3,3,,,,
,,RM-5015-1,Unisex,Title,Default Title,,,,,,,,,,4.90,0.00,1,G,10,IN,3,3,3,,,Red Muule,Lime Cactus AW Slim
Mango AW Slim,"<p>Erlebe die tropische Frische mit <a href=""https://snushus.ch/collections/red-muule-snus"">Red Muule</a> Mango All White – Deinem idealen Begleiter für einen fruchtigen Snus-Genuss. Mit einem Nikotingehalt von 14 mg/g und praktischen Slim Beuteln bietet dieser Snus eine perfekt abgestimmte Nikotindosis für mittlere Snus-Gewohnte.</p>
<p>Red Muule Mango begeistert mit seinem exotischen Mango-Geschmack, der Deine Sinne verwöhnt und ein angenehmes, fruchtiges Aroma hinterlässt. Die 10 g Nikotinersatz pro Dose sind in praktischen All White Pouches verpackt, die sich durch ihre Diskretion und einfache Handhabung auszeichnen. Diese Beutel sind so gestaltet, dass sie keine Verfärbungen hinterlassen und stets ein sauberes Gefühl vermitteln.</p>
<p>Jetzt ist der perfekte Zeitpunkt, Red Muule Mango auszuprobieren und Dich von der tropischen Frische dieser Snus-Marke zu überzeugen. Geniesse den exotischen Geschmack und die perfekte Nikotindosis, wo immer Du bist.</p>
<!---->",Mango AW Slim,Unisex,,,,,,,https://cdn.shopify.com/s/files/1/0072/0646/9679/files/redmuule_mango.png,,,,,4.90,0.00,1,G,10,IN,3,3,3,,,,
,,RM-3015-1,Unisex,Title,Default Title,,,,,,,,,,4.90,0.00,1,G,10,IN,3,3,3,,,Red Muule,Mango AW Slim
Mint AW Slim,"<p>Entdecke <a href=""https://snushus.ch/collections/red-muule-snus"">Red Muule</a><a href=""https://snushus.ch/collections/red-muule""> </a>Mint All White Slim – Deine perfekte Wahl für ein erfrischendes Nikotinerlebnis! Mit einem Nikotingehalt von 14 mg/g und schlanken Beuteln bietet Dir dieser Snus eine ausgewogene und intensive Erfahrung. Die All White Nikotinbeutel sorgen für einen frischen Minzgeschmack, der Deine Sinne belebt.</p>
<p>Red Muule Mint AW Slim, die auf der Suche nach einem hochwertigen und erfrischenden Produkt sind. Die schlanken Beutel sind diskret und angenehm zu tragen, sodass Du Deinen Snus jederzeit und überall geniessen kannst. Die 20g Dose bietet Dir ausreichend Vorrat für langanhaltenden Genuss.</p>
<p>Geniesse den frischen Minzgeschmack von Red Muule Mint AW Slim und erlebe, wie dieser All White Snus Deinen Tag belebt. Einfach einen Beutel entnehmen und das erfrischende Nikotinerlebnis geniessen.</p>
<p>Bestelle jetzt Deinen Red Muule Mint AW Slim online und entdecke die erfrischende Welt von Red Muule.</p>
<!---->",Mint AW Slim,Unisex,,,,,,,https://cdn.shopify.com/s/files/1/0072/0646/9679/files/redmuule_mint_5fcea3f5-3992-4c97-a01b-68b7c3989889.png,,,,,4.90,0.00,1,G,10,IN,3,3,3,,,,
,,RM-1015-1,Unisex,Title,Default Title,,,,,,,,,,4.90,0.00,1,G,10,IN,3,3,3,,,Red Muule,Mint AW Slim
Red Berries AW Slim,"<p>Entdecke <a href=""https://snushus.ch/collections/red-muule-snus"">Red Muule</a><a href=""https://snushus.ch/collections/red-muule""></a> Red Berries All White Slim – Dein perfekter Begleiter für ein intensives und erfrischendes Nikotinerlebnis! Mit einem Nikotingehalt von 14 mg/g und Slim Beuteln bietet Dir dieser Snus eine ausgewogene und lang anhaltende Erfahrung. Die All White Nikotinbeutel sorgen für einen erfrischenden und fruchtigen Geschmack nach roten Beeren.</p>
<p>Red Muule Red Berries All White Slim ist die ideale Wahl für alle, die Diskretion und Komfort schätzen. Dank der fortschrittlichen Technologie zur Geschmacksverstärkung erlebst Du ein intensives Aroma, das langanhaltende Zufriedenheit garantiert. Die schlanken Beutel sind diskret und angenehm zu konsumieren, sodass Du Deinen Snus jederzeit und überall geniessen kannst. Die 20g Dose bietet Dir ausreichend Vorrat für viele genussvolle Momente.</p>
<p>Gönn Dir den unvergleichlichen Genuss von Red Muule Red Berries All White Slim. Bestelle jetzt online und erfahre, wie dieser Snus Dir eine perfekte Mischung aus Fruchtigkeit, Diskretion und lang anhaltender Zufriedenheit bietet. Entdecke den Unterschied und bereichere Deinen Alltag mit einem intensiven Geschmackserlebnis!</p>
<!---->",Red Berries AW Slim,Unisex,,,,,,,https://cdn.shopify.com/s/files/1/0072/0646/9679/files/redmuule_red_berries_3e772af2-8902-476e-a37d-79f8f39a02ea.png,,,,,4.90,0.00,1,G,10,IN,3,3,3,,,,
,,RM-4015-1,Unisex,Title,Default Title,,,,,,,,,,4.90,0.00,1,G,10,IN,3,3,3,,,Red Muule,Red Berries AW Slim
Crushed Ice WP,"<meta charset=""utf-8"">
<div class=""item flex"">
<div class=""title"">
<div class=""info"">
<p>Der Klassiker schlechthin von Nick &amp; Johnny! Der Crushed Ice White Portion kommt mit einer Minz, Menthol-Frische welche in Schweden auf grossen Anklang stösst. Von Swedish Matach produziert kommt dieser White Portion Snus mit 12 mg/g Nikotin.</p>
</div>
</div>
</div>
<div class=""item flex""></div>",Crushed Ice WP,Unisex,,,,,,,https://cdn.shopify.com/s/files/1/0072/0646/9679/products/1636553557380422_nick-johnny-crushed-ice-xtra-strong-white-portion.jpg,,,,,5.90,0.00,1,G,1,IN,3,3,3,,,,
,,NJ-3005-1,Unisex,Title,Default Title,,,,,,,,,,5.90,0.00,1,G,1,IN,3,3,3,,,Nick & Johnny,Crushed Ice WP
Americana OP,"<meta charset=""utf-8"">
<div class=""item flex"">
<div class=""title"">
<div class=""info"">
<p>Eine aussergewöhnlichere Geschmacksmischung findet man wohl kaum auf dem Snusmarkt: Kirsche, Wintergrün und Zimt! Der Nick &amp; Johnny Americana erinnert, wie es der Name vermuten lässt, an Root Beer! Mit dem hohen Feuchtigkeitsanteil und seinen 14 mg/g Nikotin ist dieser Original Portion Snus etwas für Snuser die ein intensives Snus Erlebnis suchen!<br><br></p>
</div>
</div>
</div>
<div class=""item flex""></div>",Americana OP,Unisex,,,,,,,https://cdn.shopify.com/s/files/1/0072/0646/9679/products/1636553570015423_nick-johnny-americana-xtra-strong-portion.jpg,,,,,5.90,0.00,1,G,1,IN,3,3,3,,,,
,,NJ-4005-1,Unisex,Title,Default Title,,,,,,,,,,5.90,0.00,1,G,1,IN,3,3,3,,,Nick & Johnny,Americana OP
Crushed Ice OP,"<meta charset=""utf-8"">
<div class=""item flex"">
<div class=""title"">
<div class=""info"">
<p>Die beliebteste Variante von Nick &amp; Johnny trifft auf tradionelles Snus Erlebnis: Der Nick &amp; Johnny Crushed Ice Xtra Strong Original Portion bietet ein Minz/Menthol Geschmackserlebnis in etwas feuchteren Beuteln. </p>
</div>
</div>
</div>
<div class=""item flex""></div>",Crushed Ice OP,Unisex,,,,,,,https://cdn.shopify.com/s/files/1/0072/0646/9679/products/1636553542143900_nick-johnny-crushed-ice-xtra-strong-portion.jpg,,,,,5.90,0.00,1,G,1,IN,3,3,3,,,,
,,NJ-2005-1,Unisex,Title,Default Title,,,,,,,,,,5.90,0.00,1,G,1,IN,3,3,3,,,Nick & Johnny,Crushed Ice OP
Red Hot OP,"<meta charset=""utf-8"">
<div class=""item flex"">
<div class=""title"">
<div class=""info"">
<p>Wenn der Teufel einen Snus kreiert hätte, wäre es wohl der Nick &amp; Johnny Red Hot! Chilli, Zimt und Nelke wobei der Tabakgeschmack nicht zu kurz kommt. Eine Teufelsmischung.</p>
</div>
</div>
</div>
<div class=""item flex""></div>",Red Hot OP,Unisex,,,,,,,https://cdn.shopify.com/s/files/1/0072/0646/9679/products/1636553523511898_nick-johnny-red-hot-xtra-strong-portion.jpg,,,,,4.70,0.00,1,G,1,IN,3,3,3,,,,
,,NJ-1005-1,Unisex,Title,Default Title,,,,,,,,,,4.70,0.00,1,G,1,IN,3,3,3,,,Nick & Johnny,Red Hot OP
Whip Alpine Mint AW Slim,<span>Nico Whip Alpine Mint Strong Nicotine Pouches schmecken frisch nach kühler alpinen Minze. Der hohe Nikotingehalt von 10 mg/g sorgt für ein kraftvollesGefühl. Die Füllung der bequemen Slim-Portionen besteht aus Pflanzenfasern und ist daher komplett tabakfrei. Zudem laufen die Nicotine Pouches kaum und schmecken so richtig lang. Die belebende Wirkung des Nikotins ist ebenfalls lange zu spüren.</span>,Whip Alpine Mint AW Slim,Unisex,,,,,,,https://cdn.shopify.com/s/files/1/0072/0646/9679/products/NICO_Whip_sized.jpg,,,,,5.20,0.00,1,G,16,IN,3,3,3,,,,
,,NI-2000-1,Unisex,Title,Default Title,,,,,,,,,,5.20,0.00,1,G,16,IN,3,3,3,,,Nico,Whip Alpine Mint AW Slim
Lash Glacier Mint AW Slim,"<span>Dieser Nico Snus ist einer der stärksten tabakfreien Nikotinbeutel, welche es auf dem Markt gibt.</span><br><span>The Snus Factory kombiniert bei diesem Snus scharfe, Schweizer Pfefferminze mit eisigem Menthol.</span><br><br><span>Diese Nikotinbeutel geben einen erfrischend, minzigen Geschmack, der von einem extra starken Nikotinkick verstärkt wird.</span>",Lash Glacier Mint AW Slim,Unisex,,,,,,,https://cdn.shopify.com/s/files/1/0072/0646/9679/products/NICO_Lash_sized.jpg,,,,,5.20,0.00,1,G,16,IN,3,3,3,,,,
,,NI-1000-1,Unisex,Title,Default Title,,,,,,,,,,5.20,0.00,1,G,16,IN,3,3,3,,,Nico,Lash Glacier Mint AW Slim
CBD MINT,"<p class=""MsoNormal""><span lang=""DE-AT"" style=""mso-ansi-language: DE-AT;"">Um dem Druck der modernen Gesellschaft standzuhalten, ist es wichtig, Momente der Entspannung zu finden. Daher präsentieren wir mit Stolz den weltweit ersten CBD ALL WHITE. Diese Minz-Mischung ist frei von Nikotin und enthält Cannabinoide (12mg/g CBD), die deinen easy Flow aufrechterhalten und das ohne Belastung der Lunge.</span><span lang=""DE"" style=""mso-ansi-language: DE;""></span></p>",CBD MINT,Unisex,,,,,,,https://cdn.shopify.com/s/files/1/0072/0646/9679/files/edelsnus_PP_Top_Mint_CBD_wo_Shadow.png,,,,,5.90,,1,G,14,IN,3,3,3,,,,
,,ED-5010-1,Unisex,Title,Default Title,,,,,,,,,,5.90,,1,G,14,IN,3,3,3,,,edel,CBD MINT
Tangy Citrus 150mg,"<a href=""https://snushus.ch/collections/nikotinfreie-portion"" title=""CBD Snus online kaufen | Snushus.ch"">CBD</a> Portionsbeutelchen mit scharfem Einschlag von säuerlicher Apfelsine und Zitrone. <span data-mce-fragment=""1"">Hergestellt mit allen natürlichen Zutaten (THC-Frei, Tabakfrei und Nikotinfrei). Rauchlos, diskret und schnell wirkend.</span>",Tangy Citrus 150mg,Unisex,,,,,,,https://cdn.shopify.com/s/files/1/0072/0646/9679/files/CannadipsCitrusTinFront_ac40e402-614c-47be-893e-859cd4732f06.png,,,,,8.90,,1,G,30,IN,3,3,3,,,,
,,CD-1000-1,Unisex,Title,Default Title,,,,,,,,,,8.90,,1,G,30,IN,3,3,3,,,Cannadips,Tangy Citrus 150mg
Natural Mint 150mg,"<p bis_size='{""x"":11,""y"":9,""w"":565,""h"":58,""abs_x"":667,""abs_y"":289}'><a href=""https://snushus.ch/collections/nikotinfreie-portion"" title=""Nikotinfreier Snus | Snushus.ch"" bis_size='{""x"":11,""y"":9,""w"":26,""h"":18,""abs_x"":667,""abs_y"":289}'>CBD</a> Portionsbeutelchen mit einem balancierten Geschmack von süsser und frischer Minze. <span data-mce-fragment=""1"" bis_size='{""x"":11,""y"":29,""w"":521,""h"":38,""abs_x"":667,""abs_y"":309}'>Hergestellt mit allen natürlichen Zutaten (THC-Frei, Tabakfrei und Nikotinfrei). Rauchlos, diskret und schnell wirkend.</span></p>",Natural Mint 150mg,Unisex,,,,,,,https://cdn.shopify.com/s/files/1/0072/0646/9679/files/CannadipsMintTinFront_d289570d-4ce9-40b1-a566-7e4cfcf25a48.png,,,,,8.90,,1,G,30,IN,3,3,3,,,,
,,CD-2000-1,Unisex,Title,Default Title,,,,,,,,,,8.90,,1,G,30,IN,3,3,3,,,Cannadips,Natural Mint 150mg
American Spice 150mg,"<a href=""https://snushus.ch/collections/nikotinfreie-portion"" title=""cbd snus kaufen | Snushus.ch"">CBD</a> Portionsbeutelchen aus einer Mischung von Zimt / Schokolade mit einem Hauch von echtem Kaffee. <span data-mce-fragment=""1"">Hergestellt mit allen natürlichen Zutaten (THC-Frei, Tabakfrei und Nikotinfrei). Rauchlos, diskret und schnell wirkend. </span>",American Spice 150mg,Unisex,,,,,,,https://cdn.shopify.com/s/files/1/0072/0646/9679/files/CannadipsAmericanTinFront_6b0a8c49-d8e9-4ff2-a9ee-560c017a1227.png,,,,,8.90,,1,G,30,IN,3,3,3,,,,
,,CD-3000-1,Unisex,Title,Default Title,,,,,,,,,,8.90,,1,G,30,IN,3,3,3,,,Cannadips,American Spice 150mg
Tropical Mango 150mg,"Mit <a href=""https://snushus.ch/collections/nikotinfreie-portion"" title=""CBD Pouches bestellen | Snushus.ch"">CBD</a> angereicherte Beutel mit kühler und subtiler Mango, die frisch, saftig aber nicht übermässig süss ist und an eine Reise auf eine exotische Insel erinnert. <span data-mce-fragment=""1"">Hergestellt mit allen natürlichen Zutaten (THC-Frei, Tabakfrei und Nikotinfrei). Rauchlos, diskret und schnell wirkend.</span><br>",Tropical Mango 150mg,Unisex,,,,,,,https://cdn.shopify.com/s/files/1/0072/0646/9679/files/CannadipsMangoTinFront_9f1a4014-69a9-4300-9abc-8b2c5a7e6e12.png,,,,,8.90,,1,G,30,IN,3,3,3,,,,
,,CD-4000-1,Unisex,Title,Default Title,,,,,,,,,,8.90,,1,G,30,IN,3,3,3,,,Cannadips,Tropical Mango 150mg
Fresh Wintergreen 150mg,"Mit <a href=""https://snushus.ch/collections/nikotinfreie-portion"" title=""nikotinfreier snus kaufen schweiz | Snushus.ch"">CBD</a> angereicherte Beutel mit erdigem und frisch schmeckendem Wintergrün, die sie zu einer Wanderung in einem kalifornischen Wald transportieren. <span data-mce-fragment=""1"">Hergestellt mit allen natürlichen Zutaten (THC-Frei, Tabakfrei und Nikotinfrei). Rauchlos, diskret und schnell wirkend. </span>",Fresh Wintergreen 150mg,Unisex,,,,,,,https://cdn.shopify.com/s/files/1/0072/0646/9679/files/CannadipsWintergreenTinFront_dd921478-2f48-46d9-89f3-0249c0c0d535.png,,,,,8.90,,1,G,30,IN,3,3,3,,,,
,,CD-5000-1,Unisex,Title,Default Title,,,,,,,,,,8.90,,1,G,30,IN,3,3,3,,,Cannadips,Fresh Wintergreen 150mg
Wintergreen 300mg,"<p>Erleben Sie einen hauch Hanf kombiniert mit einem Spritzer winterlicher Minz-Erfrischung und einem Hauch Süsse in jedem Mini Hanfbeutel von Voon.</p>
<p><span>Jeder Beutel enthält 20 mg hochwertig extrahiertes und reinstes CBD für ein sorgenfreies Vergnügen! Schliessen Sie die Augen und tauchen Sie ein in ein wahres mentales Wohlbefinden!</span></p>",Wintergreen 300mg,Unisex,,,,,,,https://cdn.shopify.com/s/files/1/0072/0646/9679/files/voon-wintergreen-cbd-pouches.png,,,,,8.90,,1,G,19000,IN,3,3,3,,,,
,,VO-1000-1,Unisex,Title,Default Title,,,,,,,,,,8.90,,1,G,19000,IN,3,3,3,,,Voon,Wintergreen 300mg
Cool Spearmint 300mg,"<p>Der sanftere, etwas süssere eisige Minzgeschmack der Voon Mini-Beutel aus weissem und trockenem Hanf. Perfekt . Um den ganzen Tag erfrischt zu bleiben.</p>
<p><span data-mce-fragment=""1"">Jeder Beutel enthält 20 mg hochwertig extrahiertes und reinstes CBD für ein sorgenfreies Vergnügen! Schliessen Sie die Augen und tauchen Sie ein in ein wahres mentales Wohlbefinden!</span></p>",Cool Spearmint 300mg,Unisex,,,,,,,https://cdn.shopify.com/s/files/1/0072/0646/9679/files/voon-cool-spearmint-cbd-pouches.png,,,,,8.90,,1,G,19000,IN,3,3,3,,,,
,,VO-2000-1,Unisex,Title,Default Title,,,,,,,,,,8.90,,1,G,19000,IN,3,3,3,,,Voon,Cool Spearmint 300mg
Snazzy Tangerine 300mg,"<p>Probieren Sie eine Mischung aus leichten Mandarinen-Säure- und Limettenaromen mit einem Hauch süsse in jedem Voon Mini- Beutel aus weissem und trockenem Hanf.</p>
<p><span>Jeder Beutel enthält 20 mg hochwertig extrahiertes und reinstes CBD für ein sorgenfreies Vergnügen! Schliessen Sie die Augen und tauchen Sie ein in ein wahres mentales Wohlbefinden!</span></p>",Snazzy Tangerine 300mg,Unisex,,,,,,,https://cdn.shopify.com/s/files/1/0072/0646/9679/files/voon-snazzy-tangerine-cbd-pouches.png,,,,,8.90,,1,G,19000,IN,3,3,3,,,,
,,VO-3000-1,Unisex,Title,Default Title,,,,,,,,,,8.90,,1,G,19000,IN,3,3,3,,,Voon,Snazzy Tangerine 300mg
Pink Grape 300mg,"<p>Machen Sie sich bereit für einen intensiven, süssen Ausbruch von Grapefruit in jedem Voon Mini-Beutel aus weissem und trockenem Hanf.</p>
<p><span>Jeder Beutel enthält 20 mg hochwertig extrahiertes und reinstes CBD für ein sorgenfreies Vergnügen! Schliessen Sie die Augen und tauchen Sie ein in ein wahres mentales Wohlbefinden!</span></p>",Pink Grape 300mg,Unisex,,,,,,,https://cdn.shopify.com/s/files/1/0072/0646/9679/files/voon-pink-grape-cbd-pouches.png,,,,,8.90,,1,G,19000,IN,3,3,3,,,,
,,VO-4000-1,Unisex,Title,Default Title,,,,,,,,,,8.90,,1,G,19000,IN,3,3,3,,,Voon,Pink Grape 300mg
Orange Bubblegum 600mg,"<p>Entdecke <a href=""https://snushus.ch/collections/voon-snus"">Voon</a> Orange Bubblegum 600 mg – Deine ideale Wahl für ein erfrischendes und nikotinfreies Snus-Erlebnis! Diese limitierten Mini Beutel bieten Dir nicht nur einen köstlichen Geschmack nach Orangenkaugummi, sondern auch die doppelte Stärke im Vergleich zu herkömmlichen Voon-Produkten. Jeder Beutel enthält 40 mg CBD, was Dir ein entspanntes und angenehmes Gefühl verleiht.</p>
<p>Bestelle jetzt Deinen Voon Orange Bubblegum 600 mg online und entdecke die perfekte Verbindung von Geschmack und CBD. Gönn Dir diesen besonderen Genuss und erfahre, warum Voon eine gute Wahl für nikotinfreien Snus ist!</p>
<!---->",Orange Bubblegum 600mg,Unisex,,,,,,,https://cdn.shopify.com/s/files/1/0072/0646/9679/files/voon-bubbelgum-cbd-pouches_a329acbe-0ca0-4e7f-a5e8-aa59c698008b.png,,,,,8.90,0.00,1,G,1,IN,3,3,3,,,,
,,VO-5000-1,Unisex,Title,Default Title,,,,,,,,,,8.90,0.00,1,G,1,IN,3,3,3,,,Voon,Orange Bubblegum 600mg
Watermelon 600mg,"<p>Erlebe den erfrischenden Genuss von <a href=""https://snushus.ch/collections/voon-snus"">Voon</a> Watermelon 600 mg – Deine perfekte Wahl für ein entspannendes und nikotinfreies Snus-Erlebnis! Diese Mini Pouches bieten Dir nicht nur einen köstlichen Geschmack nach Wassermelone, sondern auch eine kraftvolle Dosis CBD. Jeder Beutel enthält 40 mg CBD, was Dir ein entspanntes und angenehmes Gefühl verleiht.</p>
<p>Voon Watermelon 600 mg ist ideal für alle CBD Snus Liebhaber, die auf der Suche nach einem hochwertigen und erfrischenden Produkt sind. Die Mini Pouches sind diskret und angenehm zu tragen, sodass Du Deinen Snus jederzeit und überall geniessen kannst. Die praktische 6,6 g Dose enthält 15 Beutel.</p>
<p>Diese besondere Edition von Voon bietet Dir ein einzigartiges Geschmackserlebnis mit dem fruchtigen Aroma von Wassermelone und der beruhigenden Wirkung von CBD. Erlebe die erfrischende Kombination, die Deine Geschmacksknospen verwöhnt und Dir ein unvergleichliches Gefühl der Entspannung bietet.</p>
<p>Bestelle jetzt Deinen Voon Watermelon 600 mg und entdecke die perfekte Verbindung von Geschmack und CBD. Gönn Dir diesen besonderen Genuss und erfahre, warum Voon die bevorzugte Wahl für CBD Snus Liebhaber ist!</p>
<!---->",Watermelon 600mg,Unisex,,,,,,,https://cdn.shopify.com/s/files/1/0072/0646/9679/files/voon-watermelone-cbd-pouches_e8752287-9932-4bbc-9ae6-0790b61d0e7a.png,,,,,8.90,0.00,1,G,1,IN,3,3,3,,,,
,,VO-6000-1,Unisex,Title,Default Title,,,,,,,,,,8.90,0.00,1,G,1,IN,3,3,3,,,Voon,Watermelon 600mg
CBD MINT,"<p class=""MsoNormal""><span lang=""DE-AT"" style=""mso-ansi-language: DE-AT;"">Um dem Druck der modernen Gesellschaft standzuhalten, ist es wichtig, Momente der Entspannung zu finden. Daher präsentieren wir mit Stolz den weltweit ersten CBD ALL WHITE. Diese Minz-Mischung ist frei von Nikotin und enthält Cannabinoide (12mg/g CBD), die deinen easy Flow aufrechterhalten und das ohne Belastung der Lunge.</span><span lang=""DE"" style=""mso-ansi-language: DE;""></span></p>",CBD MINT,Unisex,,,,,,,https://cdn.shopify.com/s/files/1/0072/0646/9679/files/edelsnus_PP_Top_Mint_CBD_wo_Shadow.png,,,,,5.90,,1,G,14,IN,3,3,3,,,,
,,ED-5010-1,Unisex,Title,Default Title,,,,,,,,,,5.90,,1,G,14,IN,3,3,3,,,edel,CBD MINT
Tropical Mango 150mg,"Mit <a href=""https://snushus.ch/collections/nikotinfreie-portion"" title=""CBD Pouches bestellen | Snushus.ch"">CBD</a> angereicherte Beutel mit kühler und subtiler Mango, die frisch, saftig aber nicht übermässig süss ist und an eine Reise auf eine exotische Insel erinnert. <span data-mce-fragment=""1"">Hergestellt mit allen natürlichen Zutaten (THC-Frei, Tabakfrei und Nikotinfrei). Rauchlos, diskret und schnell wirkend.</span><br>",Tropical Mango 150mg,Unisex,,,,,,,https://cdn.shopify.com/s/files/1/0072/0646/9679/files/CannadipsMangoTinFront_9f1a4014-69a9-4300-9abc-8b2c5a7e6e12.png,,,,,8.90,,1,G,30,IN,3,3,3,,,,
,,CD-4000-1,Unisex,Title,Default Title,,,,,,,,,,8.90,,1,G,30,IN,3,3,3,,,Cannadips,Tropical Mango 150mg
Natural Mint 150mg,"<p bis_size='{""x"":11,""y"":9,""w"":565,""h"":58,""abs_x"":667,""abs_y"":289}'><a href=""https://snushus.ch/collections/nikotinfreie-portion"" title=""Nikotinfreier Snus | Snushus.ch"" bis_size='{""x"":11,""y"":9,""w"":26,""h"":18,""abs_x"":667,""abs_y"":289}'>CBD</a> Portionsbeutelchen mit einem balancierten Geschmack von süsser und frischer Minze. <span data-mce-fragment=""1"" bis_size='{""x"":11,""y"":29,""w"":521,""h"":38,""abs_x"":667,""abs_y"":309}'>Hergestellt mit allen natürlichen Zutaten (THC-Frei, Tabakfrei und Nikotinfrei). Rauchlos, diskret und schnell wirkend.</span></p>",Natural Mint 150mg,Unisex,,,,,,,https://cdn.shopify.com/s/files/1/0072/0646/9679/files/CannadipsMintTinFront_d289570d-4ce9-40b1-a566-7e4cfcf25a48.png,,,,,8.90,,1,G,30,IN,3,3,3,,,,
,,CD-2000-1,Unisex,Title,Default Title,,,,,,,,,,8.90,,1,G,30,IN,3,3,3,,,Cannadips,Natural Mint 150mg
Fresh Wintergreen 150mg,"Mit <a href=""https://snushus.ch/collections/nikotinfreie-portion"" title=""nikotinfreier snus kaufen schweiz | Snushus.ch"">CBD</a> angereicherte Beutel mit erdigem und frisch schmeckendem Wintergrün, die sie zu einer Wanderung in einem kalifornischen Wald transportieren. <span data-mce-fragment=""1"">Hergestellt mit allen natürlichen Zutaten (THC-Frei, Tabakfrei und Nikotinfrei). Rauchlos, diskret und schnell wirkend. </span>",Fresh Wintergreen 150mg,Unisex,,,,,,,https://cdn.shopify.com/s/files/1/0072/0646/9679/files/CannadipsWintergreenTinFront_dd921478-2f48-46d9-89f3-0249c0c0d535.png,,,,,8.90,,1,G,30,IN,3,3,3,,,,
,,CD-5000-1,Unisex,Title,Default Title,,,,,,,,,,8.90,,1,G,30,IN,3,3,3,,,Cannadips,Fresh Wintergreen 150mg
Tangy Citrus 150mg,"<a href=""https://snushus.ch/collections/nikotinfreie-portion"" title=""CBD Snus online kaufen | Snushus.ch"">CBD</a> Portionsbeutelchen mit scharfem Einschlag von säuerlicher Apfelsine und Zitrone. <span data-mce-fragment=""1"">Hergestellt mit allen natürlichen Zutaten (THC-Frei, Tabakfrei und Nikotinfrei). Rauchlos, diskret und schnell wirkend.</span>",Tangy Citrus 150mg,Unisex,,,,,,,https://cdn.shopify.com/s/files/1/0072/0646/9679/files/CannadipsCitrusTinFront_ac40e402-614c-47be-893e-859cd4732f06.png,,,,,8.90,,1,G,30,IN,3,3,3,,,,
,,CD-1000-1,Unisex,Title,Default Title,,,,,,,,,,8.90,,1,G,30,IN,3,3,3,,,Cannadips,Tangy Citrus 150mg
Cool Spearmint 300mg,"<p>Der sanftere, etwas süssere eisige Minzgeschmack der Voon Mini-Beutel aus weissem und trockenem Hanf. Perfekt . Um den ganzen Tag erfrischt zu bleiben.</p>
<p><span data-mce-fragment=""1"">Jeder Beutel enthält 20 mg hochwertig extrahiertes und reinstes CBD für ein sorgenfreies Vergnügen! Schliessen Sie die Augen und tauchen Sie ein in ein wahres mentales Wohlbefinden!</span></p>",Cool Spearmint 300mg,Unisex,,,,,,,https://cdn.shopify.com/s/files/1/0072/0646/9679/files/voon-cool-spearmint-cbd-pouches.png,,,,,8.90,,1,G,19000,IN,3,3,3,,,,
,,VO-2000-1,Unisex,Title,Default Title,,,,,,,,,,8.90,,1,G,19000,IN,3,3,3,,,Voon,Cool Spearmint 300mg
American Spice 150mg,"<a href=""https://snushus.ch/collections/nikotinfreie-portion"" title=""cbd snus kaufen | Snushus.ch"">CBD</a> Portionsbeutelchen aus einer Mischung von Zimt / Schokolade mit einem Hauch von echtem Kaffee. <span data-mce-fragment=""1"">Hergestellt mit allen natürlichen Zutaten (THC-Frei, Tabakfrei und Nikotinfrei). Rauchlos, diskret und schnell wirkend. </span>",American Spice 150mg,Unisex,,,,,,,https://cdn.shopify.com/s/files/1/0072/0646/9679/files/CannadipsAmericanTinFront_6b0a8c49-d8e9-4ff2-a9ee-560c017a1227.png,,,,,8.90,,1,G,30,IN,3,3,3,,,,
,,CD-3000-1,Unisex,Title,Default Title,,,,,,,,,,8.90,,1,G,30,IN,3,3,3,,,Cannadips,American Spice 150mg
Wintergreen 300mg,"<p>Erleben Sie einen hauch Hanf kombiniert mit einem Spritzer winterlicher Minz-Erfrischung und einem Hauch Süsse in jedem Mini Hanfbeutel von Voon.</p>
<p><span>Jeder Beutel enthält 20 mg hochwertig extrahiertes und reinstes CBD für ein sorgenfreies Vergnügen! Schliessen Sie die Augen und tauchen Sie ein in ein wahres mentales Wohlbefinden!</span></p>",Wintergreen 300mg,Unisex,,,,,,,https://cdn.shopify.com/s/files/1/0072/0646/9679/files/voon-wintergreen-cbd-pouches.png,,,,,8.90,,1,G,19000,IN,3,3,3,,,,
,,VO-1000-1,Unisex,Title,Default Title,,,,,,,,,,8.90,,1,G,19000,IN,3,3,3,,,Voon,Wintergreen 300mg
Pink Grape 300mg,"<p>Machen Sie sich bereit für einen intensiven, süssen Ausbruch von Grapefruit in jedem Voon Mini-Beutel aus weissem und trockenem Hanf.</p>
<p><span>Jeder Beutel enthält 20 mg hochwertig extrahiertes und reinstes CBD für ein sorgenfreies Vergnügen! Schliessen Sie die Augen und tauchen Sie ein in ein wahres mentales Wohlbefinden!</span></p>",Pink Grape 300mg,Unisex,,,,,,,https://cdn.shopify.com/s/files/1/0072/0646/9679/files/voon-pink-grape-cbd-pouches.png,,,,,8.90,,1,G,19000,IN,3,3,3,,,,
,,VO-4000-1,Unisex,Title,Default Title,,,,,,,,,,8.90,,1,G,19000,IN,3,3,3,,,Voon,Pink Grape 300mg
Snazzy Tangerine 300mg,"<p>Probieren Sie eine Mischung aus leichten Mandarinen-Säure- und Limettenaromen mit einem Hauch süsse in jedem Voon Mini- Beutel aus weissem und trockenem Hanf.</p>
<p><span>Jeder Beutel enthält 20 mg hochwertig extrahiertes und reinstes CBD für ein sorgenfreies Vergnügen! Schliessen Sie die Augen und tauchen Sie ein in ein wahres mentales Wohlbefinden!</span></p>",Snazzy Tangerine 300mg,Unisex,,,,,,,https://cdn.shopify.com/s/files/1/0072/0646/9679/files/voon-snazzy-tangerine-cbd-pouches.png,,,,,8.90,,1,G,19000,IN,3,3,3,,,,
,,VO-3000-1,Unisex,Title,Default Title,,,,,,,,,,8.90,,1,G,19000,IN,3,3,3,,,Voon,Snazzy Tangerine 300mg
Watermelon 600mg,"<p>Erlebe den erfrischenden Genuss von <a href=""https://snushus.ch/collections/voon-snus"">Voon</a> Watermelon 600 mg – Deine perfekte Wahl für ein entspannendes und nikotinfreies Snus-Erlebnis! Diese Mini Pouches bieten Dir nicht nur einen köstlichen Geschmack nach Wassermelone, sondern auch eine kraftvolle Dosis CBD. Jeder Beutel enthält 40 mg CBD, was Dir ein entspanntes und angenehmes Gefühl verleiht.</p>
<p>Voon Watermelon 600 mg ist ideal für alle CBD Snus Liebhaber, die auf der Suche nach einem hochwertigen und erfrischenden Produkt sind. Die Mini Pouches sind diskret und angenehm zu tragen, sodass Du Deinen Snus jederzeit und überall geniessen kannst. Die praktische 6,6 g Dose enthält 15 Beutel.</p>
<p>Diese besondere Edition von Voon bietet Dir ein einzigartiges Geschmackserlebnis mit dem fruchtigen Aroma von Wassermelone und der beruhigenden Wirkung von CBD. Erlebe die erfrischende Kombination, die Deine Geschmacksknospen verwöhnt und Dir ein unvergleichliches Gefühl der Entspannung bietet.</p>
<p>Bestelle jetzt Deinen Voon Watermelon 600 mg und entdecke die perfekte Verbindung von Geschmack und CBD. Gönn Dir diesen besonderen Genuss und erfahre, warum Voon die bevorzugte Wahl für CBD Snus Liebhaber ist!</p>
<!---->",Watermelon 600mg,Unisex,,,,,,,https://cdn.shopify.com/s/files/1/0072/0646/9679/files/voon-watermelone-cbd-pouches_e8752287-9932-4bbc-9ae6-0790b61d0e7a.png,,,,,8.90,0.00,1,G,1,IN,3,3,3,,,,
,,VO-6000-1,Unisex,Title,Default Title,,,,,,,,,,8.90,0.00,1,G,1,IN,3,3,3,,,Voon,Watermelon 600mg
Orange Bubblegum 600mg,"<p>Entdecke <a href=""https://snushus.ch/collections/voon-snus"">Voon</a> Orange Bubblegum 600 mg – Deine ideale Wahl für ein erfrischendes und nikotinfreies Snus-Erlebnis! Diese limitierten Mini Beutel bieten Dir nicht nur einen köstlichen Geschmack nach Orangenkaugummi, sondern auch die doppelte Stärke im Vergleich zu herkömmlichen Voon-Produkten. Jeder Beutel enthält 40 mg CBD, was Dir ein entspanntes und angenehmes Gefühl verleiht.</p>
<p>Bestelle jetzt Deinen Voon Orange Bubblegum 600 mg online und entdecke die perfekte Verbindung von Geschmack und CBD. Gönn Dir diesen besonderen Genuss und erfahre, warum Voon eine gute Wahl für nikotinfreien Snus ist!</p>
<!---->",Orange Bubblegum 600mg,Unisex,,,,,,,https://cdn.shopify.com/s/files/1/0072/0646/9679/files/voon-bubbelgum-cbd-pouches_a329acbe-0ca0-4e7f-a5e8-aa59c698008b.png,,,,,8.90,0.00,1,G,1,IN,3,3,3,,,,
,,VO-5000-1,Unisex,Title,Default Title,,,,,,,,,,8.90,0.00,1,G,1,IN,3,3,3,,,Voon,Orange Bubblegum 600mg
Cold Extreme WDP,"<meta charset=""utf-8"">
<div class=""item flex "">
<div class=""title""></div>
</div>
<div class=""item flex "">
<div class=""info"">
<p>Oden's Cold Extreme WDP (<strong>White Dry Portion</strong>) ist ein eiskalter Portionssnus mit einer minzigen Frische. Ganz besonders tritt ein Geschmack von Spearmint aus dem ansonsten traditionellen, erdnahen Tabakgeschmack hervor. Oden's Cold Dry ist ein sogenannter trockener Portionssnus, der nicht rinnt und ein noch erfrischenderes Gefühl bietet als andere Snus dieser Serie. Odens zählt zusammen mit <a href=""https://snushus.ch/collections/siberia"" title=""Siberia"">Siberia </a>zu den beliebtesten Snusmarken der Schweiz. Bei Fragen, Wünschen oder Anregungen kannst du uns gerne auf der <a href=""https://snushus.ch/pages/kontakt"" title=""Kontakt"">Kontaktseite</a> schreiben.</p>
</div>
<div class=""info""></div>
<div class=""info"">
<div class=""info"">
<div class=""item flex ""></div>
</div>
</div>
</div>",Cold Extreme WDP,Unisex,,,,,,,https://cdn.shopify.com/s/files/1/0072/0646/9679/files/Snus_Container_Top_View_Odens_Cold_Dry.png,,,,,4.80,,1,G,30,IN,3,3,3,,,,
,,OD-1005-1,Unisex,Title,Default Title,,,,,,,,,,4.80,,1,G,30,IN,3,3,3,,,Oden's,Cold Extreme WDP
Cold Extreme WDP 500g Box,"<meta charset=""utf-8"">
<div class=""item flex"">
<div class=""title"">
<div class=""info"">
<span>Oden's Cold Extreme WDP (</span><strong>White Dry Portion</strong><span>) ist ein eiskalter Portionssnus mit einer minzigen Frische. Ganz besonders tritt ein Geschmack von Spearmint aus dem ansonsten traditionellen, erdnahen Tabakgeschmack hervor. Oden's Cold Dry ist ein sogenannter trockener Portionssnus, der nicht rinnt und ein noch erfrischenderes Gefühl bietet als andere Snus dieser Serie. Odens zählt zusammen mit </span><a href=""https://snushus.ch/collections/siberia"" title=""Siberia"">Siberia<span> </span></a><span>zu den beliebtesten Snusmarken der Schweiz. Bei Fragen, Wünschen oder Anregungen kannst du uns gerne auf der </span><a href=""https://snushus.ch/pages/kontakt"" title=""Kontakt"">Kontaktseite</a><span> schreiben.</span>
</div>
<div class=""info"">
<div class=""info"">
<div class=""item flex""></div>
</div>
</div>
</div>
</div>
<div class=""item flex""></div>",Cold Extreme WDP 500g Box,Unisex,,,,,,,https://cdn.shopify.com/s/files/1/0072/0646/9679/products/odens-cold-extreme-white-dry-portion-box_0a9600d7-7d68-43ea-83dd-0cdfa830332f.png,,,,,109.00,0.00,1,G,600,IN,3,3,3,,,,
,,OD-1025-1,Unisex,Title,Default Title,,,,,,,,,,109.00,0.00,1,G,600,IN,3,3,3,,,Oden's,Cold Extreme WDP 500g Box
Cold Extreme WDP Slim,"<meta charset=""utf-8"">
<div class=""item flex "">
<div class=""title""></div>
</div>
<div class=""item flex "">
<div class=""info"">
<div class=""info"">
<p>Oden's Extreme Cold Dry ist ein eiskalter Portionssnus mit einer minzigen Frische. Ganz besonders tritt ein Geschmack von Spearmint aus dem ansonsten traditionellen, erdnahen Tabakgeschmack hervor. Oden's Cold Dry ist ein sogenannter trockener Portionssnus, der nicht rinnt und ein noch erfrischenderes Gefühl bietet als andere Snus dieser Serie. Oden‘s zählt zusammen mit Siberia zu den beliebtesten Snusmarken der Schweiz.</p>
</div>
<div class=""info"">
<div class=""info"">
<div class=""item flex ""></div>
</div>
</div>
</div>
<div class=""info"">
<div class=""item flex ""></div>
</div>
</div>",Cold Extreme WDP Slim,Unisex,,,,,,,https://cdn.shopify.com/s/files/1/0072/0646/9679/files/odens-cold-extreme-white-dry-slim-portion.png,,,,,4.60,,1,G,30,IN,3,3,3,,,,
,,OD-1015-1,Unisex,Title,Default Title,,,,,,,,,,4.60,,1,G,30,IN,3,3,3,,,Oden's,Cold Extreme WDP Slim
Cold Extreme WP,"<meta charset=""utf-8"">
<div class=""item flex "">
<div class=""title""></div>
</div>
<div class=""item flex "">
<div class=""info"">
<p>Oden's Cold Extreme White Portion ist ein Portionssnus mit einem süssen Minzgeschmack und viel Nikotin. Das Tabakaroma ist hervorstechend und verleiht dem Snus einen traditionellen Geschmack, zusammen mit der Minze. <span>Zusammen mit </span><a href=""https://snushus.ch/collections/siberia"" title=""Siberia"">Siberia<span> </span></a><span>gehört Oden´s zu den beliebtesten Snus-Marken. </span><span>Bei Fragen, Wünschen oder Anregungen </span><span>kannst du </span><span>uns </span><span>gerne auf der </span><span></span><a href=""https://snushus.ch/pages/kontakt"" title=""Kontakt"">Kontaktseite</a><span> s</span><span>chreiben</span><span>.</span></p>
</div>
<div class=""info"">
<div class=""info"">
<div class=""item flex "">
<div class=""title""></div>
<div class=""title""></div>
</div>
</div>
</div>
</div>",Cold Extreme WP,Unisex,,,,,,,https://cdn.shopify.com/s/files/1/0072/0646/9679/files/Snus_Container_Top_View_Odens_Cold_Extreme_WP.png,,,,,4.80,,1,G,30,IN,3,3,3,,,,
,,OD-2005-1,Unisex,Title,Default Title,,,,,,,,,,4.80,,1,G,30,IN,3,3,3,,,Oden's,Cold Extreme WP
Cold Extreme WP Slim,"<meta charset=""utf-8"">
<div class=""item flex"">
<div class=""title""></div>
</div>
<div class=""item flex"">
<div class=""info"">
<div class=""info"">
<p><span>Odens Cold Extreme Slim White Portion ist ein kraftvoller und starker Snus mit kühlen Aromen von echten Minzölen. Der Nikotingehalt beträgt 22 mg / g und die schlanken Portionen sind etwas kleiner und schmecken lange.</span></p>
</div>
<div class=""info"">
<div class=""info"">
<div class=""item flex""></div>
</div>
</div>
</div>
<div class=""info"">
<div class=""item flex""></div>
</div>
</div>",Cold Extreme WP Slim,Unisex,,,,,,,https://cdn.shopify.com/s/files/1/0072/0646/9679/files/odens-white-slim-portion.png,,,,,4.60,,1,G,20,IN,3,3,3,,,,
,,OD-2015-1,Unisex,Title,Default Title,,,,,,,,,,4.60,,1,G,20,IN,3,3,3,,,Oden's,Cold Extreme WP Slim
Double Mint Extreme WP,"<meta charset=""utf-8"">
<div class=""item flex "">
<div class=""title""></div>
</div>
<div class=""item flex "">
<div class=""info"">
<div class=""info"">
<p>Oden's Double Mint Extreme Portion ist ein sehr hoher Nikotin-Snack. Der Geschmack, der während der Verwendung erscheint, ist scharf und der Pfefferminze zuliebe. Zusammen mit <a href=""https://snushus.ch/collections/siberia"" title=""Siberia"">Siberia </a>gehört Oden´s zu den beliebtesten Snus-Marken. <span>Bei Fragen, Wünschen oder Anregungen </span><span>kannst du </span><span>uns </span><span>gerne auf der </span><span></span><a href=""https://snushus.ch/pages/kontakt"" title=""Kontakt"">Kontaktseite</a><span> s</span><span>chreiben</span><span>.</span></p>
</div>
<div class=""info"">
<div class=""info"">
<div class=""item flex "">
<div class=""title""></div>
</div>
</div>
</div>
</div>
<div class=""info"">
<div class=""info""></div>
</div>
</div>",Double Mint Extreme WP,Unisex,,,,,,,https://cdn.shopify.com/s/files/1/0072/0646/9679/files/Snus_Container_Top_View_Odens_Double_Mint_Extreme_WP.png,,,,,4.80,,1,G,30,IN,3,3,3,,,,
,,OD-3005-1,Unisex,Title,Default Title,,,,,,,,,,4.80,,1,G,30,IN,3,3,3,,,Oden's,Double Mint Extreme WP
Wintergreen Extreme WDP,"<meta charset=""utf-8"">
<div class=""item flex "">
<div class=""title""></div>
</div>
<div class=""item flex "">
<div class=""info"">
<p><span>Odens Wintergreen Extreme White Dry Portion ist ein starker Snus mit spürbarem Wintergreen-Geschmack. Intensive Geschmacksentfaltung und kühlender Effekt. </span></p>
</div>
<div class=""info""></div>
<div class=""info"">
<div class=""info"">
<div class=""item flex ""></div>
</div>
</div>
</div>",Wintergreen Extreme WDP,Unisex,,,,,,,https://cdn.shopify.com/s/files/1/0072/0646/9679/products/odens-wintergreen-white-dry-portion.png,,,,,4.80,,1,G,30,IN,3,3,3,,,,
,,OD-4005-1,Unisex,Title,Default Title,,,,,,,,,,4.80,,1,G,30,IN,3,3,3,,,Oden's,Wintergreen Extreme WDP
Wintergreen Extreme WDP Slim,"<meta charset=""utf-8"">
<div class=""item flex "">
<div class=""title""></div>
</div>
<div class=""item flex "">
<div class=""info"">
<div class=""info"">
<p><span>Odens Wintergreen Extreme White Dry Portion ist ein starker Snus mit spürbarem Wintergreen-Geschmack. Intensive Geschmacksentfaltung und kühlender Effekt. </span></p>
</div>
<div class=""info"">
<div class=""info"">
<div class=""item flex ""></div>
</div>
</div>
</div>
<div class=""info"">
<div class=""item flex ""></div>
</div>
</div>",Wintergreen Extreme WDP Slim,Unisex,,,,,,,https://cdn.shopify.com/s/files/1/0072/0646/9679/products/odens-wintergreen-white-dry-slim-portion.png,,,,,4.60,,1,G,30,IN,3,3,3,,,,
,,OD-4015-1,Unisex,Title,Default Title,,,,,,,,,,4.60,,1,G,30,IN,3,3,3,,,Oden's,Wintergreen Extreme WDP Slim
Cold Extreme WDP Mini,"<meta charset=""utf-8"">
<div class=""item flex"">
<div class=""title""></div>
</div>
<div class=""item flex"">
<div class=""info"">
<p>Oden's Cold Extreme WDP (White Dry Portion) ist ein eiskalter Portionssnus mit einer minzigen Frische. Ganz besonders tritt ein Geschmack von Spearmint aus dem ansonsten traditionellen, erdnahen Tabakgeschmack hervor. Oden's Cold Dry ist ein sogenannter trockener Portionssnus, der nicht rinnt und ein noch erfrischenderes Gefühl bietet als andere Snus dieser Serie. Odens zählt zusammen mit Siberia zu den beliebtesten Snusmarken der Schweiz. Ab sofort auch in der Mini Variante erhältlich!</p>
</div>
<div class=""info""></div>
<div class=""info"">
<div class=""info"">
<div class=""item flex""></div>
</div>
</div>
</div>",Cold Extreme WDP Mini,Unisex,,,,,,,https://cdn.shopify.com/s/files/1/0072/0646/9679/products/e8fd133ba81eb354ddf343e1b1b985b7.jpg,,,,,4.90,0.00,1,G,18000,IN,3,3,3,,,,
,,OD-1115-1,Unisex,Title,Default Title,,,,,,,,,,4.90,0.00,1,G,18000,IN,3,3,3,,,Oden's,Cold Extreme WDP Mini
Double Mint Extreme WDP Slim,"<meta charset=""utf-8"">
<div class=""item flex "">
<div class=""title""></div>
</div>
<div class=""item flex "">
<div class=""info"">
<div class=""info"">
<p>Odens Double Mint Extreme White Dry Portion Slim ist ein sogenannter ""White Dry"" Portionssnus. Die Portionen sind, wie der Name schon sagt, trockener als andere Sorten und haben einen hohen Nikotingehalt. Der Geschmack von Odens Double Mint ist von scharfer Natur mit überzeugenden Pfefferminzakzenten.</p>
</div>
<div class=""info"">
<div class=""info"">
<div class=""item flex ""></div>
</div>
</div>
</div>
<div class=""info"">
<div class=""item flex ""></div>
</div>
</div>",Double Mint Extreme WDP Slim,Unisex,,,,,,,https://cdn.shopify.com/s/files/1/0072/0646/9679/products/odens-double-mint-white-dry-slim-portion.png,,,,,4.60,,1,G,30,IN,3,3,3,,,,
,,OD-5015-1,Unisex,Title,Default Title,,,,,,,,,,4.60,,1,G,30,IN,3,3,3,,,Oden's,Double Mint Extreme WDP Slim
Double Mint Extreme WDP,"<meta charset=""utf-8"">
<div class=""item flex "">
<div class=""title""></div>
</div>
<div class=""item flex "">
<div class=""info"">
<p>Odens Double Mint Extreme White Dry Portion ist ein sogenannter ""white dry"" Portionssnus. Die Portionen sind, wie der Name schon sagt, trockener als andere Sorten und haben einen hohen Nikotingehalt. <br>Der Geschmack ist von scharfer Natur mit überzeugenden Pfefferminzakzenten.</p>
</div>
<div class=""info""></div>
<div class=""info"">
<div class=""info"">
<div class=""item flex ""></div>
</div>
</div>
</div>",Double Mint Extreme WDP,Unisex,,,,,,,https://cdn.shopify.com/s/files/1/0072/0646/9679/products/odens-double-mint-white-dry-portion.png,,,,,4.80,,1,G,30,IN,3,3,3,,,,
,,OD-5005-1,Unisex,Title,Default Title,,,,,,,,,,4.80,,1,G,30,IN,3,3,3,,,Oden's,Double Mint Extreme WDP
Cold Extreme OP,"Odens Cold Extreme Original Portion ist ein Produkt für traditionelle Snuser.<br data-mce-fragment=""1"">Durch die feuchten Beutel kommt der Nikotingehalt noch besser zur Wirkung als bei vergleichbaren Oden's Produkten.<br data-mce-fragment=""1"">Bereits beim Öffnen der Dose macht sich der intensive Minz Geschmack bemerkbar - unter der Lippe wird dieser zusätzlich verstärkt. Ein perfektes Produkt für Minz-Liebhaber!",Cold Extreme OP,Unisex,,,,,,,https://cdn.shopify.com/s/files/1/0072/0646/9679/products/1624966183962937_odens-cold-extreme-original-portion.jpg,,,,,4.80,,1,G,1,IN,3,3,3,,,,
,,OD-7005-1,Unisex,Title,Default Title,,,,,,,,,,4.80,,1,G,1,IN,3,3,3,,,Oden's,Cold Extreme OP
Cold Portion OP,"<meta charset=""utf-8"">
<div class=""item flex"">
<div class=""title""></div>
</div>
<div class=""item flex"">
<div class=""info"">
<p>Der Odens Cold bietet, wie der Name es bereits sagt, ein kaltes Gefühl. Der Tabak wird optimal mit dem Minzgeschmack ausgeglichen und mit seinen 9 mg/g Nikotin zählt dieser <a href=""https://snushus.ch/collections/original-portion"">Original Portion</a> Snus, zu den schwachen Sorten der Marke <a href=""https://snushus.ch/collections/odens"">Oden's</a>.</p>
</div>
<div class=""info""></div>
<div class=""info"">
<div class=""info"">
<div class=""item flex""></div>
</div>
</div>
</div>",Cold Portion OP,Unisex,,,,,,,https://cdn.shopify.com/s/files/1/0072/0646/9679/products/1636397421938446_odens-cold-portion.jpg,,,,,4.80,0.00,1,G,1,IN,3,3,3,,,,
,,OD-1105-1,Unisex,Title,Default Title,,,,,,,,,,4.80,0.00,1,G,1,IN,3,3,3,,,Oden's,Cold Portion OP
Cold Extreme WDP Soft Pack,"<meta charset=""utf-8"">
<div class=""item flex"">
<div class=""title""></div>
</div>
<div class=""item flex"">
<div class=""info"">
<p>Oden's Cold Extreme WDP (White Dry Portion) ist ein eiskalter Portionssnus mit einer minzigen Frische. Ganz besonders tritt ein Geschmack von Spearmint aus dem ansonsten traditionellen, erdnahen Tabakgeschmack hervor. Oden's Cold Dry ist ein sogenannter trockener Portionssnus, der nicht rinnt und ein noch erfrischenderes Gefühl bietet als andere Snus dieser Serie. Odens zählt zusammen mit Siberia zu den beliebtesten Snusmarken der Schweiz. Ab sofort auch in den praktischen Soft Packs erhältlich!</p>
</div>
<div class=""info"">
<div class=""info"">
<div class=""item flex"">
<div class=""title""></div>
<div class=""title""></div>
</div>
</div>
</div>
</div>",Cold Extreme WDP Soft Pack,Unisex,,,,,,,https://cdn.shopify.com/s/files/1/0072/0646/9679/products/odens-cold-extreme-white-dry-portion-soft-packs.png,,,,,4.80,0.00,1,G,30000,IN,3,3,3,,,,
,,OD-1905-1,Unisex,Title,Default Title,,,,,,,,,,4.80,0.00,1,G,30000,IN,3,3,3,,,Oden's,Cold Extreme WDP Soft Pack
Double Mint Extreme OP,"Odens Double Mint Extreme Original Portion ist ein Produkt für traditionelle Snuser.<br data-mce-fragment=""1"">Durch die feuchten Beutel kommt der Nikotingehalt noch besser zur Wirkung als bei vergleichbaren Oden's Produkten.<br data-mce-fragment=""1"">Bereits beim Öffnen der Dose macht sich der intensive Minz Geschmack bemerkbar - unter der Lippe wird dieser zusätzlich verstärkt. Ein perfektes Produkt für Minz-Liebhaber!",Double Mint Extreme OP,Unisex,,,,,,,https://cdn.shopify.com/s/files/1/0072/0646/9679/products/odens-double-mint-original-portion.png,,,,,4.80,0.00,1,G,30,IN,3,3,3,,,,
,,OD-6005-1,Unisex,Title,Default Title,,,,,,,,,,4.80,0.00,1,G,30,IN,3,3,3,,,Oden's,Double Mint Extreme OP
Lemon WP,"<meta charset=""utf-8"">
<div class=""item flex"">
<div class=""title""></div>
</div>
<div class=""item flex"">
<div class=""info"">
<p>GN Tobacco kann auch anders! Mit dem Oden's Lemon White Portion wird der Tabak ausgezeichnet mit einem Citrus-Aroma vermischt. Das Produkt kommt mit 9 mg/g Nikotin in normalgrossen Portionen.</p>
</div>
<div class=""info""></div>
<div class=""info"">
<div class=""info"">
<div class=""item flex""></div>
</div>
</div>
</div>",Lemon WP,Unisex,,,,,,,https://cdn.shopify.com/s/files/1/0072/0646/9679/products/odens-lemon-white-portion.png,,,,,4.80,0.00,1,G,1,IN,3,3,3,,,,
,,OD-8005-1,Unisex,Title,Default Title,,,,,,,,,,4.80,0.00,1,G,1,IN,3,3,3,,,Oden's,Lemon WP
Mint WP,"<meta charset=""utf-8"">
<div class=""item flex"">
<div class=""title""></div>
</div>
<div class=""item flex"">
<div class=""info"">
<p>Oden's Mint White Portion besticht mit seiner Minz-Note, wobei der Tabak nicht zu kurz kommt. Ein White Portion Snus mit 9 mg/g Nikotin. </p>
</div>
<div class=""info""></div>
<div class=""info"">
<div class=""info"">
<div class=""item flex""></div>
</div>
</div>
</div>",Mint WP,Unisex,,,,,,,https://cdn.shopify.com/s/files/1/0072/0646/9679/products/odens-mint-white-portion.png,,,,,4.80,0.00,1,G,1,IN,3,3,3,,,,
,,OD-9005-1,Unisex,Title,Default Title,,,,,,,,,,4.80,0.00,1,G,1,IN,3,3,3,,,Oden's,Mint WP
Extreme OP,"Odens Cold Extreme Original Portion ist ein Produkt für traditionelle Snuser.<br data-mce-fragment=""1"">Durch die feuchten Beutel kommt der Nikotingehalt noch besser zur Wirkung als bei vergleichbaren Oden's Produkten.",Extreme OP,Unisex,,,,,,,https://cdn.shopify.com/s/files/1/0072/0646/9679/products/odens_extreme_original_portion.jpg,,,,,4.80,0.00,1,G,20,IN,3,3,3,,,,
,,OD-7105-1,Unisex,Title,Default Title,,,,,,,,,,4.80,0.00,1,G,20,IN,3,3,3,,,Oden's,Extreme OP
X WDP,"<meta charset=""utf-8"">
<div class=""item flex "">
<div class=""title"">
<div class=""info"">
<p><span>Offroad X ist wahrscheinlich der stärkste Snus der Welt: unglaubliche 45mg/g. Als White Dry Portion rinnt der Snus sehr wenig und überzeugt durch einen prominenten Minz-Menthol Geschmack. </span></p>
<p><br><br></p>
</div>
</div>
</div>
<div class=""item flex ""></div>",X WDP,Unisex,,,,,,,https://cdn.shopify.com/s/files/1/0072/0646/9679/products/offroad-arctic-xplorer-white-dry-portion.png,,,,,4.80,,1,G,30,IN,3,3,3,,,,
,,OF-1005-1,Unisex,Title,Default Title,,,,,,,,,,4.80,,1,G,30,IN,3,3,3,,,Offroad,X WDP
Original,"<meta charset=""utf-8"">
<div class=""item flex "">
<div class=""title"">
<div class=""info"">
<p><span>Ein rauchloses Tabakprodukt aus Dänemark. Geeignet als Ersatzprodukt für Zigaretten. Die kleinen Oliver Twist Tabakdragees entfalten ihre Wirkung unter der Lippe und stillen die Lust zu Rauchen.</span></p>
</div>
</div>
</div>
<div class=""item flex ""></div>",Original,Unisex,,,,,,,https://cdn.shopify.com/s/files/1/0072/0646/9679/products/original.png,,,,,6.40,,1,G,30,IN,3,3,3,,,,
,,OT-1000-1,Unisex,Menge auswählen,1 Dose à 6.40,,,,,,,,,,6.40,,1,G,30,IN,3,3,3,,,Oliver Twist,Original
Blå WP,"Die One-Serie von Swedish Match soll die Klassiker ehren: Inspiert von Göteborgs Rapé wurde der ONE Blå White Portion entwickelt. Der Geschmack kommt mit einer Note von Wacholder, wobei der traditionelle Tabakgeschmack nicht zu kurz kommt. Dieser Snus hat eine Stärke von 13 mg/g Nikotin.",Blå WP,Unisex,,,,,,,https://cdn.shopify.com/s/files/1/0072/0646/9679/products/one-bla-white-portion.png,,,,,4.90,0.00,1,G,1,IN,3,3,3,,,,
,,OE-3005-1,Unisex,Title,Default Title,,,,,,,,,,4.90,0.00,1,G,1,IN,3,3,3,,,ONE,Blå WP
Vit WP,"<meta charset=""utf-8"">
<div class=""item flex"">
<div class=""title"">
<div class=""info"">
<p>Die One-Serie von Swedish Match soll die Klassiker ehren: Der ONE Vit White Portion ist dabei von General inspiert und besticht mit seinem traditionellen Tabakgeschmack. Auch seine 13 mg/g Nikotin weichen dabei vom Konzept nicht ab. Eine tolle Homage!</p>
</div>
</div>
</div>
<div class=""item flex""></div>",Vit WP,Unisex,,,,,,,https://cdn.shopify.com/s/files/1/0072/0646/9679/products/one-vit-white-portion.png,,,,,4.90,0.00,1,G,1,IN,3,3,3,,,,
,,OE-1005-1,Unisex,Title,Default Title,,,,,,,,,,4.90,0.00,1,G,1,IN,3,3,3,,,ONE,Vit WP
Röd WP,Inspiriert von Göteborgs Rapé bringt Swedish Match mit dem ONE Röd WP eine weitere Sorte. Dieser White Portion Snus kommt mit einem angenehmen Nikotingehalt von 13 mg/g und dem Aroma von Waldbeeren.,Röd WP,Unisex,,,,,,,https://cdn.shopify.com/s/files/1/0072/0646/9679/products/one_r_d_white_portion.jpg,,,,,4.90,0.00,1,G,20,IN,3,3,3,,,,
,,OE-5005-1,Unisex,Title,Default Title,,,,,,,,,,4.90,0.00,1,G,20,IN,3,3,3,,,ONE,Röd WP
Grön WP,"<meta charset=""utf-8"">
<div class=""item flex"">
<div class=""title"">
<div class=""info"">
<p>Die One-Serie von Swedish Match soll die Klassiker ehren: Der ONE Grön White Portion Snus riecht nach feinen Früchten, Beeren, Kräutern und erinnert dabei an die schwedischen Wälder. Der ""Grüne"" der One-Serie ist dabei ebenfalls an den klassiker Göteborgs Rapé angelehnt und kommt mit 13 mg/g Nikotin.</p>
</div>
</div>
</div>
<div class=""item flex""></div>",Grön WP,Unisex,,,,,,,https://cdn.shopify.com/s/files/1/0072/0646/9679/products/one-gron-white-portion.png,,,,,4.90,0.00,1,G,1,IN,3,3,3,,,,
,,OE-4005-1,Unisex,Title,Default Title,,,,,,,,,,4.90,0.00,1,G,1,IN,3,3,3,,,ONE,Grön WP
Gul WP,"<meta charset=""utf-8"">
<div class=""item flex"">
<div class=""title"">
<div class=""info"">
<p>Die One-Serie von Swedish Match soll die Klassiker ehren: Bei diesem Snus hat sich der Hersteller von General inspirieren lassen und dem traditionellen Tabakgeschmack eine Zitrus-Note hinzugegeben. Das Resultat ist der ONE Gul White Portion mit 13 mg/g Nikotin. Ein Produkt für Liebhaber!</p>
</div>
</div>
</div>
<div class=""item flex""></div>",Gul WP,Unisex,,,,,,,https://cdn.shopify.com/s/files/1/0072/0646/9679/products/one-gul-white-portion.png,,,,,4.90,0.00,1,G,1,IN,3,3,3,,,,
,,OE-2005-1,Unisex,Title,Default Title,,,,,,,,,,4.90,0.00,1,G,1,IN,3,3,3,,,ONE,Gul WP
Original Portion,"<meta charset=""utf-8"">
<div class=""item flex"">
<div class=""title""></div>
</div>
<div class=""item flex"">
<div class=""info"">
<p>Göteborgs Rapé ist ein absoluter Klassiker aus Schweden und wird dort seit mehr als 100 Jahren hergestellt. Heller Tabakgeschmack mit Spuren von Citrus und Lavendel tragen zum unverwechselbaren Geschmack dieses Produkts bei. Als Original Portion ist dieser Snus feucht und erlaubt somit ein intensiveres Geschmackserlebnis.</p>
</div>
<div class=""info""></div>
</div>",Original Portion,Unisex,,,,,,,https://cdn.shopify.com/s/files/1/0072/0646/9679/files/Goeteborgs_rape_original_portion_sized.png,,,,,5.90,,1,G,30,IN,3,3,3,,,,
,,GR-1005-1,Unisex,Title,Default Title,,,,,,,,,,5.90,,1,G,30,IN,3,3,3,,,Göteborgs Rapé,Original Portion
Extra Strong OP,"<meta charset=""utf-8"">
<div class=""item flex "">
<div class=""title"">
<div class=""info"">
<p><span>General Extra Stark Original Portion ist ein starker Snus mit kräftigem Tabakgeschmack. Dazu gesellt sich ein leichter Hauch von Citrus sowie Bergamotte und Tee. Als Teil der General-Serie ist dieser Snus ein absoluter Klassiker - hergestellt vom Marktführer Swedish Match.</span></p>
</div>
</div>
</div>
<div class=""item flex ""></div>",Extra Strong OP,Unisex,,,,,,,https://cdn.shopify.com/s/files/1/0072/0646/9679/files/general-extra-strong-portion-2023-design.png,,,,,5.20,,1,G,300,IN,3,3,3,,,,
,,GE-1005-1,Unisex,Title,Default Title,,,,,,,,,,5.20,,1,G,300,IN,3,3,3,,,General,Extra Strong OP
Ettan OP,"<meta charset=""utf-8"">
<div class=""item flex "">
<div class=""title""></div>
</div>
<div class=""item flex "">
<div class=""info"">
<p><span>ETTAN - DAS ORIGINAL. Ettan Original Portion kommt mit traditionellem Tabakgeschmack. Voll, robust und leicht rauchig. Die Portionen sind geschmacksgefüllt aber aussenrum trocken und bieten langanhaltende Geschmacksfreisetzung. </span></p>
<p><span>Ettan ist Tradition und </span>eine der ältesten Snusmarken Schwedens. Das Rezept wurde <span>seit 1822 im Grossen und Ganzen nicht verändert. Der traditionelle Tabak-Geschmack ist hier etwas milder, weshalb die rauchigen Aromen gut zur Geltung kommen, des Weiteren können Einschläge von Heu, Teer und Malz und auch ein Hauch dunkler Schokolade erahnt werden. </span></p>
</div>
<div class=""info"">
<div class=""info""> </div>
</div>
</div>",Ettan OP,Unisex,,,,,,,https://cdn.shopify.com/s/files/1/0072/0646/9679/products/ettan-original-portion.png,,,,,5.90,0.00,1,G,30,IN,3,3,3,,,,
,,ET-1005-1,Unisex,Title,Default Title,,,,,,,,,,5.90,0.00,1,G,30,IN,3,3,3,,,Ettan,Ettan OP
Black -80 Degrees OP,"<meta charset=""utf-8"">
<div class=""item flex"">
<div class=""title"">
<div class=""info"">
<p>NEU! Den beliebten Siberia gibt es nun auch in schwarz - schöne Dose und ein gewohnt starker Nikotinkick. Siberia Black -80 Degrees Original Portion ist ein Portionssnus mit einem sehr deutlichen Tabakgeschmack. Dieser Snus hat einen extrem hohen Nikotingehalt und eine Portion enthält mehr als fünfmal so viel Nikotin wie normal starker Snus (8 mg/g). Wird Menschen, die Nikotin gegenüber empfindlich sind, weniger empfohlen. Siberia zählt zusammen mit <a href=""https://snushus.ch/collections/odens"" title=""Odens"">Oden‘s</a> zu den beliebtesten Snusmarken der Schweiz. <span>Bei Fragen, Wünschen oder Anregungen </span><span>kannst du </span><span>uns </span><span>gerne auf der </span><span></span><a href=""https://snushus.ch/pages/kontakt"" title=""Kontakt"">Kontaktseite</a><span> s</span><span>chreiben</span><span>.</span></p>
</div>
</div>
</div>
<div class=""item flex""></div>",Black -80 Degrees OP,Unisex,,,,,,,https://cdn.shopify.com/s/files/1/0072/0646/9679/products/siberia-black-original-portion.png,,,,,5.20,,1,G,30,IN,3,3,3,,,,
,,SI-3005-1,Unisex,Title,Default Title,,,,,,,,,,5.20,,1,G,30,IN,3,3,3,,,Siberia,Black -80 Degrees OP
Cold Extreme OP,"Odens Cold Extreme Original Portion ist ein Produkt für traditionelle Snuser.<br data-mce-fragment=""1"">Durch die feuchten Beutel kommt der Nikotingehalt noch besser zur Wirkung als bei vergleichbaren Oden's Produkten.<br data-mce-fragment=""1"">Bereits beim Öffnen der Dose macht sich der intensive Minz Geschmack bemerkbar - unter der Lippe wird dieser zusätzlich verstärkt. Ein perfektes Produkt für Minz-Liebhaber!",Cold Extreme OP,Unisex,,,,,,,https://cdn.shopify.com/s/files/1/0072/0646/9679/products/1624966183962937_odens-cold-extreme-original-portion.jpg,,,,,4.80,,1,G,1,IN,3,3,3,,,,
,,OD-7005-1,Unisex,Title,Default Title,,,,,,,,,,4.80,,1,G,1,IN,3,3,3,,,Oden's,Cold Extreme OP
Black -80 Degrees OP Slim,"<meta charset=""utf-8"">
<div class=""item flex"">
<div class=""title"">
<div class=""info"">
<p>Den beliebten Siberia gibt es nun auch in schwarz - schöne Dose und ein gewohnt starker Nikotinkick. Siberia Black -80 Degrees Original Portion ist ein Portionssnus mit einem sehr deutlichen Tabakgeschmack. Dieser Snus hat einen extrem hohen Nikotingehalt und eine Portion enthält mehr als fünfmal so viel Nikotin wie normal starker Snus (8 mg/g). Wird Menschen, die Nikotin gegenüber empfindlich sind, weniger empfohlen. Siberia zählt zusammen mit <a href=""https://snushus.ch/collections/odens"" title=""Odens"">Oden‘s</a> zu den beliebtesten Snusmarken der Schweiz. <span>Bei Fragen, Wünschen oder Anregungen </span><span>kannst du </span><span>uns </span><span>gerne auf der </span><span></span><a href=""https://snushus.ch/pages/kontakt"" title=""Kontakt"">Kontaktseite</a><span> s</span><span>chreiben</span><span>.</span></p>
</div>
</div>
</div>
<div class=""item flex""></div>",Black -80 Degrees OP Slim,Unisex,,,,,,,https://cdn.shopify.com/s/files/1/0072/0646/9679/products/1631821498559209_siberia-black-original-portion-slim.jpg,,,,,5.20,0.00,1,G,1,IN,3,3,3,,,,
,,SI-3015-1,Unisex,Title,Default Title,,,,,,,,,,5.20,0.00,1,G,1,IN,3,3,3,,,Siberia,Black -80 Degrees OP Slim
Cold Portion OP,"<meta charset=""utf-8"">
<div class=""item flex"">
<div class=""title""></div>
</div>
<div class=""item flex"">
<div class=""info"">
<p>Der Odens Cold bietet, wie der Name es bereits sagt, ein kaltes Gefühl. Der Tabak wird optimal mit dem Minzgeschmack ausgeglichen und mit seinen 9 mg/g Nikotin zählt dieser <a href=""https://snushus.ch/collections/original-portion"">Original Portion</a> Snus, zu den schwachen Sorten der Marke <a href=""https://snushus.ch/collections/odens"">Oden's</a>.</p>
</div>
<div class=""info""></div>
<div class=""info"">
<div class=""info"">
<div class=""item flex""></div>
</div>
</div>
</div>",Cold Portion OP,Unisex,,,,,,,https://cdn.shopify.com/s/files/1/0072/0646/9679/products/1636397421938446_odens-cold-portion.jpg,,,,,4.80,0.00,1,G,1,IN,3,3,3,,,,
,,OD-1105-1,Unisex,Title,Default Title,,,,,,,,,,4.80,0.00,1,G,1,IN,3,3,3,,,Oden's,Cold Portion OP
Frosted OP,"<meta charset=""utf-8"">
<div class=""item flex "">
<div class=""title"">
<div class=""info"">
<p><span>Thunder Frosted Original Portion ist ein richtig starker Snus mit einem kräftigen und minzigen Geschmack - dazu gesellt sich die beachtliche Nikotinstärke wie bei den meisten der Thunder Produkte. Als spezielle Eigenschaft kommt die Dose mit einem Doppeldeckel für die gebrauchten Portionen.</span></p>
</div>
</div>
</div>
<div class=""item flex ""></div>",Frosted OP,Unisex,,,,,,,https://cdn.shopify.com/s/files/1/0072/0646/9679/products/thunder-frosted-original-portion.png,,,,,4.80,,1,G,30,IN,3,3,3,,,,
,,TH-1005-1,Unisex,Title,Default Title,,,,,,,,,,4.80,,1,G,30,IN,3,3,3,,,Thunder,Frosted OP
Double Mint Extreme OP,"Odens Double Mint Extreme Original Portion ist ein Produkt für traditionelle Snuser.<br data-mce-fragment=""1"">Durch die feuchten Beutel kommt der Nikotingehalt noch besser zur Wirkung als bei vergleichbaren Oden's Produkten.<br data-mce-fragment=""1"">Bereits beim Öffnen der Dose macht sich der intensive Minz Geschmack bemerkbar - unter der Lippe wird dieser zusätzlich verstärkt. Ein perfektes Produkt für Minz-Liebhaber!",Double Mint Extreme OP,Unisex,,,,,,,https://cdn.shopify.com/s/files/1/0072/0646/9679/products/odens-double-mint-original-portion.png,,,,,4.80,0.00,1,G,30,IN,3,3,3,,,,
,,OD-6005-1,Unisex,Title,Default Title,,,,,,,,,,4.80,0.00,1,G,30,IN,3,3,3,,,Oden's,Double Mint Extreme OP
Americana OP,"<meta charset=""utf-8"">
<div class=""item flex"">
<div class=""title"">
<div class=""info"">
<p>Eine aussergewöhnlichere Geschmacksmischung findet man wohl kaum auf dem Snusmarkt: Kirsche, Wintergrün und Zimt! Der Nick &amp; Johnny Americana erinnert, wie es der Name vermuten lässt, an Root Beer! Mit dem hohen Feuchtigkeitsanteil und seinen 14 mg/g Nikotin ist dieser Original Portion Snus etwas für Snuser die ein intensives Snus Erlebnis suchen!<br><br></p>
</div>
</div>
</div>
<div class=""item flex""></div>",Americana OP,Unisex,,,,,,,https://cdn.shopify.com/s/files/1/0072/0646/9679/products/1636553570015423_nick-johnny-americana-xtra-strong-portion.jpg,,,,,5.90,0.00,1,G,1,IN,3,3,3,,,,
,,NJ-4005-1,Unisex,Title,Default Title,,,,,,,,,,5.90,0.00,1,G,1,IN,3,3,3,,,Nick & Johnny,Americana OP
Crushed Ice OP,"<meta charset=""utf-8"">
<div class=""item flex"">
<div class=""title"">
<div class=""info"">
<p>Die beliebteste Variante von Nick &amp; Johnny trifft auf tradionelles Snus Erlebnis: Der Nick &amp; Johnny Crushed Ice Xtra Strong Original Portion bietet ein Minz/Menthol Geschmackserlebnis in etwas feuchteren Beuteln. </p>
</div>
</div>
</div>
<div class=""item flex""></div>",Crushed Ice OP,Unisex,,,,,,,https://cdn.shopify.com/s/files/1/0072/0646/9679/products/1636553542143900_nick-johnny-crushed-ice-xtra-strong-portion.jpg,,,,,5.90,0.00,1,G,1,IN,3,3,3,,,,
,,NJ-2005-1,Unisex,Title,Default Title,,,,,,,,,,5.90,0.00,1,G,1,IN,3,3,3,,,Nick & Johnny,Crushed Ice OP
Red Hot OP,"<meta charset=""utf-8"">
<div class=""item flex"">
<div class=""title"">
<div class=""info"">
<p>Wenn der Teufel einen Snus kreiert hätte, wäre es wohl der Nick &amp; Johnny Red Hot! Chilli, Zimt und Nelke wobei der Tabakgeschmack nicht zu kurz kommt. Eine Teufelsmischung.</p>
</div>
</div>
</div>
<div class=""item flex""></div>",Red Hot OP,Unisex,,,,,,,https://cdn.shopify.com/s/files/1/0072/0646/9679/products/1636553523511898_nick-johnny-red-hot-xtra-strong-portion.jpg,,,,,4.70,0.00,1,G,1,IN,3,3,3,,,,
,,NJ-1005-1,Unisex,Title,Default Title,,,,,,,,,,4.70,0.00,1,G,1,IN,3,3,3,,,Nick & Johnny,Red Hot OP
Glögg & Kanel OP,"<meta charset=""utf-8"">
<div class=""item flex"">
<div class=""title""></div>
</div>
<div class=""item flex"">
<div class=""info"">
<div class=""info"">
<p>Weihnachtszeit ist Glühweinzeit und da darf der passende Snus nicht fehlen!<br></p>
<p>Jakobssons, bekannt für ihre intensive Aromen, bringen mit dem ""Glögg &amp; Kanel OP"" den perfekten Wintersnus. Übersetzt steht der Name für ""Glühwein &amp; Zimt"" und das beschreibt diesen Snus auch schon zu genügend.</p>
<p>Ein herrliches Aroma, mit feinstem Tabak gibt diesem Snus eine ausgezeichnete Note. </p>
</div>
<div class=""info"">
<div class=""info"">
<div class=""item flex""></div>
</div>
</div>
</div>
<div class=""info"">
<div class=""item flex""></div>
</div>
</div>",Glögg & Kanel OP,Unisex,,,,,,,https://cdn.shopify.com/s/files/1/0072/0646/9679/products/jakobssons-gloegg-kanel-original-portion.png,,,,,5.90,,1,G,1,IN,3,3,3,,,,
,,JK-3005-1,Unisex,Title,Default Title,,,,,,,,,,5.90,,1,G,1,IN,3,3,3,,,Jakobssons,Glögg & Kanel OP
Extreme OP,"Odens Cold Extreme Original Portion ist ein Produkt für traditionelle Snuser.<br data-mce-fragment=""1"">Durch die feuchten Beutel kommt der Nikotingehalt noch besser zur Wirkung als bei vergleichbaren Oden's Produkten.",Extreme OP,Unisex,,,,,,,https://cdn.shopify.com/s/files/1/0072/0646/9679/products/odens_extreme_original_portion.jpg,,,,,4.80,0.00,1,G,20,IN,3,3,3,,,,
,,OD-7105-1,Unisex,Title,Default Title,,,,,,,,,,4.80,0.00,1,G,20,IN,3,3,3,,,Oden's,Extreme OP
Brown -80 Degrees OP,"<div class=""item flex"">
<div class=""title"">
<div class=""info"">
<p>Siberia Braun Original Portion ist der traditionelle Bruder des <a href=""https://snushus.ch/products/siberia-snus-rot-80-degrees-white-dry-portion"">roten Siberia</a>. Ein Portion Snus mit Minz Aroma und den bekannten 43 mg/g Nikotin! </p>
</div>
</div>
</div>
<div class=""item flex""><br></div>",Brown -80 Degrees OP,Unisex,,,,,,,https://cdn.shopify.com/s/files/1/0072/0646/9679/products/1636398926398455_siberia-brown-original-portion.jpg,,,,,5.20,0.00,1,G,1,IN,3,3,3,,,,
,,SI-5005-1,Unisex,Title,Default Title,,,,,,,,,,5.20,0.00,1,G,1,IN,3,3,3,,,Siberia,Brown -80 Degrees OP
Ice Cold AW,<span>Die Pablo-Nikotinbeutel sind auf dem europäischen Markt sehr beliebt und werden aufgrund ihrer starken Nikotinabgabe schon seit Jahren verwendet.</span>,Ice Cold AW,Unisex,,,,,,,https://cdn.shopify.com/s/files/1/0072/0646/9679/products/6d83f66db85a8b33b6183e2b94acd5f0.jpg,,,,,5.20,0.00,1,G,28000,IN,3,3,3,,,,
,,PA-1005-1,Unisex,Title,Default Title,,,,,,,,,,5.20,0.00,1,G,28000,IN,3,3,3,,,Pablo,Ice Cold AW
Red AW,"<span>Pablo Red, der einzige Nikotinbeutel auf dem Markt mit gleichzeitig kühlender und brennender Wirkung! </span>",Red AW,Unisex,,,,,,,https://cdn.shopify.com/s/files/1/0072/0646/9679/products/PabloRedAW.png,,,,,5.20,0.00,1,G,28000,IN,3,3,3,,,,
,,PA-2005-1,Unisex,Title,Default Title,,,,,,,,,,5.20,0.00,1,G,28000,IN,3,3,3,,,Pablo,Red AW
Cold Extreme WDP,"<meta charset=""utf-8"">
<div class=""item flex "">
<div class=""title""></div>
</div>
<div class=""item flex "">
<div class=""info"">
<p>Oden's Cold Extreme WDP (<strong>White Dry Portion</strong>) ist ein eiskalter Portionssnus mit einer minzigen Frische. Ganz besonders tritt ein Geschmack von Spearmint aus dem ansonsten traditionellen, erdnahen Tabakgeschmack hervor. Oden's Cold Dry ist ein sogenannter trockener Portionssnus, der nicht rinnt und ein noch erfrischenderes Gefühl bietet als andere Snus dieser Serie. Odens zählt zusammen mit <a href=""https://snushus.ch/collections/siberia"" title=""Siberia"">Siberia </a>zu den beliebtesten Snusmarken der Schweiz. Bei Fragen, Wünschen oder Anregungen kannst du uns gerne auf der <a href=""https://snushus.ch/pages/kontakt"" title=""Kontakt"">Kontaktseite</a> schreiben.</p>
</div>
<div class=""info""></div>
<div class=""info"">
<div class=""info"">
<div class=""item flex ""></div>
</div>
</div>
</div>",Cold Extreme WDP,Unisex,,,,,,,https://cdn.shopify.com/s/files/1/0072/0646/9679/files/Snus_Container_Top_View_Odens_Cold_Dry.png,,,,,4.80,,1,G,30,IN,3,3,3,,,,
,,OD-1005-1,Unisex,Title,Default Title,,,,,,,,,,4.80,,1,G,30,IN,3,3,3,,,Oden's,Cold Extreme WDP
Cold Extreme WP,"<meta charset=""utf-8"">
<div class=""item flex "">
<div class=""title""></div>
</div>
<div class=""item flex "">
<div class=""info"">
<p>Oden's Cold Extreme White Portion ist ein Portionssnus mit einem süssen Minzgeschmack und viel Nikotin. Das Tabakaroma ist hervorstechend und verleiht dem Snus einen traditionellen Geschmack, zusammen mit der Minze. <span>Zusammen mit </span><a href=""https://snushus.ch/collections/siberia"" title=""Siberia"">Siberia<span> </span></a><span>gehört Oden´s zu den beliebtesten Snus-Marken. </span><span>Bei Fragen, Wünschen oder Anregungen </span><span>kannst du </span><span>uns </span><span>gerne auf der </span><span></span><a href=""https://snushus.ch/pages/kontakt"" title=""Kontakt"">Kontaktseite</a><span> s</span><span>chreiben</span><span>.</span></p>
</div>
<div class=""info"">
<div class=""info"">
<div class=""item flex "">
<div class=""title""></div>
<div class=""title""></div>
</div>
</div>
</div>
</div>",Cold Extreme WP,Unisex,,,,,,,https://cdn.shopify.com/s/files/1/0072/0646/9679/files/Snus_Container_Top_View_Odens_Cold_Extreme_WP.png,,,,,4.80,,1,G,30,IN,3,3,3,,,,
,,OD-2005-1,Unisex,Title,Default Title,,,,,,,,,,4.80,,1,G,30,IN,3,3,3,,,Oden's,Cold Extreme WP
Double Mint Extreme WP,"<meta charset=""utf-8"">
<div class=""item flex "">
<div class=""title""></div>
</div>
<div class=""item flex "">
<div class=""info"">
<div class=""info"">
<p>Oden's Double Mint Extreme Portion ist ein sehr hoher Nikotin-Snack. Der Geschmack, der während der Verwendung erscheint, ist scharf und der Pfefferminze zuliebe. Zusammen mit <a href=""https://snushus.ch/collections/siberia"" title=""Siberia"">Siberia </a>gehört Oden´s zu den beliebtesten Snus-Marken. <span>Bei Fragen, Wünschen oder Anregungen </span><span>kannst du </span><span>uns </span><span>gerne auf der </span><span></span><a href=""https://snushus.ch/pages/kontakt"" title=""Kontakt"">Kontaktseite</a><span> s</span><span>chreiben</span><span>.</span></p>
</div>
<div class=""info"">
<div class=""info"">
<div class=""item flex "">
<div class=""title""></div>
</div>
</div>
</div>
</div>
<div class=""info"">
<div class=""info""></div>
</div>
</div>",Double Mint Extreme WP,Unisex,,,,,,,https://cdn.shopify.com/s/files/1/0072/0646/9679/files/Snus_Container_Top_View_Odens_Double_Mint_Extreme_WP.png,,,,,4.80,,1,G,30,IN,3,3,3,,,,
,,OD-3005-1,Unisex,Title,Default Title,,,,,,,,,,4.80,,1,G,30,IN,3,3,3,,,Oden's,Double Mint Extreme WP
Blau -80 Degrees WP,"<meta charset=""utf-8"">
<div class=""item flex"">
<div class=""title"">
<div class=""info"">
<div class=""info"">
<p>Siberia White Portion ist ein starker Snus mit hohem Nikotingehalt und Minzgeschmack. Der Snus hat einen Nikotingehalt von 24 mg/g und es gibt ihn nun auch in der Portionsform zu kaufen. Der Snus hat einen würzigen Geschmack nach Minze, der lange anhält. Der hohe Nikotingehalt wird durch einen hohen Feuchtigkeitsgehalt von 45 % ausgeglichen, was unüblich ist für starke Snus-Sorten. Siberia gehört zusammen zu <a title=""Oden´s"" href=""https://snushus.ch/collections/odens"">Oden´s</a> zu den beliebtesten Snus-Marken. <span>Bei Fragen, Wünschen oder Anregungen </span><span>kannst du </span><span>uns </span><span>gerne auf der </span><span></span><a title=""Kontakt"" href=""https://snushus.ch/pages/kontakt"">Kontaktseite</a><span> s</span><span>chreiben</span><span>.</span></p>
</div>
<div class=""info"">
<div class=""info"">
<div class=""item flex""></div>
</div>
</div>
</div>
<div class=""info""></div>
<div class=""info"">
<div class=""info"">
<div class=""item flex""></div>
</div>
</div>
</div>
</div>
<div class=""item flex""></div>",Blau -80 Degrees WP,Unisex,,,,,,,https://cdn.shopify.com/s/files/1/0072/0646/9679/files/Snus_Container_Top_View_Siberia_White_Ice_Cold.png,,,,,5.20,,1,G,30,IN,3,3,3,,,,
,,SI-2005-1,Unisex,Title,Default Title,,,,,,,,,,5.20,,1,G,30,IN,3,3,3,,,Siberia,Blau -80 Degrees WP
Blau -80 Degrees WP Slim,"<meta charset=""utf-8"">
<div class=""item flex "">
<div class=""title"">
<div class=""info"">
<div class=""info"">
<p>Siberia White Portion ist ein starker Snus mit hohem Nikotingehalt und Minzgeschmack. Der Snus hat einen Nikotingehalt von 24 mg/g und es gibt ihn nun auch in der Portionsform zu kaufen. Der Snus hat einen würzigen Geschmack nach Minze, der lange anhält. Der hohe Nikotingehalt wird durch einen hohen Feuchtigkeitsgehalt von 45 % ausgeglichen, was unüblich ist für starke Snus-Sorten. Wie auch <a href=""https://snushus.ch/collections/odens"" title=""Oden´s"">Oden´s</a> gehört Siberia zu den beliebtesten Marken auf dem Markt. Bei Fragen, Wünschen oder Anregungen kannst du uns gerne auf der <a href=""https://snushus.ch/pages/kontakt"" title=""Kontakt"">Kontaktseite </a>schreiben. </p>
</div>
<div class=""info"">
<div class=""info"">
<div class=""item flex "">
<div class=""title""></div>
</div>
</div>
</div>
</div>
</div>
</div>",Blau -80 Degrees WP Slim,Unisex,,,,,,,https://cdn.shopify.com/s/files/1/0072/0646/9679/files/siberia-blue-white-slim-portion.png,,,,,5.20,0.00,1,G,30,IN,3,3,3,,,,
,,SI-2015-1,Unisex,Title,Default Title,,,,,,,,,,5.20,0.00,1,G,30,IN,3,3,3,,,Siberia,Blau -80 Degrees WP Slim
Africaine Bentchikou,<span>Makla Kautabake werden alle ohne künstliche Aroma- und Zusatzstoffe nach traditionellen Rezepturen hergestellt. Nimm mit den Fingern eine Portion heraus und kneten es zu einer kleinen Kugel. Platziere die Kugel dann unter Deiner Oberlippe. Der Makla Kautabak entfaltet seine volle Wirkung nach ca. 15 bis 60 Minuten. </span><br>,Africaine Bentchikou,Unisex,,,,,,,https://cdn.shopify.com/s/files/1/0072/0646/9679/products/Makla_Africaine_Bentchikousized.png,,,,,5.00,0.00,1,G,30000,IN,3,3,3,,,,
,,MA-1000-1,Unisex,Title,Default Title,,,,,,,,,,5.00,0.00,1,G,30000,IN,3,3,3,,,Makla,Africaine Bentchikou
Soldat WP,"<meta charset=""utf-8"">
<div class=""item flex "">
<div class=""title""></div>
</div>
<div class=""item flex "">
<div class=""info"">
<p>Ein Snus mit klarem und frischem Geschmack. Er erhebt sich nicht, ist nicht aufdringlich und beeinträchtigt nicht Ihre Geschmacksknospen. Der Soldat ist da. Sicher, stabil und zur richtigen Zeit am richtigen Ort.</p>
</div>
<div class=""info"">
<div class=""info""></div>
</div>
</div>",Soldat WP,Unisex,,,,,,,https://cdn.shopify.com/s/files/1/0072/0646/9679/products/soldat-white-portion.png,,,,,3.90,,1,G,30,IN,3,3,3,,,,
,,SO-1005-1,Unisex,Title,Default Title,,,,,,,,,,3.90,,1,G,30,IN,3,3,3,,,Soldat,Soldat WP
Morgondagg WP,"<meta charset=""utf-8"">
<div class=""item flex "">
<div class=""title""></div>
</div>
<div class=""item flex "">
<div class=""info"">
<p>Im Kurbits Morgondagg (Morgentau) finden wir die Düfte und Erwartungen eines milden Mittsommermorgens. Blumen, Süße, Lakritz und eine vertraute Kühle von einem Morgen, der nicht wirklich von den Sonnenstrahlen erwärmt wurde. Der Tabak wurde gemischt und verarbeitet, um sich leicht, ansprechend und frisch anzufühlen.</p>
</div>
<div class=""info"">
<div class=""info""></div>
</div>
</div>",Morgondagg WP,Unisex,,,,,,,https://cdn.shopify.com/s/files/1/0072/0646/9679/products/kurbits-morgondagg-white-portion.png,,,,,3.90,,1,G,30,IN,3,3,3,,,,
,,KU-1005-1,Unisex,Title,Default Title,,,,,,,,,,3.90,,1,G,30,IN,3,3,3,,,Kurbits,Morgondagg WP
Cold Extreme WDP Slim,"<meta charset=""utf-8"">
<div class=""item flex "">
<div class=""title""></div>
</div>
<div class=""item flex "">
<div class=""info"">
<div class=""info"">
<p>Oden's Extreme Cold Dry ist ein eiskalter Portionssnus mit einer minzigen Frische. Ganz besonders tritt ein Geschmack von Spearmint aus dem ansonsten traditionellen, erdnahen Tabakgeschmack hervor. Oden's Cold Dry ist ein sogenannter trockener Portionssnus, der nicht rinnt und ein noch erfrischenderes Gefühl bietet als andere Snus dieser Serie. Oden‘s zählt zusammen mit Siberia zu den beliebtesten Snusmarken der Schweiz.</p>
</div>
<div class=""info"">
<div class=""info"">
<div class=""item flex ""></div>
</div>
</div>
</div>
<div class=""info"">
<div class=""item flex ""></div>
</div>
</div>",Cold Extreme WDP Slim,Unisex,,,,,,,https://cdn.shopify.com/s/files/1/0072/0646/9679/files/odens-cold-extreme-white-dry-slim-portion.png,,,,,4.60,,1,G,30,IN,3,3,3,,,,
,,OD-1015-1,Unisex,Title,Default Title,,,,,,,,,,4.60,,1,G,30,IN,3,3,3,,,Oden's,Cold Extreme WDP Slim
Fäbodsnus WP,"<meta charset=""utf-8"">
<div class=""item flex "">
<div class=""title""></div>
</div>
<div class=""item flex "">
<div class=""info"">
<p>Der Kurbits Fäbodsnus (Bauernhof-Snus) vereint die traditionellen Aromen und Düfte der Älteren Generationen des Snushandwerks. Ein klarer Geschmack aus rustikalem Tabak trifft auf sonnenverwöhnte Blumenwiesen und klare Noten von Süsse und Vanille. Die nüchternen, aber auch praktischen Gegebenheiten der Landwirtschaft und ihre abegehärteten Besitzer geben die Inspiration für einen Snus mit einem sehr ausgeprägten Geschmack und Geruch.</p>
</div>
<div class=""info"">
<div class=""info""></div>
</div>
</div>",Fäbodsnus WP,Unisex,,,,,,,https://cdn.shopify.com/s/files/1/0072/0646/9679/products/kurbits-fabodsnus-white-portion.png,,,,,3.90,,1,G,30,IN,3,3,3,,,,
,,KU-2005-1,Unisex,Title,Default Title,,,,,,,,,,3.90,,1,G,30,IN,3,3,3,,,Kurbits,Fäbodsnus WP
White Fox Full Charge AW,"<meta charset=""utf-8"">
<div class=""item flex "">
<div class=""title"">
<div class=""info"">
<div class=""info"">
<p>Unter der Marke White Fox vertreibt der Produzent von <a href=""https://snushus.ch/collections/odens"" title=""Oden's"">Oden's</a> und <a href=""https://snushus.ch/collections/siberia"" title=""Siberia"">Siberia </a>(GN Tobacco) seine All White Portionsbeutel. Der White Fox Full Charge kommt mit einem eisigen Minzgeschmack im grossen Beutel.</p>
<p> </p>
<p> <span>Auf aromatisierter Zellulosebasis und völlig frei von Tabak kommen auch die</span><span> White Fox </span><span>Beutel im Slim Format. Ohne Tabak bedeutet ohne gewöhnungsbedürftigen Tabakgeruch sowie ohne jegliche Tabakschadstoffe - aktuell gibt es weltweit keine weniger schädliche Art, Nikotin zu konsumieren. All White Snus / Nicotine Pouches bietet sich deshalb vor allem Rauchern an, welche mit Rauchentwöhnung wie Nikotinpflaster, Nikotinkaugummi oder Nikotinspray nichts anfangen können.</span></p>
</div>
</div>
</div>
</div>
<div class=""item flex ""></div>",White Fox Full Charge AW,Unisex,,,,,,,https://cdn.shopify.com/s/files/1/0072/0646/9679/products/white-fox-full-charge-all-white.png,,,,,5.20,,1,G,30,IN,3,3,3,,,,
,,WF-2005-1,Unisex,Title,Default Title,,,,,,,,,,5.20,,1,G,30,IN,3,3,3,,,White Fox,White Fox Full Charge AW
Ettan OP,"<meta charset=""utf-8"">
<div class=""item flex "">
<div class=""title""></div>
</div>
<div class=""item flex "">
<div class=""info"">
<p><span>ETTAN - DAS ORIGINAL. Ettan Original Portion kommt mit traditionellem Tabakgeschmack. Voll, robust und leicht rauchig. Die Portionen sind geschmacksgefüllt aber aussenrum trocken und bieten langanhaltende Geschmacksfreisetzung. </span></p>
<p><span>Ettan ist Tradition und </span>eine der ältesten Snusmarken Schwedens. Das Rezept wurde <span>seit 1822 im Grossen und Ganzen nicht verändert. Der traditionelle Tabak-Geschmack ist hier etwas milder, weshalb die rauchigen Aromen gut zur Geltung kommen, des Weiteren können Einschläge von Heu, Teer und Malz und auch ein Hauch dunkler Schokolade erahnt werden. </span></p>
</div>
<div class=""info"">
<div class=""info""> </div>
</div>
</div>",Ettan OP,Unisex,,,,,,,https://cdn.shopify.com/s/files/1/0072/0646/9679/products/ettan-original-portion.png,,,,,5.90,0.00,1,G,30,IN,3,3,3,,,,
,,ET-1005-1,Unisex,Title,Default Title,,,,,,,,,,5.90,0.00,1,G,30,IN,3,3,3,,,Ettan,Ettan OP
Super White Red Rhuby #3 AW,"<meta charset=""utf-8"">
<div class=""item flex "">
<div class=""title""></div>
</div>
<div class=""item flex "">
<div class=""info"">
<p>Auf aromatisierter Zellulosebasis und völlig frei von Tabak kommen auch die Skruf Super White Beutel im Slim Format. Ohne Tabak bedeutet ohne gewöhnungsbedürftigen Tabakgeruch sowie ohne jegliche Tabakschadstoffe - aktuell gibt es weltweit keine weniger schädliche Art, Nikotin zu konsumieren. All White Snus / Nicotine Pouches bietet sich deshalb vor allem Rauchern an, welche mit Rauchentwöhnung wie Nikotinpflaster, Nikotinkaugummi oder Nikotinspray nichts anfangen können.<br></p>
</div>
<div class=""info"">
<div class=""info"">
<div class=""item flex "">
<div class=""title"">
<p> </p>
<p>Der Skruf Super White Red Rhuby<span> schmeckt nach frischem Rhabarber </span>und hat einen durchschnittlichen<span> </span>Nikotingehalt.</p>
</div>
<div class=""title""><br></div>
</div>
</div>
</div>
</div>",Super White Red Rhuby #3 AW,Unisex,,,,,,,https://cdn.shopify.com/s/files/1/0072/0646/9679/products/skruf-red-rhuby-3-super-white.png,,,,,5.20,,1,G,30,IN,3,3,3,,,,
,,SK-5005-1,Unisex,Title,Default Title,,,,,,,,,,5.20,,1,G,30,IN,3,3,3,,,Skruf,Super White Red Rhuby #3 AW
Black -80 Degrees OP,"<meta charset=""utf-8"">
<div class=""item flex"">
<div class=""title"">
<div class=""info"">
<p>NEU! Den beliebten Siberia gibt es nun auch in schwarz - schöne Dose und ein gewohnt starker Nikotinkick. Siberia Black -80 Degrees Original Portion ist ein Portionssnus mit einem sehr deutlichen Tabakgeschmack. Dieser Snus hat einen extrem hohen Nikotingehalt und eine Portion enthält mehr als fünfmal so viel Nikotin wie normal starker Snus (8 mg/g). Wird Menschen, die Nikotin gegenüber empfindlich sind, weniger empfohlen. Siberia zählt zusammen mit <a href=""https://snushus.ch/collections/odens"" title=""Odens"">Oden‘s</a> zu den beliebtesten Snusmarken der Schweiz. <span>Bei Fragen, Wünschen oder Anregungen </span><span>kannst du </span><span>uns </span><span>gerne auf der </span><span></span><a href=""https://snushus.ch/pages/kontakt"" title=""Kontakt"">Kontaktseite</a><span> s</span><span>chreiben</span><span>.</span></p>
</div>
</div>
</div>
<div class=""item flex""></div>",Black -80 Degrees OP,Unisex,,,,,,,https://cdn.shopify.com/s/files/1/0072/0646/9679/products/siberia-black-original-portion.png,,,,,5.20,,1,G,30,IN,3,3,3,,,,
,,SI-3005-1,Unisex,Title,Default Title,,,,,,,,,,5.20,,1,G,30,IN,3,3,3,,,Siberia,Black -80 Degrees OP
Original,"<meta charset=""utf-8"">
<div class=""item flex "">
<div class=""title"">
<div class=""info"">
<p><span>Ein rauchloses Tabakprodukt aus Dänemark. Geeignet als Ersatzprodukt für Zigaretten. Die kleinen Oliver Twist Tabakdragees entfalten ihre Wirkung unter der Lippe und stillen die Lust zu Rauchen.</span></p>
</div>
</div>
</div>
<div class=""item flex ""></div>",Original,Unisex,,,,,,,https://cdn.shopify.com/s/files/1/0072/0646/9679/products/original.png,,,,,6.40,,1,G,30,IN,3,3,3,,,,
,,OT-1000-1,Unisex,Menge auswählen,1 Dose à 6.40,,,,,,,,,,6.40,,1,G,30,IN,3,3,3,,,Oliver Twist,Original
Extra Strong OP,"<meta charset=""utf-8"">
<div class=""item flex "">
<div class=""title"">
<div class=""info"">
<p><span>General Extra Stark Original Portion ist ein starker Snus mit kräftigem Tabakgeschmack. Dazu gesellt sich ein leichter Hauch von Citrus sowie Bergamotte und Tee. Als Teil der General-Serie ist dieser Snus ein absoluter Klassiker - hergestellt vom Marktführer Swedish Match.</span></p>
</div>
</div>
</div>
<div class=""item flex ""></div>",Extra Strong OP,Unisex,,,,,,,https://cdn.shopify.com/s/files/1/0072/0646/9679/files/general-extra-strong-portion-2023-design.png,,,,,5.20,,1,G,300,IN,3,3,3,,,,
,,GE-1005-1,Unisex,Title,Default Title,,,,,,,,,,5.20,,1,G,300,IN,3,3,3,,,General,Extra Strong OP
Cold Extreme WP Slim,"<meta charset=""utf-8"">
<div class=""item flex"">
<div class=""title""></div>
</div>
<div class=""item flex"">
<div class=""info"">
<div class=""info"">
<p><span>Odens Cold Extreme Slim White Portion ist ein kraftvoller und starker Snus mit kühlen Aromen von echten Minzölen. Der Nikotingehalt beträgt 22 mg / g und die schlanken Portionen sind etwas kleiner und schmecken lange.</span></p>
</div>
<div class=""info"">
<div class=""info"">
<div class=""item flex""></div>
</div>
</div>
</div>
<div class=""info"">
<div class=""item flex""></div>
</div>
</div>",Cold Extreme WP Slim,Unisex,,,,,,,https://cdn.shopify.com/s/files/1/0072/0646/9679/files/odens-white-slim-portion.png,,,,,4.60,,1,G,20,IN,3,3,3,,,,
,,OD-2015-1,Unisex,Title,Default Title,,,,,,,,,,4.60,,1,G,20,IN,3,3,3,,,Oden's,Cold Extreme WP Slim
Double Mint Extreme WDP Slim,"<meta charset=""utf-8"">
<div class=""item flex "">
<div class=""title""></div>
</div>
<div class=""item flex "">
<div class=""info"">
<div class=""info"">
<p>Odens Double Mint Extreme White Dry Portion Slim ist ein sogenannter ""White Dry"" Portionssnus. Die Portionen sind, wie der Name schon sagt, trockener als andere Sorten und haben einen hohen Nikotingehalt. Der Geschmack von Odens Double Mint ist von scharfer Natur mit überzeugenden Pfefferminzakzenten.</p>
</div>
<div class=""info"">
<div class=""info"">
<div class=""item flex ""></div>
</div>
</div>
</div>
<div class=""info"">
<div class=""item flex ""></div>
</div>
</div>",Double Mint Extreme WDP Slim,Unisex,,,,,,,https://cdn.shopify.com/s/files/1/0072/0646/9679/products/odens-double-mint-white-dry-slim-portion.png,,,,,4.60,,1,G,30,IN,3,3,3,,,,
,,OD-5015-1,Unisex,Title,Default Title,,,,,,,,,,4.60,,1,G,30,IN,3,3,3,,,Oden's,Double Mint Extreme WDP Slim
Melon WP Slim,"<meta charset=""utf-8"">
<div class=""item flex "">
<div class=""title""></div>
</div>
<div class=""item flex "">
<div class=""info"">
<div class=""info"">
<p>Jakobssons Melon Slim White Dry Portion Snus ist ein geschmacksintensiver Snus, der trotz trockener, weisser Beutel durch seinen aromatischen Melonen-Geschmack überzeugt. Durch seinen niedrigen Feuchtigkeitsgehalt und dem hohen Nikotingehalt von 14 mg/g, ist er ein wahres Snus Erlebnis. Eine Dose beinhaltet 20 Beutel.</p>
</div>
<div class=""info"">
<div class=""info"">
<div class=""item flex ""></div>
</div>
</div>
</div>
<div class=""info"">
<div class=""item flex ""></div>
</div>
</div>",Melon WP Slim,Unisex,,,,,,,https://cdn.shopify.com/s/files/1/0072/0646/9679/products/jakobssons-melon-white-slim-portion.png,,,,,4.60,,1,G,30,IN,3,3,3,,,,
,,JK-1015-1,Unisex,Title,Default Title,,,,,,,,,,4.60,,1,G,30,IN,3,3,3,,,Jakobssons,Melon WP Slim
Loose Extra Strong,"<meta charset=""utf-8"">
<div class=""item flex"">
<div class=""title"">
<div class=""info"">
<p>General Extra Stark Lös Snus / Loose Snus ist DAS ursprüngliche Snusprodukt, welches seit mehr als 200 Jahren produziert wird. Der kräftige Tabakgeschmack mit Spuren von Zitrusfrüchten, Bergamotte, Tee, getrockneten Gräser und Leder überzeugt durch seine natürliche Art. Ein Lös Snus, der einfach zu kneten ist und als absoluter Klassiker jedem Snus-Connoisseur zu empfehlen ist!</p>
</div>
</div>
</div>
<div class=""item flex""></div>",Loose Extra Strong,Unisex,,,,,,,https://cdn.shopify.com/s/files/1/0072/0646/9679/products/general-extra-strong-loose.png,,,,,5.90,0.00,1,G,300,IN,3,3,3,,,,
,,GE-4005-1,Unisex,Title,Default Title,,,,,,,,,,5.90,0.00,1,G,300,IN,3,3,3,,,General,Loose Extra Strong
Black -80 Degrees WDP,"<meta charset=""utf-8"">
<div class=""item flex"">
<div class=""title"">
<div class=""info"">
<p>Den beliebten schwarzen Siberia gibt es nun auch als White Dry Portion - schöne Dose und ein gewohnt starker Nikotinkick, einfach ohne Minz-/Mentholgeschmack. Siberia Black -80 Degrees White Dry Portion ist ein trockener Portionssnus mit einem sehr deutlichen Tabakgeschmack. Dieser Snus hat einen extrem hohen Nikotingehalt und eine Portion enthält mehr als fünfmal so viel Nikotin wie normal starker Snus (8 mg/g). Wird Menschen, die Nikotin gegenüber empfindlich sind, weniger empfohlen. Siberia zählt zusammen mit Oden‘s zu den beliebtesten Snusmarken der Schweiz. </p>
</div>
</div>
</div>
<div class=""item flex""></div>",Black -80 Degrees WDP,Unisex,,,,,,,https://cdn.shopify.com/s/files/1/0072/0646/9679/products/siberia-black-white-dry-portion.png,,,,,5.20,,1,G,30,IN,3,3,3,,,,
,,SI-4005-1,Unisex,Title,Default Title,,,,,,,,,,5.20,,1,G,30,IN,3,3,3,,,Siberia,Black -80 Degrees WDP
Black -80 Degrees WDP Slim,"<meta charset=""utf-8"">
<div class=""item flex"">
<div class=""title"">
<div class=""info"">
<p>Den beliebten schwarzen Siberia gibt es nun auch als White Dry Portion - schöne Dose und ein gewohnt starker Nikotinkick, einfach ohne Minz-/Mentholgeschmack.</p>
</div>
</div>
</div>
<div class=""item flex""></div>",Black -80 Degrees WDP Slim,Unisex,,,,,,,https://cdn.shopify.com/s/files/1/0072/0646/9679/products/siberia-black-white-dry-slim-portion.png,,,,,5.20,,1,G,30,IN,3,3,3,,,,
,,SI-4015-1,Unisex,Title,Default Title,,,,,,,,,,5.20,,1,G,30,IN,3,3,3,,,Siberia,Black -80 Degrees WDP Slim
Double Mint Extreme OP,"Odens Double Mint Extreme Original Portion ist ein Produkt für traditionelle Snuser.<br data-mce-fragment=""1"">Durch die feuchten Beutel kommt der Nikotingehalt noch besser zur Wirkung als bei vergleichbaren Oden's Produkten.<br data-mce-fragment=""1"">Bereits beim Öffnen der Dose macht sich der intensive Minz Geschmack bemerkbar - unter der Lippe wird dieser zusätzlich verstärkt. Ein perfektes Produkt für Minz-Liebhaber!",Double Mint Extreme OP,Unisex,,,,,,,https://cdn.shopify.com/s/files/1/0072/0646/9679/products/odens-double-mint-original-portion.png,,,,,4.80,0.00,1,G,30,IN,3,3,3,,,,
,,OD-6005-1,Unisex,Title,Default Title,,,,,,,,,,4.80,0.00,1,G,30,IN,3,3,3,,,Oden's,Double Mint Extreme OP
Peppermint AW,"<meta charset=""utf-8"">
<div class=""item flex"">
<div class=""title"">
<div class=""info"">
<div class=""info"">
<p>Unter der Marke White Fox vertreibt der Produzent von <a href=""https://snushus.ch/collections/odens"" title=""Oden's"">Oden's</a> und <a href=""https://snushus.ch/collections/siberia"" title=""Siberia"">Siberia </a>(GN Tobacco) seine All White Portionsbeutel. Der White Fox kommt mit einem eisigen Minzgeschmack im Slim Beutel.</p>
<p> </p>
<p>Auf aromatisierter Zellulosebasis und völlig frei von Tabak kommen auch die White Fox Beutel im Slim Format. Ohne Tabak bedeutet ohne gewöhnungsbedürftigen Tabakgeruch sowie ohne jegliche Tabakschadstoffe - aktuell gibt es weltweit keine weniger schädliche Art, Nikotin zu konsumieren. All White Snus / Nicotine Pouches bietet sich deshalb vor allem Rauchern an, welche mit Rauchentwöhnung wie Nikotinpflaster, Nikotinkaugummi oder Nikotinspray nichts anfangen können.</p>
</div>
</div>
</div>
</div>
<div class=""item flex""></div>",Peppermint AW,Unisex,,,,,,,https://cdn.shopify.com/s/files/1/0072/0646/9679/products/fe93b5a36240d50c4d88c4598d1928d1.jpg,,,,,5.20,0.00,1,G,30000,IN,3,3,3,,,,
,,WF-4005-1,Unisex,Title,Default Title,,,,,,,,,,5.20,0.00,1,G,30000,IN,3,3,3,,,White Fox,Peppermint AW
Blueberry Extra Strong AW,<span>Killa Blueberry Extra Strong Slim All White - schlanke Portionen mit süssem Heidelbeeraroma.</span>,Blueberry Extra Strong AW,Unisex,,,,,,,https://cdn.shopify.com/s/files/1/0072/0646/9679/products/2b2751bc8fc359606f682460463ded3a.jpg,,,,,5.20,0.00,1,G,28000,IN,3,3,3,,,,
,,KI-2005-1,Unisex,Title,Default Title,,,,,,,,,,5.20,0.00,1,G,28000,IN,3,3,3,,,Killa,Blueberry Extra Strong AW
Cold Mint Extra Strong AW,<span>Killa Cold Mint Extra Strong Slim All White - schlanke Portionen mit kühlendem Minzgeschmack.</span>,Cold Mint Extra Strong AW,Unisex,,,,,,,https://cdn.shopify.com/s/files/1/0072/0646/9679/products/c3a9d8486e1d81d69a40a5851c68db83.jpg,,,,,5.20,0.00,1,G,28000,IN,3,3,3,,,,
,,KI-1005-1,Unisex,Title,Default Title,,,,,,,,,,5.20,0.00,1,G,28000,IN,3,3,3,,,Killa,Cold Mint Extra Strong AW
Mighty Peppermint AW,"<p>Erlebe <a href=""https://snushus.ch/collections/velo-snus"">VELO</a> Mighty Peppermint All White – Dein erfrischender Begleiter für ein kraftvolles Nikotinerlebnis. Mit einer Stärke von 4/5 und einem hohen Nikotingehalt von 15,6 mg/g bietet Dir dieser Snus eine starke und langanhaltende Wirkung. Die 20 Slim Beutel sind perfekt für den diskreten und bequemen Genuss.</p>
<p>Erlebe mit VELO Mighty Peppermint AW eine erfrischende Neuheit! <strong>Der altbekannte Velo Freeze AW wurde aufgewertet und erstrahlt nun im neuen Design</strong>.</p>
<p>Die VELO Beutel, auf aromatisierter Zellulosebasis und völlig frei von Tabak, kommen im Slim Format. Ohne Tabak bedeutet kein Tabakgeruch und keine Tabakschadstoffe – weltweit gibt es derzeit keine weniger schädliche Art, Nikotin zu konsumieren.</p>
<p>All White Snus / Nicotine Pouches bieten sich besonders für Raucher an, die mit herkömmlichen Methoden zur Rauchentwöhnung wie Nikotinpflastern, Nikotinkaugummis oder Nikotinsprays wenig Erfolg haben. VELO Mighty Peppermint kombiniert einen kühlenden Minzgeschmack mit einem hohen Nikotingehalt und sorgt so für ein belebendes und erfrischendes Aroma.</p>
<p>Geniesse die kraftvolle Frische von VELO Mighty Peppermint All White und erlebe die Vorteile eines tabakfreien Nikotinerlebnisses. Bestelle jetzt online und entdecke, warum VELO die bevorzugte Wahl für Snus-Liebhaber ist. Gönn Dir diesen intensiven Genuss und bringe Frische in Deinen Alltag!</p>
<div class=""info"">
<div class=""info"">
<div class=""item flex"">
<div class=""title"">
<p>EPOK, LYFT oder VELO? <a href=""https://snushus.ch/blogs/snusbuch/epok-und-lyft-werden-ersetzt-mit-velo"">Hier findest Du alle Informationen zu diesem Thema!</a></p>
</div>
</div>
</div>
</div>",Mighty Peppermint AW,Unisex,,,,,,,https://cdn.shopify.com/s/files/1/0072/0646/9679/files/Velo-Mighty-Peppermint-4.png,https://cdn.shopify.com/s/files/1/0072/0646/9679/files/velo-mighty-peppermint_8b1d59b0-561c-4753-91a9-54f7735fa305.png,,,,5.20,,1,G,14,IN,3,3,3,,,,
,,VE-1005-1,Unisex,Title,Default Title,,,,,,,,,,5.20,,1,G,14,IN,3,3,3,,,VELO (SE),Mighty Peppermint AW
Rot -80 Degrees WDP Slim,"<div class=""info"">
<div class=""info"">
<p>Siberia White Dry ist ein Portionssnus mit einem sehr deutlichen Minzgeschmack und erscheint in trockenen Portionen mit niedrigerem Feuchtigkeitsgehalt, weshalb er auch weniger rinnt. Dieser Snus hat einen extrem hohen Nikotingehalt und eine Portion enthält mehr als fünfmal so viel Nikotin wie normal starker Snus (8 mg/g). Wird Menschen, die Nikotin gegenüber empfindlich sind, weniger empfohlen. Siberia zählt zusammen mit <a href=""https://snushus.ch/collections/odens"" title=""Oden´s"">Oden‘s</a> zu den beliebtesten Snusmarken der Schweiz.<span> Bei Fragen, Wünschen oder Anregungen kannst du uns gerne auf der </span><span></span><a href=""https://snushus.ch/pages/kontakt"" title=""Kontakt"">Kontaktseite<span> </span></a><span>schreiben. </span></p>
</div>
<div class=""info"">
<div class=""info"">
<div class=""item flex ""></div>
</div>
</div>
</div>
<div class=""info"">
<div class=""info"">
<div class=""item flex ""></div>
</div>
</div>",Rot -80 Degrees WDP Slim,Unisex,,,,,,,https://cdn.shopify.com/s/files/1/0072/0646/9679/files/siberia-red-white-dry-slim-portion.png,,,,,5.20,,1,G,30,IN,3,3,3,,,,
,,SI-1015-1,Unisex,Title,Default Title,,,,,,,,,,5.20,,1,G,30,IN,3,3,3,,,Siberia,Rot -80 Degrees WDP Slim
Rot -80 Degrees WDP,"<meta charset=""utf-8"">
<div class=""item flex"">
<div class=""title"">
<div class=""info"">
<p>Siberia White Dry ist ein Portionssnus mit einem sehr deutlichen Minzgeschmack und erscheint in trockenen Portionen mit niedrigerem Feuchtigkeitsgehalt, weshalb er auch weniger rinnt. Dieser Snus hat einen extrem hohen Nikotingehalt und eine Portion enthält mehr als fünfmal so viel Nikotin wie normal starker Snus (8 mg/g). Wird Menschen, die Nikotin gegenüber empfindlich sind, weniger empfohlen. Siberia zählt zusammen mit <a href=""https://snushus.ch/collections/odens"" title=""Odens"">Oden‘s</a> zu den beliebtesten Snusmarken der Schweiz. <span>Bei Fragen, Wünschen oder Anregungen </span><span>kannst du </span><span>uns </span><span>gerne auf der </span><span></span><a href=""https://snushus.ch/pages/kontakt"" title=""Kontakt"">Kontaktseite</a><span> s</span><span>chreiben</span><span>.</span></p>
</div>
</div>
</div>
<div class=""item flex""></div>",Rot -80 Degrees WDP,Unisex,,,,,,,https://cdn.shopify.com/s/files/1/0072/0646/9679/files/Snus_Container_Top_View_Siberia_White_Dry.png,,,,,5.20,,1,G,30,IN,3,3,3,,,,
,,SI-1005-1,Unisex,Title,Default Title,,,,,,,,,,5.20,,1,G,30,IN,3,3,3,,,Siberia,Rot -80 Degrees WDP
Crispy Peppermint AW,"<p>Erlebe <a href=""https://snushus.ch/collections/velo-snus"">VELO</a> Crispy Peppermint AW – Dein erfrischender Begleiter für ein belebendes Nikotinerlebnis. Mit einem Minzgeschmack und einer Stärke von 3/5 bietet Dir dieser Snus eine angenehme und langanhaltende Wirkung. Die 20 Slim-Beutel pro Schachtel sind ideal für den diskreten und bequemen Genuss. Der Nikotingehalt von 14 mg/g überzeugt Dich.</p>
<p>Erlebe mit dem VELO Crispy Peppermint AW eine erfrischende Neuheit! <strong>Der altbekannte Velo Ice Cool Strong AW</strong> wurde aufgewertet und erstrahlt nun unter dem neuen Design.</p>
<p>Auf aromatisierter Zellulosebasis und völlig frei von Tabak kommen auch die VELO Beutel im Slim Format. Ohne Tabak bedeutet ohne gewöhnungsbedürftigen Tabakgeruch sowie ohne jegliche Tabakschadstoffe – weltweit gibt es aktuell keine weniger schädliche Art, Nikotin zu konsumieren.</p>
<p>All White Nicotine Pouches bieten sich deshalb vor allem Rauchern an, die mit herkömmlichen Methoden zur Rauchentwöhnung wie Nikotinpflastern, Nikotinkaugummis oder Nikotinsprays nichts anfangen können. VELO Crispy Peppermint AW bietet eine erfrischende Kombination aus Minzgeschmack und sanfter Stärke, perfekt für den täglichen Gebrauch.</p>
<p>Geniesse die frische Pfefferminze von VELO Crispy Peppermint AW und erlebe die Vorteile eines tabakfreien Nikotinerlebnisses. Bestelle jetzt online und entdecke, warum VELO die bevorzugte Wahl für Nicotine Pouch-Liebhaber ist. Gönn Dir diesen erfrischenden Genuss und bringe Frische in Deinen Alltag!</p>
<p><a href=""https://snushus.ch/blogs/snusbuch/epok-und-lyft-werden-ersetzt-mit-velo"">EPOK, LYFT oder VELO? Hier findest Du alle Informationen zu diesem Thema!</a></p>",Crispy Peppermint AW,Unisex,,,,,,,https://cdn.shopify.com/s/files/1/0072/0646/9679/files/Velo-crispy-Peppermint-2024_e3a020fd-a282-4a3f-8c23-19b6201d014a.png,https://cdn.shopify.com/s/files/1/0072/0646/9679/files/velo-crispy-peppermint_14395c0a-747d-41a3-b4bd-5435fad2ec24.png,,,,5.20,,1,G,14,IN,3,3,3,,,,
,,VE-6005-1,Unisex,Title,Default Title,,,,,,,,,,5.20,,1,G,14,IN,3,3,3,,,VELO (SE),Crispy Peppermint AW
Cold Extreme WDP,"<meta charset=""utf-8"">
<div class=""item flex "">
<div class=""title""></div>
</div>
<div class=""item flex "">
<div class=""info"">
<p>Oden's Cold Extreme WDP (<strong>White Dry Portion</strong>) ist ein eiskalter Portionssnus mit einer minzigen Frische. Ganz besonders tritt ein Geschmack von Spearmint aus dem ansonsten traditionellen, erdnahen Tabakgeschmack hervor. Oden's Cold Dry ist ein sogenannter trockener Portionssnus, der nicht rinnt und ein noch erfrischenderes Gefühl bietet als andere Snus dieser Serie. Odens zählt zusammen mit <a href=""https://snushus.ch/collections/siberia"" title=""Siberia"">Siberia </a>zu den beliebtesten Snusmarken der Schweiz. Bei Fragen, Wünschen oder Anregungen kannst du uns gerne auf der <a href=""https://snushus.ch/pages/kontakt"" title=""Kontakt"">Kontaktseite</a> schreiben.</p>
</div>
<div class=""info""></div>
<div class=""info"">
<div class=""info"">
<div class=""item flex ""></div>
</div>
</div>
</div>",Cold Extreme WDP,Unisex,,,,,,,https://cdn.shopify.com/s/files/1/0072/0646/9679/files/Snus_Container_Top_View_Odens_Cold_Dry.png,,,,,4.80,,1,G,30,IN,3,3,3,,,,
,,OD-1005-1,Unisex,Title,Default Title,,,,,,,,,,4.80,,1,G,30,IN,3,3,3,,,Oden's,Cold Extreme WDP
Rot -80 Degrees WDP 500g Box,"<meta charset=""utf-8"">
<div class=""item flex "">
<div class=""title"">
<div class=""info"">
<span>Siberia White Dry ist ein Portionssnus mit einem sehr deutlichen Minzgeschmack und erscheint in trockenen Portionen mit niedrigerem Feuchtigkeitsgehalt, weshalb er auch weniger rinnt. Dieser Snus hat einen extrem hohen Nikotingehalt und eine Portion enthält mehr als fünfmal so viel Nikotin wie normal starker Snus (8 mg/g). Wird Menschen, die Nikotin gegenüber empfindlich sind, weniger empfohlen. Siberia zählt zusammen mit </span><a href=""https://snushus.ch/collections/odens"" title=""Odens"">Oden‘s</a><span> zu den beliebtesten Snusmarken der Schweiz. </span><span>Bei Fragen, Wünschen oder Anregungen </span><span>kannst du </span><span>uns </span><span>gerne auf der </span><span></span><a href=""https://snushus.ch/pages/kontakt"" title=""Kontakt"">Kontaktseite</a><span> s</span><span>chreiben</span><span>.</span><br>
</div>
<div class=""info"">
<div class=""info"">
<div class=""item flex "">
<div class=""title""><br></div>
</div>
</div>
</div>
</div>
</div>
<div class=""item flex ""></div>",Rot -80 Degrees WDP 500g Box,Unisex,,,,,,,https://cdn.shopify.com/s/files/1/0072/0646/9679/files/siberia-red-white-dry-portion-box_69687748-e850-4fc3-9cf0-e1238bdc67a5.png,,,,,129.00,0.00,1,G,600,IN,3,3,3,,,,
,,SI-1025-1,Unisex,Title,Default Title,,,,,,,,,,129.00,0.00,1,G,600,IN,3,3,3,,,Siberia,Rot -80 Degrees WDP 500g Box
Witty Spearmint AW,"<p><span>Erlebe mit dem VELO Witty Spearmint AW eine erfrischende Neuheit! Der altbekannte Velo Mint AW wurde aufgewertet und erstrahlt nun unter dem neuen Design. </span></p>
<p>Auf aromatisierter Zellulosebasis und völlig frei von Tabak kommen auch die LYFT Beutel im Slim Format. Ohne Tabak bedeutet ohne gewöhnungsbedürftigen Tabakgeruch sowie ohne jegliche Tabakschadstoffe - aktuell gibt es weltweit keine weniger schädliche Art, Nikotin zu konsumieren. All White Snus / Nicotine Pouches bietet sich deshalb vor allem Rauchern an, welche mit Rauchentwöhnung wie Nikotinpflaster, Nikotinkaugummi oder Nikotinspray nichts anfangen können.<br></p>
<div class=""info"">
<div class=""info"">
<div class=""item flex"">
<div class=""title"">
<p>Der Velo Witty Spearmint kommt mit kühlendem Minzgeschmack und gemässigtem Nikotingehalt. Der klassische Minze Snus von VELO im Slim Format.</p>
<p><span>EPOK, LYFT oder VELO? </span><a href=""https://snushus.ch/blogs/snusbuch/epok-und-lyft-werden-ersetzt-mit-velo"">Hier findest Du alle Informationen zu diesem Thema!</a></p>
</div>
</div>
</div>
</div>",Witty Spearmint AW,Unisex,,,,,,,https://cdn.shopify.com/s/files/1/0072/0646/9679/files/Velo-Witty-Spearmint-2.png,https://cdn.shopify.com/s/files/1/0072/0646/9679/files/VeloWittySpearmint_bff6eb2f-e277-4438-9d39-ed9d72e44cee.png,,,,5.20,,1,G,14,IN,3,3,3,,,,
,,VE-7005-1,Unisex,Title,Default Title,,,,,,,,,,5.20,,1,G,14,IN,3,3,3,,,VELO (SE),Witty Spearmint AW
Rot -80 Degrees WDP Slim 500g Box,"<meta charset=""utf-8"">
<div class=""item flex"">
<div class=""title"">
<div class=""info"">
<span>Siberia White Dry ist ein Portionssnus mit einem sehr deutlichen Minzgeschmack und erscheint in trockenen Portionen mit niedrigerem Feuchtigkeitsgehalt, weshalb er auch weniger rinnt. Dieser Snus hat einen extrem hohen Nikotingehalt und eine Portion enthält mehr als fünfmal so viel Nikotin wie normal starker Snus (8 mg/g). Wird Menschen, die Nikotin gegenüber empfindlich sind, weniger empfohlen. Siberia zählt zusammen mit </span><a href=""https://snushus.ch/collections/odens"" title=""Odens"">Oden‘s</a><span> zu den beliebtesten Snusmarken der Schweiz. </span><br>
</div>
<div class=""info"">
<div class=""info"">
<div class=""item flex"">
<div class=""title""><br></div>
</div>
</div>
</div>
</div>
</div>
<div class=""item flex""></div>",Rot -80 Degrees WDP Slim 500g Box,Unisex,,,,,,,https://cdn.shopify.com/s/files/1/0072/0646/9679/files/siberia-red-white-dry-portion-slim-box_9816a214-2e04-405a-9b47-983dd17d5d43.png,,,,,129.00,0.00,1,G,500,IN,3,3,3,,,,
,,SI-1125-1,Unisex,Title,Default Title,,,,,,,,,,129.00,0.00,1,G,500,IN,3,3,3,,,Siberia,Rot -80 Degrees WDP Slim 500g Box
Cold Extreme WDP 500g Box,"<meta charset=""utf-8"">
<div class=""item flex"">
<div class=""title"">
<div class=""info"">
<span>Oden's Cold Extreme WDP (</span><strong>White Dry Portion</strong><span>) ist ein eiskalter Portionssnus mit einer minzigen Frische. Ganz besonders tritt ein Geschmack von Spearmint aus dem ansonsten traditionellen, erdnahen Tabakgeschmack hervor. Oden's Cold Dry ist ein sogenannter trockener Portionssnus, der nicht rinnt und ein noch erfrischenderes Gefühl bietet als andere Snus dieser Serie. Odens zählt zusammen mit </span><a href=""https://snushus.ch/collections/siberia"" title=""Siberia"">Siberia<span> </span></a><span>zu den beliebtesten Snusmarken der Schweiz. Bei Fragen, Wünschen oder Anregungen kannst du uns gerne auf der </span><a href=""https://snushus.ch/pages/kontakt"" title=""Kontakt"">Kontaktseite</a><span> schreiben.</span>
</div>
<div class=""info"">
<div class=""info"">
<div class=""item flex""></div>
</div>
</div>
</div>
</div>
<div class=""item flex""></div>",Cold Extreme WDP 500g Box,Unisex,,,,,,,https://cdn.shopify.com/s/files/1/0072/0646/9679/products/odens-cold-extreme-white-dry-portion-box_0a9600d7-7d68-43ea-83dd-0cdfa830332f.png,,,,,109.00,0.00,1,G,600,IN,3,3,3,,,,
,,OD-1025-1,Unisex,Title,Default Title,,,,,,,,,,109.00,0.00,1,G,600,IN,3,3,3,,,Oden's,Cold Extreme WDP 500g Box
COLD AW,"<p class=""MsoNormal""><span lang=""DE-AT"" style=""mso-ansi-language: DE-AT;"">Der edel COLD ist in aller Munde und wurde bereits im ersten Jahr zum beliebtesten und meistverkauften All-White-Snus auf dem Schweizer Markt. Diese einzigartige Minz-Menthol-Mischung mit Frische-Booster und einem Nikotingehalt von 20 mg/g wurde speziell für die Vorlieben der heimischen Konsumenten entwickelt. Mit der erfrischenden Kraft des COLD bist du für alles gewappnet – jederzeit und überall.</span><span lang=""DE"" style=""mso-ansi-language: DE;""></span></p>",COLD AW,Unisex,,,,,,,https://cdn.shopify.com/s/files/1/0072/0646/9679/files/edelsnus_PP_Top_Cold_wo_Shadow.png,,,,,5.90,,1,G,14,IN,3,3,3,,,,
,,ED-1010-1,Unisex,Title,Default Title,,,,,,,,,,5.90,,1,G,14,IN,3,3,3,,,edel,COLD AW
Cold Extreme WDP Slim,"<meta charset=""utf-8"">
<div class=""item flex "">
<div class=""title""></div>
</div>
<div class=""item flex "">
<div class=""info"">
<div class=""info"">
<p>Oden's Extreme Cold Dry ist ein eiskalter Portionssnus mit einer minzigen Frische. Ganz besonders tritt ein Geschmack von Spearmint aus dem ansonsten traditionellen, erdnahen Tabakgeschmack hervor. Oden's Cold Dry ist ein sogenannter trockener Portionssnus, der nicht rinnt und ein noch erfrischenderes Gefühl bietet als andere Snus dieser Serie. Oden‘s zählt zusammen mit Siberia zu den beliebtesten Snusmarken der Schweiz.</p>
</div>
<div class=""info"">
<div class=""info"">
<div class=""item flex ""></div>
</div>
</div>
</div>
<div class=""info"">
<div class=""item flex ""></div>
</div>
</div>",Cold Extreme WDP Slim,Unisex,,,,,,,https://cdn.shopify.com/s/files/1/0072/0646/9679/files/odens-cold-extreme-white-dry-slim-portion.png,,,,,4.60,,1,G,30,IN,3,3,3,,,,
,,OD-1015-1,Unisex,Title,Default Title,,,,,,,,,,4.60,,1,G,30,IN,3,3,3,,,Oden's,Cold Extreme WDP Slim
Berry Frost X-Strong AW,"<p>Berry Frost X-Strong heisst neu Icy Berries, <a href=""https://snushus.ch/products/velo-icy-berries-aw-slim"">hier gehts zum neuen Produkt</a>!</p>
<p>Kühlender Geschmack von süssen Himbeeren, Heidelbeeren und Brombeeren mit leicht würzigen Tönen.</p>
<p>EPOK, LYFT oder VELO?! <br>Weitere Informationen dazu findest Du in <a href=""https://snushus.ch/blogs/snusbuch/was-ist-all-white-snus"" target=""_blank"">unserem Blog</a>.</p>",Berry Frost X-Strong AW,Unisex,,,,,,,https://cdn.shopify.com/s/files/1/0072/0646/9679/files/velo-berry-frost-x-strong-aw.png,,,,,6.90,,1,G,14,IN,3,3,3,,,,
,,VE-4205-1,Unisex,Title,Default Title,,,,,,,,,,6.90,,1,G,14,IN,3,3,3,,,VELO (SK),Berry Frost X-Strong AW
MELON AW,"<p class=""MsoNormal""><span lang=""DE-AT"" style=""mso-ansi-language: DE-AT;"">Vermisst du das erfrischende Gefühl einer saftigen Wassermelone? Dann ist der edel MELON mit seinem fruchtigen Aroma und einem Nikotingehalt von 15 mg/g genau das Richtige für dich. Kaugummi war gestern!</span><span lang=""DE"" style=""mso-ansi-language: DE;""></span></p>",MELON AW,Unisex,,,,,,,https://cdn.shopify.com/s/files/1/0072/0646/9679/files/edelsnus_PP_Top_Melon_wo_Shadow_a6003fed-4760-413e-8100-ea4462fb1d13.png,,,,,5.90,,1,G,14,IN,3,3,3,,,,
,,ED-3010-1,Unisex,Title,Default Title,,,,,,,,,,5.90,,1,G,14,IN,3,3,3,,,edel,MELON AW
Africaine Bentchikou,<span>Makla Kautabake werden alle ohne künstliche Aroma- und Zusatzstoffe nach traditionellen Rezepturen hergestellt. Nimm mit den Fingern eine Portion heraus und kneten es zu einer kleinen Kugel. Platziere die Kugel dann unter Deiner Oberlippe. Der Makla Kautabak entfaltet seine volle Wirkung nach ca. 15 bis 60 Minuten. </span><br>,Africaine Bentchikou,Unisex,,,,,,,https://cdn.shopify.com/s/files/1/0072/0646/9679/products/Makla_Africaine_Bentchikousized.png,,,,,5.00,0.00,1,G,30000,IN,3,3,3,,,,
,,MA-1000-1,Unisex,Title,Default Title,,,,,,,,,,5.00,0.00,1,G,30000,IN,3,3,3,,,Makla,Africaine Bentchikou
Mighty Peppermint AW,"<p>Eisdurchdringender, intensiver Geschmack auf salziger Geschmacksbasis. Sie erinnern sich vielleicht unter dem ursprünglichen Namen LYFT Freeze daran.</p>
<p><span>Erlebe mit dem VELO Mighty Peppermint AW eine erfrischende Neuheit! Der altbekannte Velo Freeze AW wurde aufgewertet und erstrahlt nun unter dem neuen Design. </span></p>
<p>EPOK, LYFT oder VELO?! <br>Weitere Informationen dazu findest Du in <a href=""https://snushus.ch/blogs/snusbuch/was-ist-all-white-snus"" rel=""noopener noreferrer"" target=""_blank"">unserem Blog</a>.</p>",Mighty Peppermint AW,Unisex,,,,,,,https://cdn.shopify.com/s/files/1/0072/0646/9679/files/Velo-Mighty-Peppermint-light2024.png,,,,,6.90,,1,G,14,IN,3,3,3,,,,
,,VE-4105-1,Unisex,Title,Default Title,,,,,,,,,,6.90,,1,G,14,IN,3,3,3,,,VELO (SK),Mighty Peppermint AW
Crispy Peppermint AW,"<p>Die kühle Brise von Minze und Bergkräutern ist wie eine frische Bergbrise.</p>
<p><span>Erlebe mit dem VELO Crispy Peppermint AW eine erfrischende Neuheit! Der altbekannte Velo Ice Cool Strong AW wurde aufgewertet und erstrahlt nun unter dem neuen Design. </span></p>
<p>EPOK, LYFT oder VELO?! <br>Weitere Informationen dazu findest Du in <a href=""https://snushus.ch/blogs/snusbuch/was-ist-all-white-snus"" target=""_blank"">unserem Blog</a>.</p>",Crispy Peppermint AW,Unisex,,,,,,,https://cdn.shopify.com/s/files/1/0072/0646/9679/files/Velo-crispy-Peppermint-2024.png,,,,,6.90,,1,G,1,IN,3,3,3,,,,
,,VE-3605-1,Unisex,Title,Default Title,,,,,,,,,,6.90,,1,G,1,IN,3,3,3,,,VELO (SK),Crispy Peppermint AW
Cold Extreme WP,"<meta charset=""utf-8"">
<div class=""item flex "">
<div class=""title""></div>
</div>
<div class=""item flex "">
<div class=""info"">
<p>Oden's Cold Extreme White Portion ist ein Portionssnus mit einem süssen Minzgeschmack und viel Nikotin. Das Tabakaroma ist hervorstechend und verleiht dem Snus einen traditionellen Geschmack, zusammen mit der Minze. <span>Zusammen mit </span><a href=""https://snushus.ch/collections/siberia"" title=""Siberia"">Siberia<span> </span></a><span>gehört Oden´s zu den beliebtesten Snus-Marken. </span><span>Bei Fragen, Wünschen oder Anregungen </span><span>kannst du </span><span>uns </span><span>gerne auf der </span><span></span><a href=""https://snushus.ch/pages/kontakt"" title=""Kontakt"">Kontaktseite</a><span> s</span><span>chreiben</span><span>.</span></p>
</div>
<div class=""info"">
<div class=""info"">
<div class=""item flex "">
<div class=""title""></div>
<div class=""title""></div>
</div>
</div>
</div>
</div>",Cold Extreme WP,Unisex,,,,,,,https://cdn.shopify.com/s/files/1/0072/0646/9679/files/Snus_Container_Top_View_Odens_Cold_Extreme_WP.png,,,,,4.80,,1,G,30,IN,3,3,3,,,,
,,OD-2005-1,Unisex,Title,Default Title,,,,,,,,,,4.80,,1,G,30,IN,3,3,3,,,Oden's,Cold Extreme WP
ONYX AW,"Der edel ONYX ist das bisher stärkste All White Produkt auf dem Schweizer Markt. Eine Mischung saftiger Bergkräuter mit einem Hauch von Eukalyptus. ONYX ist nichts für schwache Gemüter, aber trotzdem unglaublich lecker. Bist du bereit für den Kick?",ONYX AW,Unisex,,,,,,,https://cdn.shopify.com/s/files/1/0072/0646/9679/files/edelsnus_PP_Top_Onyx_wo_Shadow.png,,,,,5.90,0.00,1,G,28000,IN,3,3,3,,,,
,,ED-9010-1,Unisex,Title,Default Title,,,,,,,,,,5.90,0.00,1,G,28000,IN,3,3,3,,,edel,ONYX AW
CITRUS AW,"<p class=""MsoNormal""><span lang=""DE-AT"" style=""mso-ansi-language: DE-AT;"">Diese harmonische Symphonie aus den beliebtesten Zitrusfrüchten, gepaart mit einem Nikotingehalt von 15mg/g, verleiht diesem All-White Snus eine unwiderstehliche Vollendung. Ein Hauch von Sonne, Strand und Meer lässt dich Tagträumen und verleiht deinem Moment der Entspannung eine Extraportion Frische.</span><span lang=""DE"" style=""mso-ansi-language: DE;""></span></p>",CITRUS AW,Unisex,,,,,,,https://cdn.shopify.com/s/files/1/0072/0646/9679/files/edelsnus_PP_Top_Citrus_wo_Shadow.png,,,,,5.90,,1,G,14,IN,3,3,3,,,,
,,ED-2010-1,Unisex,Title,Default Title,,,,,,,,,,5.90,,1,G,14,IN,3,3,3,,,edel,CITRUS AW
Mini Spiffy Spearmint AW,"<p><span>Erlebe mit dem VELO Mini Spiffy Spearmint AW eine erfrischende Neuheit! Der altbekannte Velo Mini Easy Mint AW wurde aufgewertet und erstrahlt nun unter dem neuen Design. </span></p>
<p>Auf aromatisierter Zellulosebasis und völlig frei von Tabak kommen die VELO Beutel neu auch im Mini Format. Ohne Tabak bedeutet ohne gewöhnungsbedürftigen Tabakgeruch sowie ohne jegliche Tabakschadstoffe - aktuell gibt es weltweit keine weniger schädliche Art, Nikotin zu konsumieren. All White Snus / Nicotine Pouches bietet sich deshalb vor allem Rauchern an, welche mit Rauchentwöhnung wie Nikotinpflaster, Nikotinkaugummi oder Nikotinspray nichts anfangen können.<br></p>
<div class=""info"">
<div class=""info"">
<div class=""item flex"">
<div class=""title"">
<p>Der VELO Mini Spiffy Spearmint kommt mit süssem Minzgeschmack und tiefem Nikotingehalt.</p>
<p><span>EPOK, LYFT oder VELO? </span><a href=""https://snushus.ch/blogs/snusbuch/epok-und-lyft-werden-ersetzt-mit-velo"">Hier findest Du alle Informationen zu diesem Thema!</a></p>
</div>
</div>
</div>
</div>",Mini Spiffy Spearmint AW,Unisex,,,,,,,https://cdn.shopify.com/s/files/1/0072/0646/9679/files/Velo-Spiffy-spearmint-mini.png,https://cdn.shopify.com/s/files/1/0072/0646/9679/files/velo-spiffy-spearmint-mini1_e1acc026-45e5-4398-a4d0-68ba67917afb.png,,,,5.20,,1,G,10,IN,3,3,3,,,,
,,VE-9005-1,Unisex,Title,Default Title,,,,,,,,,,5.20,,1,G,10,IN,3,3,3,,,VELO (SE),Mini Spiffy Spearmint AW
Mighty Peppermint MAX AW,"<div class=""info"">
<div class=""info"">
<div class=""item flex"">
<div class=""title"">
<p>Erlebe <a href=""https://snushus.ch/collections/velo-snus"">VELO</a> Mighty Peppermint MAX All White – Dein extrem starker Begleiter für ein intensives Nikotinerlebnis. Mit einer Stärke von 6/5 und einem beeindruckenden Nikotingehalt von 24 mg/g bietet Dir dieser Snus eine außergewöhnlich starke und langanhaltende Wirkung. Die 20 Slim Beutel sind perfekt für diskreten und bequemen Genuss und enthalten einen erfrischenden Minzgeschmack.</p>
<p><strong>Der altbekannte VELO Freeze Max trägt nun den Namen VELO Mighty Peppermint MAX und erstrahlt in einem neuen Deisgn</strong>.</p>
<p>Auf aromatisierter Zellulosebasis und völlig frei von Tabak kommen auch die VELO Beutel im Slim Format. Ohne Tabak bedeutet kein gewöhnungsbedürftiger Tabakgeruch sowie keine Tabakschadstoffe – weltweit gibt es aktuell keine weniger schädliche Art, Nikotin zu konsumieren. All White Snus / Nicotine Pouches bieten sich deshalb vor allem Rauchern an, die mit herkömmlichen Methoden zur Rauchentwöhnung wie Nikotinpflastern, Nikotinkaugummis oder Nikotinsprays wenig Erfolg haben.</p>
<p>Geniesse die kraftvolle Frische von VELO Mighty Peppermint MAX All White und erlebe die Vorteile eines tabakfreien Nikotinerlebnisses. Bestelle jetzt online und entdecke, warum VELO die bevorzugte Wahl für Snus-Liebhaber ist. Gönn Dir diesen extrem starken und erfrischenden Genuss und bringe Frische in Deinen Alltag!</p>
<p>EPOK, LYFT oder VELO?<span> </span><a href=""https://snushus.ch/blogs/snusbuch/epok-und-lyft-werden-ersetzt-mit-velo"">Hier findest Du alle Informationen zu diesem Thema!</a></p>
</div>
</div>
</div>
</div>",Mighty Peppermint MAX AW,Unisex,,,,,,,https://cdn.shopify.com/s/files/1/0072/0646/9679/files/velo-mighty-peppermint-6-aw.png,,,,,5.20,0.00,1,G,14,IN,3,3,3,,,,
,,VE-1115-1,Unisex,Title,Default Title,,,,,,,,,,5.20,0.00,1,G,14,IN,3,3,3,,,VELO (SE),Mighty Peppermint MAX AW
CBD MINT,"<p class=""MsoNormal""><span lang=""DE-AT"" style=""mso-ansi-language: DE-AT;"">Um dem Druck der modernen Gesellschaft standzuhalten, ist es wichtig, Momente der Entspannung zu finden. Daher präsentieren wir mit Stolz den weltweit ersten CBD ALL WHITE. Diese Minz-Mischung ist frei von Nikotin und enthält Cannabinoide (12mg/g CBD), die deinen easy Flow aufrechterhalten und das ohne Belastung der Lunge.</span><span lang=""DE"" style=""mso-ansi-language: DE;""></span></p>",CBD MINT,Unisex,,,,,,,https://cdn.shopify.com/s/files/1/0072/0646/9679/files/edelsnus_PP_Top_Mint_CBD_wo_Shadow.png,,,,,5.90,,1,G,14,IN,3,3,3,,,,
,,ED-5010-1,Unisex,Title,Default Title,,,,,,,,,,5.90,,1,G,14,IN,3,3,3,,,edel,CBD MINT
Mini Groovy Grape AW,"<p><span>Erlebe mit dem VELO Mini Groovy Grape AW eine erfrischende Neuheit! Der altbekannte Velo Mini Royal Purple AW wurde aufgewertet und erstrahlt nun unter dem neuen Design. </span></p>
<p>Auf aromatisierter Zellulosebasis und völlig frei von Tabak kommen auch die<span> VELO </span>Beutel im Slim Format. Ohne Tabak bedeutet ohne gewöhnungsbedürftigen Tabakgeruch sowie ohne jegliche Tabakschadstoffe - aktuell gibt es weltweit keine weniger schädliche Art, Nikotin zu konsumieren. All White Snus / Nicotine Pouches bietet sich deshalb vor allem Rauchern an, welche mit Rauchentwöhnung wie Nikotinpflaster, Nikotinkaugummi oder Nikotinspray nichts anfangen können.<br></p>
<div class=""info"">
<div class=""info"">
<div class=""item flex"">
<div class=""title"">
<p>Der VELO Mini Groovy Grape AW hat den intensiven Geschmack von roten Trauben und kommt in extra kleinen Beuteln (Mini) für eine noch diskretere Anwendung.</p>
<p><span>EPOK, LYFT oder VELO? </span><a href=""https://snushus.ch/blogs/snusbuch/epok-und-lyft-werden-ersetzt-mit-velo"">Hier findest Du alle Informationen zu diesem Thema!</a></p>
</div>
</div>
</div>
</div>",Mini Groovy Grape AW,Unisex,,,,,,,https://cdn.shopify.com/s/files/1/0072/0646/9679/files/velo-groovy-grape-mini-2.png,https://cdn.shopify.com/s/files/1/0072/0646/9679/files/velo-groovy-grape-mini_3c939a50-1964-4804-b96b-76b3321e101b.png,,,,5.20,,1,G,10,IN,3,3,3,,,,
,,VE-1405-1,Unisex,Title,Default Title,,,,,,,,,,5.20,,1,G,10,IN,3,3,3,,,VELO (SE),Mini Groovy Grape AW
BERRY AW,"<p class=""MsoNormal""><span lang=""DE-AT"" style=""mso-ansi-language: DE-AT;"">Bist du es leid, immer das Gleiche zu haben? Dann gönn dir doch mal etwas Besonderes mit edel BERRY. Diese Mischung aus köstlichen Waldbeeren und 10 mg/g Nikotin wird deine Sinne verzaubern und ist auch für Neueinsteiger geeignet. Erlebe einen neuen Geschmackshorizont!</span><span lang=""DE"" style=""mso-ansi-language: DE;""></span></p>",BERRY AW,Unisex,,,,,,,https://cdn.shopify.com/s/files/1/0072/0646/9679/files/edelsnus_PP_Top_Berry_wo_Shadow.png,,,,,5.90,0.00,1,G,14000,IN,3,3,3,,,,
,,ED-4010-1,Unisex,Title,Default Title,,,,,,,,,,5.90,0.00,1,G,14000,IN,3,3,3,,,edel,BERRY AW
Peppermint Storm X-Strong AW,"<p>Erlebe <a href=""https://snushus.ch/collections/velo-snus"">VELO</a> Peppermint Storm X-Strong AW – Dein kraftvoller Begleiter für ein intensives und erfrischendes Nikotinerlebnis. Mit einer Stärke von 4/5 und einem beeindruckenden Nikotingehalt von 15,6 mg/g bietet Dir dieser Snus eine starke und langanhaltende Wirkung.</p>
<p><strong>Der altbekannte Velo Cool Storm X-Strong AW</strong> wurde aufgewertet und erstrahlt nun unter dem neuen Design.</p>
<p>Auf aromatisierter Zellulosebasis und völlig frei von Tabak kommen auch die VELO Beutel im Slim Format. Ohne Tabak bedeutet ohne gewöhnungsbedürftigen Tabakgeruch sowie ohne jegliche Tabakschadstoffe – weltweit gibt es aktuell keine weniger schädliche Art, Nikotin zu konsumieren. All White Snus / Nicotine Pouches sind besonders für Raucher geeignet, die mit herkömmlichen Methoden zur Rauchentwöhnung wie Nikotinpflastern, Nikotinkaugummis oder Nikotinsprays nichts anfangen können.</p>
<p>VELO Cool Storm bietet einen starken Mentholgeschmack, ergänzt durch einen Hauch von Pfefferminz und ein sehr starkes Kühlungsgefühl. Diese Kombination sorgt für ein belebendes und erfrischendes Aroma, das Deine Sinne belebt und Dich sofort erfrischt.</p>
<p>Geniesse die kraftvolle Frische von VELO Peppermint Storm X-Strong AW und erlebe die Vorteile eines tabakfreien Nikotinerlebnisses. Bestelle jetzt online und entdecke, warum VELO die bevorzugte Wahl für Snus-Liebhaber ist. Gönn Dir diesen intensiven Genuss und bringe Frische in Deinen Alltag!</p>
<p><a href=""https://snushus.ch/blogs/snusbuch/epok-und-lyft-werden-ersetzt-mit-velo"">EPOK, LYFT oder VELO? Hier findest Du alle Informationen zu diesem Thema!</a></p>",Peppermint Storm X-Strong AW,Unisex,,,,,,,https://cdn.shopify.com/s/files/1/0072/0646/9679/files/velo-peppermint-storm.png,,,,,5.20,0.00,1,G,14,IN,3,3,3,,,,
,,VE-1205-1,Unisex,Title,Default Title,,,,,,,,,,5.20,0.00,1,G,14,IN,3,3,3,,,VELO (SE),Peppermint Storm X-Strong AW
Super White Fresh Mint No.54 AW,"<meta charset=""utf-8"">
<div class=""item flex"">
<div class=""title""></div>
</div>
<div class=""item flex"">
<div class=""info"">
<p> </p>
<div class=""info"">
<p><span>Auf aromatisierter Zellulosebasis und völlig frei von Tabak kommen auch die Skruf Super White Beutel im Slim Format. Ohne Tabak bedeutet ohne gewöhnungsbedürftigen Tabakgeruch sowie ohne jegliche Tabakschadstoffe - aktuell gibt es weltweit keine weniger schädliche Art, Nikotin zu konsumieren. All White Snus / Nicotine Pouches bietet sich deshalb vor allem Rauchern an, welche mit Rauchentwöhnung wie Nikotinpflaster, Nikotinkaugummi oder Nikotinspray nichts anfangen können.<br></span></p>
<p> </p>
<p>Der Skruf Super White Fresh schmeckt nach frischer Minze und hat einen hohen Nikotingehalt - den höchsten der Skruf Super White Linie.</p>
<p> </p>
</div>
<div class=""info"">
<div class=""info"">
<div class=""item flex"">
<div class=""title""></div>
</div>
</div>
</div>
</div>
<div class=""info"">
<div class=""info"">
<div class=""item flex"">
<div class=""title"">
<div class=""info"">
<p>Der Artikel erscheint in einem neuen Design, hat jedoch die selbe Rezeptur wie der alt bekannte Skruf Super White Fresh #4 AW</p>
</div>
<div class=""info"">
<div class=""info"">
<div class=""item flex"">
<div class=""title""></div>
</div>
</div>
</div>
</div>
<div class=""title""><br></div>
</div>
</div>
</div>
</div>",Super White Fresh Mint No.54 AW,Unisex,,,,,,,https://cdn.shopify.com/s/files/1/0072/0646/9679/products/Skruf_Superwhite_no54_xtra.jpg,,,,,5.20,,1,G,30,IN,3,3,3,,,,
,,SK-1005-1,Unisex,Title,Default Title,,,,,,,,,,5.20,,1,G,30,IN,3,3,3,,,Skruf,Super White Fresh Mint No.54 AW
Traube-Minze AW,"La Fruteria - Traube Minze wurde kreiert um den beliebtesten Shisha Geschmack in einen Pouch zu packen. Ganz nach dem Gusto von allen Wasserpfeifen Liebhabern. Frisch und trotzdem fruchtig, dazu sehr stark - ohne dass das Produkt gleichzeitig gefährlich ist wie zum Beispiel <a href=""https://snushus.ch/blogs/snusbuch/supreme-snus-co-nikotingehalt-erklart-das-problem-im-uberblick"">Supreme Snus</a>, da es in der Schweiz produziert wird",Traube-Minze AW,Unisex,,,,,,,https://cdn.shopify.com/s/files/1/0072/0646/9679/files/Snus_Container_Top_View_La_Fruteria_Traube_83d3cadd-4fe2-42d4-ad6f-3f16397c5496.png,,,,,7.90,0.00,1,G,14,IN,3,3,3,,,,
,,LF-1000-1,Unisex,Title,Default Title,,,,,,,,,,7.90,0.00,1,G,14,IN,3,3,3,,,La Fruteria,Traube-Minze AW
Icy Berries AW,"<p><span data-mce-fragment=""1"">VELO Berry Frost X-Strong AW wird zu VELO Icy Berries AW:</span></p>
<p><span data-mce-fragment=""1"">VELO Icy Berries ist eine vollständig weisse Portion mit einem erfrischenden Beerenaroma. Die schlanke Präsentation des Produkts verleiht ihm ein modernes Erscheinungsbild.</span></p>",Icy Berries AW,Unisex,,,,,,,https://cdn.shopify.com/s/files/1/0072/0646/9679/files/Velo_Icy_Berries.png,,,,,5.20,0.00,1,G,14,IN,3,3,3,,,,
,,VE-1305-1,Unisex,Title,Default Title,,,,,,,,,,5.20,0.00,1,G,14,IN,3,3,3,,,VELO (SE),Icy Berries AW
Cold Extreme WP Slim,"<meta charset=""utf-8"">
<div class=""item flex"">
<div class=""title""></div>
</div>
<div class=""item flex"">
<div class=""info"">
<div class=""info"">
<p><span>Odens Cold Extreme Slim White Portion ist ein kraftvoller und starker Snus mit kühlen Aromen von echten Minzölen. Der Nikotingehalt beträgt 22 mg / g und die schlanken Portionen sind etwas kleiner und schmecken lange.</span></p>
</div>
<div class=""info"">
<div class=""info"">
<div class=""item flex""></div>
</div>
</div>
</div>
<div class=""info"">
<div class=""item flex""></div>
</div>
</div>",Cold Extreme WP Slim,Unisex,,,,,,,https://cdn.shopify.com/s/files/1/0072/0646/9679/files/odens-white-slim-portion.png,,,,,4.60,,1,G,20,IN,3,3,3,,,,
,,OD-2015-1,Unisex,Title,Default Title,,,,,,,,,,4.60,,1,G,20,IN,3,3,3,,,Oden's,Cold Extreme WP Slim
Tropic Breeze X-Strong AW,"<p>Aromatisiert mit exotischer Mandarine, Passionsfrucht und Mango, die an den Sommer erinnern.</p>
<p>EPOK, LYFT oder VELO?! <br>Weitere Informationen dazu findest Du in <a href=""https://snushus.ch/blogs/snusbuch/was-ist-all-white-snus"" target=""_blank"" rel=""noopener noreferrer"">unserem Blog</a>.</p>",Tropic Breeze X-Strong AW,Unisex,,,,,,,https://cdn.shopify.com/s/files/1/0072/0646/9679/files/velo-tropic-breeze-x-strong-aw_3f9d47b6-2def-4070-a990-c7617fb19c3f.png,,,,,6.90,,1,G,14,IN,3,3,3,,,,
,,VE-4805-1,Unisex,Title,Default Title,,,,,,,,,,6.90,,1,G,14,IN,3,3,3,,,VELO (SK),Tropic Breeze X-Strong AW
MINT AW,"<p class=""MsoNormal""><span lang=""DE-AT"" style=""mso-ansi-language: DE-AT;"">Entdecke den neuen Standard von Frische – edel MINT mit einem Hauch von Minze. Der wohl beliebteste Snus-Geschmack ist jetzt auch mit reduziertem Nikotingehalt erhältlich! Mit nur 10 mg/g Nikotin ist der edel MINT der ideale Begleiter für deinen Alltag. Gönn dir einen Moment der Erfrischung, wann immer du willst!</span><span lang=""DE"" style=""mso-ansi-language: DE;""></span></p>",MINT AW,Unisex,,,,,,,https://cdn.shopify.com/s/files/1/0072/0646/9679/files/edelsnus_PP_Top_Mint_wo_Shadow.png,,,,,5.90,0.00,1,G,1,IN,3,3,3,,,,
,,ED-7010-1,Unisex,Title,Default Title,,,,,,,,,,5.90,0.00,1,G,1,IN,3,3,3,,,edel,MINT AW
No.5 Ice Tea Peach AW,"<p>Entdecke Après No.5 Ice Tea Peach All White Slim – Dein köstlicher Begleiter für ein leichtes und erfrischendes Nikotinerlebnis. Mit einem Nikotingehalt von 8 mg/g und einer Stärke von 2/5 bietet Dir dieser Snus eine sanfte und langanhaltende Wirkung. Die Slim Pouches sind ideal für den diskreten und komfortablen Genuss.</p>
<p>Après No.5 Ice Tea Peach ist ein Genuss für die Sinne. Der Geschmack von süssem Pfirsich und einem Hauch von schwarzem Tee sorgt für ein vollmundiges Eistee-Erlebnis. Es ist fast so, als hättest Du eine grosse Karaffe Eistee direkt in einen weichen kleinen Beutel gegossen.</p>",No.5 Ice Tea Peach AW,Unisex,,,,,,,https://cdn.shopify.com/s/files/1/0072/0646/9679/files/apres-no-5-ice-tea-peach-aw-2023.png,,,,,5.20,0.00,1,G,1,IN,3,3,3,,,,
,,AP-5005-1,Unisex,Title,Default Title,,,,,,,,,,5.20,0.00,1,G,1,IN,3,3,3,,,Après,No.5 Ice Tea Peach AW
Rot -80 Degrees WDP Mini,"<div class=""info"">
<div class=""info""><p>Siberia White Dry ist ein Portionssnus mit einem sehr deutlichen Minzgeschmack und erscheint in trockenen Portionen mit niedrigerem Feuchtigkeitsgehalt, weshalb er auch weniger rinnt. Dieser Snus hat einen extrem hohen Nikotingehalt und eine Portion enthält mehr als fünfmal so viel Nikotin wie normal starker Snus (8 mg/g). Wird Menschen, die Nikotin gegenüber empfindlich sind, weniger empfohlen. Siberia zählt zusammen mit <a href=""https://snushus.ch/collections/odens"" title=""Oden´s"">Oden‘s</a> zu den beliebtesten Snusmarken der Schweiz.<span> Bei Fragen, Wünschen oder Anregungen kannst du uns gerne auf der </span><span></span><a href=""https://snushus.ch/pages/kontakt"" title=""Kontakt"">Kontaktseite<span> </span></a><span>schreiben. </span></p></div>
<div class=""info""><div class=""info""><div class=""item flex ""></div></div></div>
</div><div class=""info""><div class=""info""><div class=""item flex ""></div></div></div>",Rot -80 Degrees WDP Mini,Unisex,,,,,,,https://cdn.shopify.com/s/files/1/0072/0646/9679/files/Snus_Container_Top_View_Siberia_White_Dry_Mini.png,,,,,4.90,0.00,1,G,9,IN,3,3,3,,,,
,,SI-1115-1,Unisex,Title,Default Title,,,,,,,,,,4.90,0.00,1,G,9,IN,3,3,3,,,Siberia,Rot -80 Degrees WDP Mini
Mighty Peppermint ULTRA AW,"<p>Erlebe <a href=""https://snushus.ch/collections/velo-snus"">VELO</a> Mighty Peppermint ULTRA All White – Dein kraftvoller Begleiter für ein erfrischendes und starkes Nikotinerlebnis. Mit einer Stärke von 5/5 und einem Nikotingehalt von 20 mg/g bietet Dir dieser Snus eine intensive und langanhaltende Wirkung. Die 20 Slimbeutel sind ideal für diskreten und bequemen Genuss und enthalten einen belebenden Geschmack von Pfefferminze und Menthol.</p>
<p><strong>Der VELO Mighty Peppermint ULTRA ist das neuste Produkt von VELO und ersetzt den altbekannten VELO Freeze Ultra</strong>. </p>
<p>Auf aromatisierter Zellulosebasis und völlig frei von Tabak kommen auch die VELO Beutel im Slim Format. Ohne Tabak bedeutet kein gewöhnungsbedürftiger Tabakgeruch sowie keine Tabakschadstoffe – weltweit gibt es aktuell keine weniger schädliche Art, Nikotin zu konsumieren. All White Snus / Nicotine Pouches sind besonders für Raucher geeignet, die mit herkömmlichen Methoden zur Rauchentwöhnung wie Nikotinpflastern, Nikotinkaugummis oder Nikotinsprays wenig Erfolg haben.</p>
<p>Erlebe den Unterschied mit VELO Mighty Peppermint ULTRA All White. Lass Dich von der kraftvollen Frische und der praktischen Handhabung überzeugen.</p>
<p>EPOK, LYFT oder VELO? <a href=""https://snushus.ch/blogs/snusbuch/epok-und-lyft-werden-ersetzt-mit-velo"">Hier findest Du alle Informationen zu diesem Thema!</a></p>",Mighty Peppermint ULTRA AW,Unisex,,,,,,,https://cdn.shopify.com/s/files/1/0072/0646/9679/files/Velo-mighty-peppermint-ultra.png,,,,,5.20,0.00,1,G,14,IN,3,3,3,,,,
,,VE-1125-1,Unisex,Title,Default Title,,,,,,,,,,5.20,0.00,1,G,14,IN,3,3,3,,,VELO (SE),Mighty Peppermint ULTRA AW
Mini Berry Frost Medium AW,"<p>Kühlender Geschmack von süssen Himbeeren, Heidelbeeren und Brombeeren mit leicht würzigen Tönen.</p>
<p>EPOK, LYFT oder VELO?! <br>Weitere Informationen dazu findest Du in <a href=""https://snushus.ch/blogs/snusbuch/was-ist-all-white-snus"" target=""_blank"" rel=""noopener noreferrer"">unserem Blog</a>.</p>",Mini Berry Frost Medium AW,Unisex,,,,,,,https://cdn.shopify.com/s/files/1/0072/0646/9679/files/velo-mini-berry-frost-medium-aw_88bb7d36-fa14-4e03-ad9d-fb64bb28f1f9.png,,,,,6.90,,1,G,10,IN,3,3,3,,,,
,,VE-2205-1,Unisex,Title,Default Title,,,,,,,,,,6.90,,1,G,10,IN,3,3,3,,,VELO (SK),Mini Berry Frost Medium AW
Soldat Extreme WDP,"<meta charset=""utf-8"">
<div class=""item flex"">
<div class=""title""></div>
</div>
<div class=""item flex"">
<div class=""info"">
<p>Soldat Extreme - für die langen Tage auf dem Feld!<br><br>Mit seinen unglaublichen 45 mg/g Nikotingehalt gibt er jedem Snuser einen unverwechselbaren, lang anhaltenden Kick. Unter der Lippe fühlen sich die Beutel sehr geschmeidig an und der Minz/Menthol Geschmack kommt angenehm zur Geltung. Ideal für lange Einsätze im Militär oder für Siberia-Snuser, die gerne mal etwas Neues probieren möchten...</p>
<p> </p>
</div>
<div class=""info"">
<div class=""info""></div>
</div>
</div>",Soldat Extreme WDP,Unisex,,,,,,,https://cdn.shopify.com/s/files/1/0072/0646/9679/files/Snus_Container_Top_View_Soldat.png,,,,,3.90,,1,G,30,IN,3,3,3,,,,
,,SO-3005-1,Unisex,Title,Default Title,,,,,,,,,,3.90,,1,G,30,IN,3,3,3,,,Soldat,Soldat Extreme WDP
Mini Polar Mint Medium AW,"<p>Perfekt kühlende Frische von Menthol mit süssen Tönen. </p>
<p>EPOK, LYFT oder VELO?! <br>Weitere Informationen dazu findest Du in <a href=""https://snushus.ch/blogs/snusbuch/epok-und-lyft-werden-ersetzt-mit-velo"" data-mce-href=""https://snushus.ch/blogs/snusbuch/epok-und-lyft-werden-ersetzt-mit-velo"" target=""_blank"">unserem Blog</a>.</p>",Mini Polar Mint Medium AW,Unisex,,,,,,,https://cdn.shopify.com/s/files/1/0072/0646/9679/files/velo-mini-polar-mint-medium-aw_f8f3f821-3ecf-4c0c-9494-43a43bad602e.png,,,,,6.90,,1,G,10,IN,3,3,3,,,,
,,VE-2305-1,Unisex,Title,Default Title,,,,,,,,,,6.90,,1,G,10,IN,3,3,3,,,VELO (SK),Mini Polar Mint Medium AW
Ice Cold AW,<span>Die Pablo-Nikotinbeutel sind auf dem europäischen Markt sehr beliebt und werden aufgrund ihrer starken Nikotinabgabe schon seit Jahren verwendet.</span>,Ice Cold AW,Unisex,,,,,,,https://cdn.shopify.com/s/files/1/0072/0646/9679/products/6d83f66db85a8b33b6183e2b94acd5f0.jpg,,,,,5.20,0.00,1,G,28000,IN,3,3,3,,,,
,,PA-1005-1,Unisex,Title,Default Title,,,,,,,,,,5.20,0.00,1,G,28000,IN,3,3,3,,,Pablo,Ice Cold AW
No.5 Ice Tea Peach X-Strong AW,"<p>Entdecke Après No.5 Ice Tea Peach X-Strong All White – Dein köstlicher Begleiter für ein kräftiges und erfrischendes Nikotinerlebnis. Mit einem Nikotingehalt von 15 mg/g und einer Stärke von 2/5 bietet Dir dieser Snus eine sanfte und langanhaltende Wirkung. Die Slim Pouches sind ideal für den diskreten und komfortablen Genuss.</p>
<p>Après No.5 Ice Tea Peach X-Strong ist ein Genuss für die Sinne. Der Geschmack von süssem Pfirsich und einem Hauch von schwarzem Tee sorgt für ein vollmundiges Eistee-Erlebnis. Es ist fast so, als hättest Du eine grosse Karaffe Eistee direkt in einen weichen kleinen Beutel gegossen.</p>",No.5 Ice Tea Peach X-Strong AW,Unisex,,,,,,,https://cdn.shopify.com/s/files/1/0072/0646/9679/files/apres-no-5-ice-tea-peach-x-strong-aw-2023.png,,,,,5.20,,1,G,26000,IN,3,3,3,,,,
,,AP-5105-1,Unisex,Title,Default Title,,,,,,,,,,5.20,,1,G,26000,IN,3,3,3,,,Après,No.5 Ice Tea Peach X-Strong AW
FOREVER ICE AW,"<p>Entdecke unseren erfrischenden und belebenden edel FOREVER ICE! Tauche ein in den leicht süsslichen Geschmack von Gletscherminze und erinnere Dich an das unvergleichliche Gefühl Deiner Lieblings-Eisbonbons in Kombination mit einem wuchtigen Nikotinkick!</p>
<p><strong>Durch deinen Kauf unterstützt Du den Verein ""Gletscher und Klima“, der sich für das wissenschaftliche Langzeitmonitoring der Alpen-Gletscher einsetzt – die Basis für effektive Massnahmen und eine Zukunft mit einem gesunden Klima. Mit einem Beitrag von CHF 1.- pro verkaufter Dose, welcher von edelsnus übernommen wird, gibt es keine Ausreden mehr sich nicht zu engagieren…</strong> 😊 <a href=""https://edelsnus.com/verein-gletscher-und-klima/"">Erfahre mehr</a></p>",FOREVER ICE AW,Unisex,,,,,,,https://cdn.shopify.com/s/files/1/0072/0646/9679/files/edelsnus_PP_Top_ForEverIce_wo_Shadow.png,,,,,5.90,0.00,1,G,14,IN,3,3,3,,,,
,,ED-1115-1,Unisex,Title,Default Title,,,,,,,,,,5.90,0.00,1,G,14,IN,3,3,3,,,edel,FOREVER ICE AW
Mighty Peppermint Intense AW Slim,"<p>Eisdurchdringender, intensiver Geschmack auf salziger Geschmacksbasis. Sie erinnern sich vielleicht unter dem ursprünglichen Namen LYFT Freeze daran.</p>
<p><span>Erlebe mit dem VELO Mighty Peppermint Intense AW eine erfrischende Neuheit! Der altbekannte Velo Freeze Ultra Strong AW wurde aufgewertet und erstrahlt nun unter dem neuen Design. </span></p>
<p>EPOK, LYFT oder VELO?! <br>Weitere Informationen dazu findest Du in <a rel=""noopener noreferrer"" href=""https://snushus.ch/blogs/snusbuch/was-ist-all-white-snus"" target=""_blank"">unserem Blog</a>.</p>",Mighty Peppermint Intense AW Slim,Unisex,,,,,,,https://cdn.shopify.com/s/files/1/0072/0646/9679/files/Velo-Mighty-Peppermint-Intense-Slim-2024.png,,,,,6.90,,1,G,1,IN,3,3,3,,,,
,,VE-5105-1,Unisex,Title,Default Title,,,,,,,,,,6.90,,1,G,1,IN,3,3,3,,,VELO (SK),Mighty Peppermint Intense AW Slim
Blushy Berry AW,"<p>Erlebe die erfrischende Neuheit mit <a href=""https://snushus.ch/collections/velo-snus"">VELO</a> Blushy Berry All White – Dein perfekter Begleiter für ein sanftes und fruchtiges Nikotinerlebnis. Mit einem köstlichen Erdbeergeschmack und einem Nikotingehalt von 8 mg/g bietet Dir dieser Snus eine angenehme und langanhaltende Wirkung. Die Dose enthälten 14g Tabakersatz in Form von Slim Beuteln.</p>
<p><strong>Der altbekannte Velo Ruby Berry All White </strong>wurde aufgewertet und erstrahlt nun unter dem neuen Design als VELO Blushy Berry AW. Auf aromatisierter Zellulosebasis und völlig frei von Tabak kommen auch die VELO Beutel im Slim Format. Ohne Tabak bedeutet ohne gewöhnungsbedürftigen Tabakgeruch sowie ohne jegliche Tabakschadstoffe – weltweit gibt es aktuell keine weniger schädliche Art, Nikotin zu konsumieren.</p>
<p>All White Snus / Nicotine Pouches sind besonders für Raucher geeignet, die mit herkömmlichen Methoden zur Rauchentwöhnung wie Nikotinpflastern, Nikotinkaugummis oder Nikotinsprays nichts anfangen können. Der VELO Blushy Berry AW bietet einen süssen Erdbeergeschmack und kommt, wie alle VELO Produkte, in Slim-Beuteln komplett ohne Tabak.</p>
<p>Geniesse den Geschmack von süssen Erdbeeren und die Vorteile eines tabakfreien Nikotinerlebnisses mit VELO Blushy Berry AW. Bestelle jetzt online und entdecke, warum VELO die bevorzugte Wahl für Snus-Liebhaber ist. Gönn Dir diesen fruchtigen Genuss und bringe Frische in Deinen Alltag!</p>
<div class=""info"">
<div class=""info"">
<div class=""item flex"">
<div class=""title"">
<p><span>EPOK, LYFT oder VELO? </span><a href=""https://snushus.ch/blogs/snusbuch/epok-und-lyft-werden-ersetzt-mit-velo"">Hier findest Du alle Informationen zu diesem Thema!</a></p>
</div>
</div>
</div>
</div>",Blushy Berry AW,Unisex,,,,,,,https://cdn.shopify.com/s/files/1/0072/0646/9679/files/Velo-Blushy-Berry-bameminghongFlame.png,,,,,5.20,0.00,1,G,14,IN,3,3,3,,,,
,,VE-1105-1,Unisex,Title,Default Title,,,,,,,,,,5.20,0.00,1,G,14,IN,3,3,3,,,VELO (SE),Blushy Berry AW
Mini Crispy Peppermint AW,"<p><span data-mce-fragment=""1"">Erlebe mit dem VELO Crispy Peppermint AW Mini eine erfrischende Neuheit! Der altbekannte Velo Mini Ice Cool Strong AW wurde aufgewertet und erstrahlt nun unter dem neuen Design. </span></p>
<p><span data-mce-fragment=""1"">Die Minibeutel haben den gleichen intensiv kühlenden Minzgeschmack, für den VELO Crispy Peppermint bekannt ist: scharfe Pfefferminze mit einem Hauch von Süsse und Minze.</span></p>",Mini Crispy Peppermint AW,Unisex,,,,,,,https://cdn.shopify.com/s/files/1/0072/0646/9679/files/velo-crispy-peppermint-mini.png,,,,,5.20,0.00,1,G,20,IN,3,3,3,,,,
,,VE-6115-1,Unisex,Title,Default Title,,,,,,,,,,5.20,0.00,1,G,20,IN,3,3,3,,,VELO (SE),Mini Crispy Peppermint AW
COLD AW Bigpack,Der edel COLD ist in aller Munde und wurde bereits im ersten Jahr zum beliebtesten und meistverkauften All White Snus Produkt auf dem Schweizer Markt. Diese einzigartige Minz-Menthol Mischung mit Frischebooster und 20 mg/g Nikotin wurde speziell für die Vorlieben der heimischen Konsumenten entwickelt. Mit der Kraft des COLD kann kommen was wolle - immer und überall. Jetzt auch in der Vorteilspackung aus umweltfreundlichem Karton mit 100 Snusbeuteln!,COLD AW Bigpack,Unisex,,,,,,,https://cdn.shopify.com/s/files/1/0072/0646/9679/files/edelsnus-cold-all-white-big-pack-20.png,https://cdn.shopify.com/s/files/1/0072/0646/9679/products/edelsnus-cold-all-white-big-pack-comparison.png,,,,24.90,0.00,1,G,1,IN,3,3,3,,,,
,,ED-1020-1,Unisex,Title,Default Title,,,,,,,,,,24.90,0.00,1,G,1,IN,3,3,3,,,edel,COLD AW Bigpack
White Fox Double Mint AW,"<meta charset=""utf-8"">
<div class=""item flex "">
<div class=""title"">
<div class=""info"">
<div class=""info"">
<p>Unter der Marke White Fox vertreibt der Produzent von <a href=""https://snushus.ch/collections/odens"" title=""Oden's"">Oden's</a> und <a href=""https://snushus.ch/collections/siberia"" title=""Siberia"">Siberia </a>(GN Tobacco) seine All White Portionsbeutel. Der White Fox Double Mint kommt mit einem frischen Geschmack nach Minze und Menthol im Slim Beutel.</p>
<p> </p>
<p><span>Auf aromatisierter Zellulosebasis und völlig frei von Tabak kommen auch die</span><span> White Fox </span><span>Beutel im Slim Format. Ohne Tabak bedeutet ohne gewöhnungsbedürftigen Tabakgeruch sowie ohne jegliche Tabakschadstoffe - aktuell gibt es weltweit keine weniger schädliche Art, Nikotin zu konsumieren. All White Snus / Nicotine Pouches bietet sich deshalb vor allem Rauchern an, welche mit Rauchentwöhnung wie Nikotinpflaster, Nikotinkaugummi oder Nikotinspray nichts anfangen können.</span></p>
</div>
</div>
</div>
</div>
<div class=""item flex ""></div>",White Fox Double Mint AW,Unisex,,,,,,,https://cdn.shopify.com/s/files/1/0072/0646/9679/products/white-fox-double-mint-all-white.png,,,,,5.20,,1,G,30,IN,3,3,3,,,,
,,WF-3005-1,Unisex,Title,Default Title,,,,,,,,,,5.20,,1,G,30,IN,3,3,3,,,White Fox,White Fox Double Mint AW
BERRY ICE AW,"<span>Entdecke die erfrischende kühle des edel BERRY ICE! Diese einzigartige Mischung mit kräftigen 20 mg/g Nikotin verführt deine Sinne mit dem kühlen Hauch von Menthol, perfekt kombiniert mit dem saftigen Geschmack von Waldbeeren. Ein Genuss, der die Natur in deinen Gaumen zaubert und dich in eine belebende Geschmacksexplosion entführt.</span>",BERRY ICE AW,Unisex,,,,,,,https://cdn.shopify.com/s/files/1/0072/0646/9679/files/edelsnus_PP_Top_Berry-Ice_wo_Shadow.png,,,,,5.90,0.00,1,G,12,IN,3,3,3,,,,
,,ED-4110-1,Unisex,Title,Default Title,,,,,,,,,,5.90,0.00,1,G,12,IN,3,3,3,,,edel,BERRY ICE AW
Eucalyptus X-Strong AW,"<span data-mce-fragment=""1"">Von der bekannten Marke Velo kommt mit Velo Eucalyptus Slim X-Strong All White Portion eine neue Geschmacksrichtung der populären Marke. Dabei ist nicht nur das Geschmackserlebnis recht intensiv. Auch der Nikotinkick ist mit einem Nikotingehalt 15,6 mg/g eher stark. Die 20 All-White Portionen im Slim-Format sind zudem in einer praktischen Dose verpackt, die auch für unterwegs passt.</span>",Eucalyptus X-Strong AW,Unisex,,,,,,,https://cdn.shopify.com/s/files/1/0072/0646/9679/files/velo-eucalyptus-x-strong-aw.png,,,,,5.20,0.00,1,G,30,IN,3,3,3,,,,
,,VE-1805-1,Unisex,Title,Default Title,,,,,,,,,,5.20,0.00,1,G,30,IN,3,3,3,,,VELO (SE),Eucalyptus X-Strong AW
Extremely Strong AW Slim,Der beliebteste Brand der Schweizer kommt nun auch mit einer All-White Variante daher! Der Siberia Extremely Strong AW kommt mit starken 33 mg/g Nikotin.,Extremely Strong AW Slim,Unisex,,,,,,,https://cdn.shopify.com/s/files/1/0072/0646/9679/products/Siberia-all-white-slim-sized600.jpg,,,,,6.90,,1,G,15,IN,3,3,3,,,,
,,SI-9015-1,Unisex,Title,Default Title,,,,,,,,,,6.90,,1,G,15,IN,3,3,3,,,Siberia,Extremely Strong AW Slim
ONYX AW Bigpack,"<p>Der edel ONYX ist das bisher stärkste All White Produkt auf dem Schweizer Markt. Eine Mischung saftiger Bergkräuter mit einem Hauch von Eukalyptus. ONYX ist nichts für schwache Gemüter, aber trotzdem unglaublich lecker. Bist du bereit für den Kick? Jetzt auch in der Vorteilspackung aus umweltfreundlichem Karton mit 100 Snusbeuteln!</p>",ONYX AW Bigpack,Unisex,,,,,,,https://cdn.shopify.com/s/files/1/0072/0646/9679/files/edelsnus-onyx-all-white-big-pack-20.png,https://cdn.shopify.com/s/files/1/0072/0646/9679/products/edelsnus-onyx-all-white-big-pack-comparison.png,,,,24.90,0.00,1,G,1,IN,3,3,3,,,,
,,ED-9020-1,Unisex,Title,Default Title,,,,,,,,,,24.90,0.00,1,G,1,IN,3,3,3,,,edel,ONYX AW Bigpack
Groovy Grape AW,"<p data-mce-fragment=""1"">Der VELO Groovy Grape ist das neuste Produkt von VELO und ist identisch mit dem alt bekannten Royal Purple. Der Geschmack von roten Trauben bleibt gleich.</p>
<p data-mce-fragment=""1"">Auf aromatisierter Zellulosebasis und völlig frei von Tabak kommen auch die<span data-mce-fragment=""1""> VELO </span>Beutel im Slim Format. Ohne Tabak bedeutet ohne gewöhnungsbedürftigen Tabakgeruch sowie ohne jegliche Tabakschadstoffe - aktuell gibt es weltweit keine weniger schädliche Art, Nikotin zu konsumieren. All White Snus / Nicotine Pouches bietet sich deshalb vor allem Rauchern an, welche mit Rauchentwöhnung wie Nikotinpflaster, Nikotinkaugummi oder Nikotinspray nichts anfangen können.</p>
<div class=""info"" data-mce-fragment=""1"">
<div class=""info"" data-mce-fragment=""1"">
<div class=""item flex"" data-mce-fragment=""1"">
<div class=""title"" data-mce-fragment=""1"">
<p data-mce-fragment=""1""><span data-mce-fragment=""1"">EPOK, LYFT oder VELO? </span><a title=""https://snushus.ch/blogs/snusbuch/epok-und-lyft-werden-ersetzt-mit-velo"" href=""https://snushus.ch/blogs/snusbuch/epok-und-lyft-werden-ersetzt-mit-velo"">Hier findest Du alle Informationen zu diesem Thema!</a></p>
</div>
</div>
</div>
</div>",Groovy Grape AW,Unisex,,,,,,,https://cdn.shopify.com/s/files/1/0072/0646/9679/files/velo-groovy-grape-slim.png,,,,,5.20,0.00,1,G,1,IN,3,3,3,,,,
,,VE-1415-1,Unisex,Title,Default Title,,,,,,,,,,5.20,0.00,1,G,1,IN,3,3,3,,,VELO (SE),Groovy Grape AW
Arctic Blast AW,"<p>VID ist die neuste Kreation vom Hause Kurbits Snus AB - kräftige Schweizer Aromen treffen auf schwedisches Snus Know How. Die Arctiv Blast Nikotinbeutel bestechen mit ihrem frischen Menthol, Minze Geschmack und einem hohen Nikotingehalt von 20 mg/g! Die Slim Beutel fühlen sich angenehm unter der Lippe an und können helfen, die Zigarette zu vergessen. ;-)</p>
<p>Auf aromatisierter Zellulosebasis und völlig frei von Tabak kommen auch die VID Beutel im Slim Format. Ohne Tabak bedeutet ohne gewöhnungsbedürftigen Tabakgeruch sowie ohne jegliche Tabakschadstoffe - aktuell gibt es weltweit keine weniger schädliche Art, Nikotin zu konsumieren. All White Snus / Nicotine Pouches bietet sich deshalb vor allem Rauchern an, welche mit Rauchentwöhnung wie Nikotinpflaster, Nikotinkaugummi oder Nikotinspray nichts anfangen können.</p>",Arctic Blast AW,Unisex,,,,,,,https://cdn.shopify.com/s/files/1/0072/0646/9679/files/Vid-arctic-Blast-sized.png,,,,,3.90,0.00,1,G,1,IN,3,3,3,,,,
,,VI-1005-1,Unisex,Title,Default Title,,,,,,,,,,3.90,0.00,1,G,1,IN,3,3,3,,,VID,Arctic Blast AW
Zesty Elderflower AW,"<p>Erlebe <a href=""https://snushus.ch/collections/velo-snus"">VELO</a>  Zesty Elderflower AW – Dein frischer Begleiter für ein angenehmes Nikotinerlebnis. Mit einem erfrischenden Geschmack von Holunderblüten und Limetten bietet Dir dieser Snus eine ausgewogene Stärke von 3/5 und 10 mg/g Nikotin. Die 14g Dose umfasst insgesamt 20 Slim Beutel, die für ein langanhaltendes Vergnügen sorgen.</p>
<p>Auf aromatisierter Zellulosebasis und völlig frei von Tabak kommen auch die VELO Beutel im Slim Format. Das bedeutet: kein Tabakgeruch und keine Tabakschadstoffe – derzeit gibt es weltweit keine weniger schädliche Art, Nikotin zu konsumieren. All White Snus / Nicotine Pouches sind besonders für Raucher geeignet, die mit traditionellen Rauchentwöhnungsmethoden wie Nikotinpflastern, -kaugummis oder -sprays wenig Erfolg haben.</p>
<p><strong>der altbekannte VELO Elderflower Spritz wird zu VELO Zesty Elderflower. Er bietet Dir einen erfrischenden Geschmack, der an den beliebten VELO Hugo AW erinnert</strong>.</p>
<p>  Die Kombination aus Holunderblüten und Limetten schafft ein einzigartiges Aroma, das Deine Sinne belebt und erfrischt. Diese Nikotinbeutel sind perfekt für den täglichen Gebrauch und bieten Dir eine diskrete und praktische Möglichkeit, Nikotin zu geniessen.</p>
<p>Bestelle jetzt Deinen VELO Zesty Elderflower AW online und entdecke die perfekte Balance aus Geschmack und Stärke. Gönn Dir diesen erfrischenden Genuss und erlebe, warum VELO die bevorzugte Wahl für Snus-Liebhaber ist!</p>
<p><a href=""https://snushus.ch/blogs/snusbuch/epok-und-lyft-werden-ersetzt-mit-velo"">EPOK, LYFT oder VELO? Hier findest Du alle Informationen zu diesem Thema!</a></p>",Zesty Elderflower AW,Unisex,,,,,,,https://cdn.shopify.com/s/files/1/0072/0646/9679/files/velo-zesty-elderflower-3.png,,,,,5.20,0.00,1,G,14,IN,3,3,3,,,,
,,VE-5005-1,Unisex,Title,Default Title,,,,,,,,,,5.20,0.00,1,G,14,IN,3,3,3,,,VELO (SE),Zesty Elderflower AW
Orange Jizz AW,"La Fruteria - Orange Jizz. Ein Geschmack, den es so noch nie in einem Pouch gegeben hat. Spritzige Orange und ein Schuss Blutorange für den Extra ""JIZZ"". Fruchtiger Frischekick und dazu sehr stark - ohne dass das Produkt gleichzeitig gefährlich ist wie zum Beispiel <a href=""https://snushus.ch/blogs/snusbuch/supreme-snus-co-nikotingehalt-erklart-das-problem-im-uberblick"">Supreme Snus</a>, da es in der Schweiz produziert wird.",Orange Jizz AW,Unisex,,,,,,,https://cdn.shopify.com/s/files/1/0072/0646/9679/files/Snus_Container_Top_View_La_Fruteria_Orange.png,,,,,7.90,0.00,1,G,14,IN,3,3,3,,,,
,,LF-2000-1,Unisex,Title,Default Title,,,,,,,,,,7.90,0.00,1,G,14,IN,3,3,3,,,La Fruteria,Orange Jizz AW
White Fox AW,"<meta charset=""utf-8"">
<div class=""item flex "">
<div class=""title"">
<div class=""info"">
<div class=""info"">
<p>Unter der Marke White Fox vertreibt der Produzent von <a href=""https://snushus.ch/collections/odens"" title=""Oden's"">Oden's</a> und <a href=""https://snushus.ch/collections/siberia"" title=""Siberia"">Siberia </a>(GN Tobacco) seine All White Portionsbeutel. Der White Fox kommt mit einem eisigen Minzgeschmack im Slim Beutel.</p>
<p> </p>
<p>Auf aromatisierter Zellulosebasis und völlig frei von Tabak kommen auch die White Fox Beutel im Slim Format. Ohne Tabak bedeutet ohne gewöhnungsbedürftigen Tabakgeruch sowie ohne jegliche Tabakschadstoffe - aktuell gibt es weltweit keine weniger schädliche Art, Nikotin zu konsumieren. All White Snus / Nicotine Pouches bietet sich deshalb vor allem Rauchern an, welche mit Rauchentwöhnung wie Nikotinpflaster, Nikotinkaugummi oder Nikotinspray nichts anfangen können.</p>
</div>
</div>
</div>
</div>
<div class=""item flex ""></div>",White Fox AW,Unisex,,,,,,,https://cdn.shopify.com/s/files/1/0072/0646/9679/products/white-fox-all-white.png,,,,,5.20,,1,G,30,IN,3,3,3,,,,
,,WF-1005-1,Unisex,Title,Default Title,,,,,,,,,,5.20,,1,G,30,IN,3,3,3,,,White Fox,White Fox AW
Alpächrütli AW,"<p>Der 7SIÄCH Alpächrütli ist eine einzigartige Mischung aus frischen Kräutern und erinnert an die saftigen Schweizer Alpen. Mit 25 mg/g Nikotin gibt er dir einen garantierten Frischekick. Das perfekte Geschmackserlebnis für alle Snuser, die Wert auf Schweizer Qualität legen.<br></p>
<p>7SIÄCH ist ein junges Schweizer Startup, das einzigartigen Schweizer Snus in höchster Qualität auf den Markt bringt. Ihr Ziel ist es, eine Schweizer Alternative zu den Produkten der grossen Tabakunternehmen anzubieten.</p>",Alpächrütli AW,Unisex,,,,,,,https://cdn.shopify.com/s/files/1/0072/0646/9679/products/7SIACH_Alpaechruetli_sized.png,,,,,6.90,0.00,1,G,1,IN,3,3,3,,,,
,,7S-1000-1,Unisex,Title,Default Title,,,,,,,,,,6.90,0.00,1,G,1,IN,3,3,3,,,7Siäch,Alpächrütli AW
Extreme WDP Slim,"Soldat Extreme WDP Slim für die langen Tage auf dem Feld! Mit seinen unglaublichen 45 mg/g Nikotingehalt, gibt er jedem Snuser einen unverwechselbaren Kick welcher lange anhält. Unter der Lippe fühlen sich die Beutel sehr geschmeidig an und der Minz/Menthol Geschmack kommt angenehm zur Geltung.",Extreme WDP Slim,Unisex,,,,,,,https://cdn.shopify.com/s/files/1/0072/0646/9679/files/Snus_Container_Top_View_Soldat_Slim.png,,,,,2.90,0.00,1,G,1,IN,3,3,3,,,,
,,SO-3015-1,Unisex,Title,Default Title,,,,,,,,,,2.90,0.00,1,G,1,IN,3,3,3,,,Soldat,Extreme WDP Slim
Blueberry Mint Strong AW,"<p>Dieses XQS-Produkt ist perfekt für alle, die auf der Suche nach einem erfrischenden Geschmack mit einem Hauch von Frucht sind. Du hättest nicht gedacht, dass Blaubeere und Minze eine leckere Kombination sind, aber wir bitten Dich, sie selbst zu probieren! Mit einem grossartigen Geschmack und einem starken Nikotin-Kick werden Deine Geschmacksnerven Kribbeln.</p>
<p>Die Beutel sind ganz weiss und färben nicht auf die Zähne ab. Die Beutel sind schlank und fühlen sich unter der Lippe angenehm an. <span data-mce-fragment=""1"">Die Beutel müssen nicht gekühlt aufbewahrt werden.</span></p>",Blueberry Mint Strong AW,Unisex,,,,,,,https://cdn.shopify.com/s/files/1/0072/0646/9679/files/XQS_Blueberry_Mint_sized_3073c03c-6d2a-43cf-bc9c-966300be9dab.png,,,,,4.20,0.00,1,G,1,IN,3,3,3,,,,
,,XQ-2015-1,Unisex,Title,Default Title,,,,,,,,,,4.20,0.00,1,G,1,IN,3,3,3,,,XQS,Blueberry Mint Strong AW
No.4 Cola X-Strong AW,"<p>Entdecke Après No.4 Cola X-Strong All White Slim– Dein neuer Favorit für ein kräftiges und erfrischendes Nikotinerlebnis. Mit einer Stärke von 5/5 und einem Nikotingehalt von 15 mg/g bietet Dir dieser Snus eine angenehme und langanhaltende Wirkung. Die Slim Beutel enthalten insgesamt 11g Tabakersatz pro Dose und sind ideal für diskreten und bequemen Genuss.</p>
<p>Après No.4 Cola X-Strong AW Slim verspricht einen Geschmack, der die Nostalgie von Cola einfängt, wie wir sie alle kennen und lieben. Dieses sinnliche Erlebnis bietet Dir die perfekte Mischung aus vertrautem Cola-Geschmack und belebender Frische, ein Genuss, der am liebsten nie enden sollte.</p>
<p>Geniesse den nostalgischen Cola-Geschmack von Après No.4 Cola X-Strong All White Slim und erlebe die perfekte Kombination aus Frische und Geschmack. Bestelle jetzt online und entdecke Après für Dich.</p>",No.4 Cola X-Strong AW,Unisex,,,,,,,https://cdn.shopify.com/s/files/1/0072/0646/9679/files/apres-no-4-cola-aw.png,,,,,5.20,0.00,1,G,26000,IN,3,3,3,,,,
,,AP-4105-1,Unisex,Title,Default Title,,,,,,,,,,5.20,0.00,1,G,26000,IN,3,3,3,,,Après,No.4 Cola X-Strong AW
Watermelon AW,"<p>VID ist die neuste Kreation vom Hause Kurbits Snus AB - kräftige Schweizer Aromen treffen auf schwedisches Snus Know How. Herrliches Sommerfeeling verleiht der VID Watermelon All White mit einem fruchtigen Aroma von Wassermelone.</p>
<p>Auf aromatisierter Zellulosebasis und völlig frei von Tabak kommen auch die VID Beutel im Slim Format. Ohne Tabak bedeutet ohne gewöhnungsbedürftigen Tabakgeruch sowie ohne jegliche Tabakschadstoffe - aktuell gibt es weltweit keine weniger schädliche Art, Nikotin zu konsumieren. All White Snus / Nicotine Pouches bietet sich deshalb vor allem Rauchern an, welche mit Rauchentwöhnung wie Nikotinpflaster, Nikotinkaugummi oder Nikotinspray nichts anfangen können.</p>
<div class=""info"">
<div class=""info"">
<div class=""item flex"">
<div class=""title""></div>
</div>
</div>
</div>",Watermelon AW,Unisex,,,,,,,https://cdn.shopify.com/s/files/1/0072/0646/9679/products/VID-watermelon-2023-aw.png,,,,,3.90,,1,G,1,IN,3,3,3,,,,
,,VI-2005-1,Unisex,Title,Default Title,,,,,,,,,,3.90,,1,G,1,IN,3,3,3,,,VID,Watermelon AW
Tropical Strong AW,"XQS Tropical mit einem einzigartigen Design und einem Geschmack, der Dich in tropische Wälder entführt.<br data-mce-fragment=""1"">Tropical wurde im Sommer 2021 als limitierte Auflage herausgebracht, erfreute sich aber so grosser Beliebtheit, dass sie ihren festen Platz in unserem Sortiment bekam und hier bleibt!<br data-mce-fragment=""1"">Die Aromen von Ananas, Passionsfrucht und Mango sorgen für ein köstliches Geschmackserlebnis.<br data-mce-fragment=""1""><br data-mce-fragment=""1"">Die Beutel sind ganz weiss und färben nicht auf die Zähne ab. Die Beutel sind schlank und fühlen sich unter der Lippe angenehm an. Die Beutel müssen nicht gekühlt aufbewahrt werden.",Tropical Strong AW,Unisex,,,,,,,https://cdn.shopify.com/s/files/1/0072/0646/9679/files/xqs-tropical-sized.png,,,,,4.20,0.00,1,G,1,IN,3,3,3,,,,
,,XQ-4015-1,Unisex,Title,Default Title,,,,,,,,,,4.20,0.00,1,G,1,IN,3,3,3,,,XQS,Tropical Strong AW
Original Portion,"<meta charset=""utf-8"">
<div class=""item flex"">
<div class=""title""></div>
</div>
<div class=""item flex"">
<div class=""info"">
<p>Göteborgs Rapé ist ein absoluter Klassiker aus Schweden und wird dort seit mehr als 100 Jahren hergestellt. Heller Tabakgeschmack mit Spuren von Citrus und Lavendel tragen zum unverwechselbaren Geschmack dieses Produkts bei. Als Original Portion ist dieser Snus feucht und erlaubt somit ein intensiveres Geschmackserlebnis.</p>
</div>
<div class=""info""></div>
</div>",Original Portion,Unisex,,,,,,,https://cdn.shopify.com/s/files/1/0072/0646/9679/files/Goeteborgs_rape_original_portion_sized.png,,,,,5.90,,1,G,30,IN,3,3,3,,,,
,,GR-1005-1,Unisex,Title,Default Title,,,,,,,,,,5.90,,1,G,30,IN,3,3,3,,,Göteborgs Rapé,Original Portion
No.4 Cola AW,"<p>Entdecke Après No.4 Cola All White Slim– Dein neuer Favorit für ein sanftes und erfrischendes Nikotinerlebnis. Mit einer Stärke von 2/5 und einem Nikotingehalt von 8 mg/g bietet Dir dieser Snus eine angenehme und langanhaltende Wirkung. Die Slim Beutel enthalten insgesamt 11g Tabakersatz pro Dose und sind ideal für diskreten und bequemen Genuss.</p>
<p>Après No.4 Cola AW Slim verspricht einen Geschmack, der die Nostalgie von Cola einfängt, wie wir sie alle kennen und lieben. Dieses sinnliche Erlebnis bietet Dir die perfekte Mischung aus vertrautem Cola-Geschmack und belebender Frische, ein Genuss, der am liebsten nie enden sollte.</p>
<p>Geniesse den nostalgischen Cola-Geschmack von Après No.4 Cola All White Slim und erlebe die perfekte Kombination aus Frische und Leichtigkeit. Bestelle jetzt online und entdecke Après für Dich.</p>",No.4 Cola AW,Unisex,,,,,,,https://cdn.shopify.com/s/files/1/0072/0646/9679/files/apres-no-4-cola-aw-2023.png,,,,,5.20,0.00,1,G,1,IN,3,3,3,,,,
,,AP-4005-1,Unisex,Title,Default Title,,,,,,,,,,5.20,0.00,1,G,1,IN,3,3,3,,,Après,No.4 Cola AW
Twisted Pineapple Strong AW,"<p>Sommer, Sonne, Snus: VELO Twisted Pineapple Strong bringt Dir den Sommer unter die Lippe! Das Aroma ist an den beliebten Drink Piña Colada angelehnt.</p>
<p>Der alt bekannt VELO Carribean Spirit hatte ein rebranding und heisst nun VELO Twisted Pineapple. </p>
<p>EPOK und LYFT heissen neu VELO!</p>
<p>Auf aromatisierter Zellulosebasis und völlig frei von Tabak kommen auch die<span> VELO </span>Beutel im Slim Format. Ohne Tabak bedeutet ohne gewöhnungsbedürftigen Tabakgeruch sowie ohne jegliche Tabakschadstoffe - aktuell gibt es weltweit keine weniger schädliche Art, Nikotin zu konsumieren. All White Snus / Nicotine Pouches bietet sich deshalb vor allem Rauchern an, welche mit Rauchentwöhnung wie Nikotinpflaster, Nikotinkaugummi oder Nikotinspray nichts anfangen können.</p>",Twisted Pineapple Strong AW,Unisex,,,,,,,https://cdn.shopify.com/s/files/1/0072/0646/9679/files/velo-Twisted-Pineapple-Strong-aw_8d042020-f586-469a-b78f-1f3decade286.png,,,,,5.20,0.00,1,G,14,IN,3,3,3,,,,
,,VE-1605-1,Unisex,Title,Default Title,,,,,,,,,,5.20,0.00,1,G,14,IN,3,3,3,,,VELO (SE),Twisted Pineapple Strong AW
Black -80 Degrees WDP Slim,"<meta charset=""utf-8"">
<div class=""item flex"">
<div class=""title"">
<div class=""info"">
<p>Den beliebten schwarzen Siberia gibt es nun auch als White Dry Portion - schöne Dose und ein gewohnt starker Nikotinkick, einfach ohne Minz-/Mentholgeschmack.</p>
</div>
</div>
</div>
<div class=""item flex""></div>",Black -80 Degrees WDP Slim,Unisex,,,,,,,https://cdn.shopify.com/s/files/1/0072/0646/9679/products/siberia-black-white-dry-slim-portion.png,,,,,5.20,,1,G,30,IN,3,3,3,,,,
,,SI-4015-1,Unisex,Title,Default Title,,,,,,,,,,5.20,,1,G,30,IN,3,3,3,,,Siberia,Black -80 Degrees WDP Slim
Extra Strong OP,"<meta charset=""utf-8"">
<div class=""item flex "">
<div class=""title"">
<div class=""info"">
<p><span>General Extra Stark Original Portion ist ein starker Snus mit kräftigem Tabakgeschmack. Dazu gesellt sich ein leichter Hauch von Citrus sowie Bergamotte und Tee. Als Teil der General-Serie ist dieser Snus ein absoluter Klassiker - hergestellt vom Marktführer Swedish Match.</span></p>
</div>
</div>
</div>
<div class=""item flex ""></div>",Extra Strong OP,Unisex,,,,,,,https://cdn.shopify.com/s/files/1/0072/0646/9679/files/general-extra-strong-portion-2023-design.png,,,,,5.20,,1,G,300,IN,3,3,3,,,,
,,GE-1005-1,Unisex,Title,Default Title,,,,,,,,,,5.20,,1,G,300,IN,3,3,3,,,General,Extra Strong OP
Red AW,"<span>Pablo Red, der einzige Nikotinbeutel auf dem Markt mit gleichzeitig kühlender und brennender Wirkung! </span>",Red AW,Unisex,,,,,,,https://cdn.shopify.com/s/files/1/0072/0646/9679/products/PabloRedAW.png,,,,,5.20,0.00,1,G,28000,IN,3,3,3,,,,
,,PA-2005-1,Unisex,Title,Default Title,,,,,,,,,,5.20,0.00,1,G,28000,IN,3,3,3,,,Pablo,Red AW
Winterchill X-Strong AW,"<p>Auf aromatisierter Zellulosebasis und völlig frei von Tabak kommen auch die VELO Beutel im Slim Format. Ohne Tabak bedeutet ohne gewöhnungsbedürftigen Tabakgeruch sowie ohne jegliche Tabakschadstoffe - aktuell gibt es weltweit keine weniger schädliche Art, Nikotin zu konsumieren. All White Snus / Nicotine Pouches bietet sich deshalb vor allem Rauchern an, welche mit Rauchentwöhnung wie Nikotinpflaster, Nikotinkaugummi oder Nikotinspray nichts anfangen können.<br></p>
<div class=""info"">
<div class=""info"">
<div class=""item flex"">
<div class=""title"">
<p>Der VELO Winterchill X-Strong kommt mit kühlendem Geschmack von Wintergreen und erhöhtem Nikotingehalt.</p>
<p><span>EPOK, LYFT oder VELO? </span><a href=""https://snushus.ch/blogs/snusbuch/epok-und-lyft-werden-ersetzt-mit-velo"">Hier findest Du alle Informationen zu diesem Thema!</a></p>
</div>
</div>
</div>
</div>",Winterchill X-Strong AW,Unisex,,,,,,,https://cdn.shopify.com/s/files/1/0072/0646/9679/files/velo-winterchill-x-strong-aw.png,,,,,5.20,,1,G,14,IN,3,3,3,,,,
,,VE-2005-1,Unisex,Title,Default Title,,,,,,,,,,5.20,,1,G,14,IN,3,3,3,,,VELO (SE),Winterchill X-Strong AW
LYCHEE AW,Empfindliche Gaumen aufgepasst: Hier kommt der LYCHEE! Der ausgewogene Geschmack nach Lychee mit einem Hauch von Rosenduft kombiniert mit 5mg/g Nikotin führt zu einer sanften Balance der Sinne - perfekt für Einsteiger.,LYCHEE AW,Unisex,,,,,,,https://cdn.shopify.com/s/files/1/0072/0646/9679/files/edel-snus-lychee-aw.png,,,,,6.90,0.00,1,G,1,IN,3,3,3,,,,
,,ED-8010-1,Unisex,Title,Default Title,,,,,,,,,,6.90,0.00,1,G,1,IN,3,3,3,,,edel,LYCHEE AW
Blau -80 Degrees WP Slim,"<meta charset=""utf-8"">
<div class=""item flex "">
<div class=""title"">
<div class=""info"">
<div class=""info"">
<p>Siberia White Portion ist ein starker Snus mit hohem Nikotingehalt und Minzgeschmack. Der Snus hat einen Nikotingehalt von 24 mg/g und es gibt ihn nun auch in der Portionsform zu kaufen. Der Snus hat einen würzigen Geschmack nach Minze, der lange anhält. Der hohe Nikotingehalt wird durch einen hohen Feuchtigkeitsgehalt von 45 % ausgeglichen, was unüblich ist für starke Snus-Sorten. Wie auch <a href=""https://snushus.ch/collections/odens"" title=""Oden´s"">Oden´s</a> gehört Siberia zu den beliebtesten Marken auf dem Markt. Bei Fragen, Wünschen oder Anregungen kannst du uns gerne auf der <a href=""https://snushus.ch/pages/kontakt"" title=""Kontakt"">Kontaktseite </a>schreiben. </p>
</div>
<div class=""info"">
<div class=""info"">
<div class=""item flex "">
<div class=""title""></div>
</div>
</div>
</div>
</div>
</div>
</div>",Blau -80 Degrees WP Slim,Unisex,,,,,,,https://cdn.shopify.com/s/files/1/0072/0646/9679/files/siberia-blue-white-slim-portion.png,,,,,5.20,0.00,1,G,30,IN,3,3,3,,,,
,,SI-2015-1,Unisex,Title,Default Title,,,,,,,,,,5.20,0.00,1,G,30,IN,3,3,3,,,Siberia,Blau -80 Degrees WP Slim
Ettan OP,"<meta charset=""utf-8"">
<div class=""item flex "">
<div class=""title""></div>
</div>
<div class=""item flex "">
<div class=""info"">
<p><span>ETTAN - DAS ORIGINAL. Ettan Original Portion kommt mit traditionellem Tabakgeschmack. Voll, robust und leicht rauchig. Die Portionen sind geschmacksgefüllt aber aussenrum trocken und bieten langanhaltende Geschmacksfreisetzung. </span></p>
<p><span>Ettan ist Tradition und </span>eine der ältesten Snusmarken Schwedens. Das Rezept wurde <span>seit 1822 im Grossen und Ganzen nicht verändert. Der traditionelle Tabak-Geschmack ist hier etwas milder, weshalb die rauchigen Aromen gut zur Geltung kommen, des Weiteren können Einschläge von Heu, Teer und Malz und auch ein Hauch dunkler Schokolade erahnt werden. </span></p>
</div>
<div class=""info"">
<div class=""info""> </div>
</div>
</div>",Ettan OP,Unisex,,,,,,,https://cdn.shopify.com/s/files/1/0072/0646/9679/products/ettan-original-portion.png,,,,,5.90,0.00,1,G,30,IN,3,3,3,,,,
,,ET-1005-1,Unisex,Title,Default Title,,,,,,,,,,5.90,0.00,1,G,30,IN,3,3,3,,,Ettan,Ettan OP
Blueberry Extra Strong AW,<span>Killa Blueberry Extra Strong Slim All White - schlanke Portionen mit süssem Heidelbeeraroma.</span>,Blueberry Extra Strong AW,Unisex,,,,,,,https://cdn.shopify.com/s/files/1/0072/0646/9679/products/2b2751bc8fc359606f682460463ded3a.jpg,,,,,5.20,0.00,1,G,28000,IN,3,3,3,,,,
,,KI-2005-1,Unisex,Title,Default Title,,,,,,,,,,5.20,0.00,1,G,28000,IN,3,3,3,,,Killa,Blueberry Extra Strong AW
Deep Freeze AW Slim,"<p>Der G.4 Deep Freeze von Swedish Match hat einen hellen, würzigen Charakter mit deutlichen Noten von Eukalyptus und Menthol. Ein langer schlanker All White Beutel mit optimierter Passform, aussen trocken mit einem feuchten Inhalt für lang anhaltende Geschmacksentfaltung und geringem Rinnen.<br></p>",Deep Freeze AW Slim,Unisex,,,,,,,https://cdn.shopify.com/s/files/1/0072/0646/9679/products/1647421618622566_g4-deep-freeze-aw.jpg,,,,,5.55,0.00,1,G,40000,IN,3,3,3,,,,
,,G4-1005-1,Unisex,Title,Default Title,,,,,,,,,,5.55,0.00,1,G,40000,IN,3,3,3,,,G.4,Deep Freeze AW Slim
No.2 Mint AW,"<p>Entdecke Après No.2 Mint All White Mint – Dein erfrischender Begleiter für ein leichtes und angenehmes Nikotinerlebnis. Mit einer Stärke von 2/5 und einem Nikotingehalt von 8 mg/g bietet Dir dieser Snus eine sanfte und wohltuende Wirkung. Der frische Minzgeschmack sorgt für ein süsses und belebendes Aroma, das Deine Sinne erfrischt.</p>
<p>Après No.2 Mint schmeckt so, wie eine Minze schmecken sollte – süss, frisch und mit einem Hauch Pfefferminze, der Dir ein anhaltendes Gefühl von Vitalität verleiht. Diese Kombination sorgt für ein langanhaltendes, erfrischendes Erlebnis, das perfekt für den täglichen Gebrauch geeignet ist.</p>
<p>Geniesse den frischen Minzgeschmack von Après No.2 Mint All White Mint und erlebe die perfekte Kombination aus Leichtigkeit und Frische. Bestelle jetzt online und entdecke, warum Après die bevorzugte Wahl für Snus-Liebhaber ist. Gönn Dir diesen erfrischenden und vitalisierenden Genuss und bringe neue Frische in Deinen Alltag!</p>
<!---->",No.2 Mint AW,Unisex,,,,,,,https://cdn.shopify.com/s/files/1/0072/0646/9679/files/apres-no-2-mint-aw.png,,,,,5.20,,1,G,1,IN,3,3,3,,,,
,,AP-2005-1,Unisex,Title,Default Title,,,,,,,,,,5.20,,1,G,1,IN,3,3,3,,,Après,No.2 Mint AW
Fruit Fusion AW,"<p>VID ist die neuste Kreation vom Hause Kurbits Snus AB - kräftige Schweizer Aromen treffen auf schwedisches Snus Know How. Ein Beeren Aroma wie frisch aus dem Wald gepflückt! Die Nikotinbeutel von VID sind im Slim Format und sorgen für eine diskrete Anwendung.</p>
<p>Auf aromatisierter Zellulosebasis und völlig frei von Tabak kommen auch die VID Beutel im Slim Format. Ohne Tabak bedeutet ohne gewöhnungsbedürftigen Tabakgeruch sowie ohne jegliche Tabakschadstoffe - aktuell gibt es weltweit keine weniger schädliche Art, Nikotin zu konsumieren. All White Snus / Nicotine Pouches bietet sich deshalb vor allem Rauchern an, welche mit Rauchentwöhnung wie Nikotinpflaster, Nikotinkaugummi oder Nikotinspray nichts anfangen können.</p>",Fruit Fusion AW,Unisex,,,,,,,https://cdn.shopify.com/s/files/1/0072/0646/9679/files/VID-Fruit-Fusion-AW-23.png,,,,,3.90,,1,G,1,IN,3,3,3,,,,
,,VI-3005-1,Unisex,Title,Default Title,,,,,,,,,,3.90,,1,G,1,IN,3,3,3,,,VID,Fruit Fusion AW
Melon WP Slim,"<meta charset=""utf-8"">
<div class=""item flex "">
<div class=""title""></div>
</div>
<div class=""item flex "">
<div class=""info"">
<div class=""info"">
<p>Jakobssons Melon Slim White Dry Portion Snus ist ein geschmacksintensiver Snus, der trotz trockener, weisser Beutel durch seinen aromatischen Melonen-Geschmack überzeugt. Durch seinen niedrigen Feuchtigkeitsgehalt und dem hohen Nikotingehalt von 14 mg/g, ist er ein wahres Snus Erlebnis. Eine Dose beinhaltet 20 Beutel.</p>
</div>
<div class=""info"">
<div class=""info"">
<div class=""item flex ""></div>
</div>
</div>
</div>
<div class=""info"">
<div class=""item flex ""></div>
</div>
</div>",Melon WP Slim,Unisex,,,,,,,https://cdn.shopify.com/s/files/1/0072/0646/9679/products/jakobssons-melon-white-slim-portion.png,,,,,4.60,,1,G,30,IN,3,3,3,,,,
,,JK-1015-1,Unisex,Title,Default Title,,,,,,,,,,4.60,,1,G,30,IN,3,3,3,,,Jakobssons,Melon WP Slim
Black -80 Degrees OP,"<meta charset=""utf-8"">
<div class=""item flex"">
<div class=""title"">
<div class=""info"">
<p>NEU! Den beliebten Siberia gibt es nun auch in schwarz - schöne Dose und ein gewohnt starker Nikotinkick. Siberia Black -80 Degrees Original Portion ist ein Portionssnus mit einem sehr deutlichen Tabakgeschmack. Dieser Snus hat einen extrem hohen Nikotingehalt und eine Portion enthält mehr als fünfmal so viel Nikotin wie normal starker Snus (8 mg/g). Wird Menschen, die Nikotin gegenüber empfindlich sind, weniger empfohlen. Siberia zählt zusammen mit <a href=""https://snushus.ch/collections/odens"" title=""Odens"">Oden‘s</a> zu den beliebtesten Snusmarken der Schweiz. <span>Bei Fragen, Wünschen oder Anregungen </span><span>kannst du </span><span>uns </span><span>gerne auf der </span><span></span><a href=""https://snushus.ch/pages/kontakt"" title=""Kontakt"">Kontaktseite</a><span> s</span><span>chreiben</span><span>.</span></p>
</div>
</div>
</div>
<div class=""item flex""></div>",Black -80 Degrees OP,Unisex,,,,,,,https://cdn.shopify.com/s/files/1/0072/0646/9679/products/siberia-black-original-portion.png,,,,,5.20,,1,G,30,IN,3,3,3,,,,
,,SI-3005-1,Unisex,Title,Default Title,,,,,,,,,,5.20,,1,G,30,IN,3,3,3,,,Siberia,Black -80 Degrees OP
Super White Fresh Mint No.55 AW,"<meta charset=""utf-8"">
<div class=""item flex"">
<div class=""title""></div>
</div>
<div class=""item flex"">
<div class=""info"">
<p> Auf aromatisierter Zellulosebasis und völlig frei von Tabak kommen auch die Skruf Super White Beutel im Slim Format. Ohne Tabak bedeutet ohne gewöhnungsbedürftigen Tabakgeruch sowie ohne jegliche Tabakschadstoffe - aktuell gibt es weltweit keine weniger schädliche Art, Nikotin zu konsumieren. All White Snus / Nicotine Pouches bietet sich deshalb vor allem Rauchern an, welche mit Rauchentwöhnung wie Nikotinpflaster, Nikotinkaugummi oder Nikotinspray nichts anfangen können.</p>
<div class=""info"">
<p> </p>
<p>Der Skruf Super White Fresh #5 schmeckt nach frischer Minze und hat den höchsten Nikotingehalt in der Super White Reihe von Skruf. Unglaubliche 26 mg/g Nikotin!</p>
<p> <br></p>
<div class=""info"">
<p>Der Artikel erscheint in einem neuen Design, hat jedoch die selbe Rezeptur wie der alt bekannte Skruf Super White Fresh #5 AW</p>
</div>
<div class=""info"">
<div class=""info"">
<div class=""item flex"">
<div class=""title""></div>
</div>
</div>
</div>
</div>
</div>
<div class=""info"">
<div class=""info"">
<div class=""item flex"">
<div class=""title""><br></div>
</div>
</div>
</div>
</div>",Super White Fresh Mint No.55 AW,Unisex,,,,,,,https://cdn.shopify.com/s/files/1/0072/0646/9679/products/Skruf_Superwhite_no55_Ultra.jpg,,,,,5.20,0.00,1,G,1,IN,3,3,3,,,,
,,SK-1205-1,Unisex,Title,Default Title,,,,,,,,,,5.20,0.00,1,G,1,IN,3,3,3,,,Skruf,Super White Fresh Mint No.55 AW
Double Mint Extreme WP,"<meta charset=""utf-8"">
<div class=""item flex "">
<div class=""title""></div>
</div>
<div class=""item flex "">
<div class=""info"">
<div class=""info"">
<p>Oden's Double Mint Extreme Portion ist ein sehr hoher Nikotin-Snack. Der Geschmack, der während der Verwendung erscheint, ist scharf und der Pfefferminze zuliebe. Zusammen mit <a href=""https://snushus.ch/collections/siberia"" title=""Siberia"">Siberia </a>gehört Oden´s zu den beliebtesten Snus-Marken. <span>Bei Fragen, Wünschen oder Anregungen </span><span>kannst du </span><span>uns </span><span>gerne auf der </span><span></span><a href=""https://snushus.ch/pages/kontakt"" title=""Kontakt"">Kontaktseite</a><span> s</span><span>chreiben</span><span>.</span></p>
</div>
<div class=""info"">
<div class=""info"">
<div class=""item flex "">
<div class=""title""></div>
</div>
</div>
</div>
</div>
<div class=""info"">
<div class=""info""></div>
</div>
</div>",Double Mint Extreme WP,Unisex,,,,,,,https://cdn.shopify.com/s/files/1/0072/0646/9679/files/Snus_Container_Top_View_Odens_Double_Mint_Extreme_WP.png,,,,,4.80,,1,G,30,IN,3,3,3,,,,
,,OD-3005-1,Unisex,Title,Default Title,,,,,,,,,,4.80,,1,G,30,IN,3,3,3,,,Oden's,Double Mint Extreme WP
White Fox Full Charge AW,"<meta charset=""utf-8"">
<div class=""item flex "">
<div class=""title"">
<div class=""info"">
<div class=""info"">
<p>Unter der Marke White Fox vertreibt der Produzent von <a href=""https://snushus.ch/collections/odens"" title=""Oden's"">Oden's</a> und <a href=""https://snushus.ch/collections/siberia"" title=""Siberia"">Siberia </a>(GN Tobacco) seine All White Portionsbeutel. Der White Fox Full Charge kommt mit einem eisigen Minzgeschmack im grossen Beutel.</p>
<p> </p>
<p> <span>Auf aromatisierter Zellulosebasis und völlig frei von Tabak kommen auch die</span><span> White Fox </span><span>Beutel im Slim Format. Ohne Tabak bedeutet ohne gewöhnungsbedürftigen Tabakgeruch sowie ohne jegliche Tabakschadstoffe - aktuell gibt es weltweit keine weniger schädliche Art, Nikotin zu konsumieren. All White Snus / Nicotine Pouches bietet sich deshalb vor allem Rauchern an, welche mit Rauchentwöhnung wie Nikotinpflaster, Nikotinkaugummi oder Nikotinspray nichts anfangen können.</span></p>
</div>
</div>
</div>
</div>
<div class=""item flex ""></div>",White Fox Full Charge AW,Unisex,,,,,,,https://cdn.shopify.com/s/files/1/0072/0646/9679/products/white-fox-full-charge-all-white.png,,,,,5.20,,1,G,30,IN,3,3,3,,,,
,,WF-2005-1,Unisex,Title,Default Title,,,,,,,,,,5.20,,1,G,30,IN,3,3,3,,,White Fox,White Fox Full Charge AW
Bergluft AW,"<p>Der 7SIÄCH Bergluft katapultiert dich direkt auf die Schweizer Berggipfel - tief einatmen und die angenehme Kühle geniessen. Mit 20 mg/g Nikotin und einem Hauch von Menthol ist er der Klassiker in Schweizer Qualität.</p>
<p>7SIÄCH ist ein junges Schweizer Startup, das einzigartigen Schweizer Snus in höchster Qualität auf den Markt bringt. Ihr Ziel ist es, eine Schweizer Alternative zu den Produkten der grossen Tabakunternehmen anzubieten.</p>",Bergluft AW,Unisex,,,,,,,https://cdn.shopify.com/s/files/1/0072/0646/9679/products/7SIACH_Bergluft_sized.png,,,,,6.90,0.00,1,G,1,IN,3,3,3,,,,
,,7S-2000-1,Unisex,Title,Default Title,,,,,,,,,,6.90,0.00,1,G,1,IN,3,3,3,,,7Siäch,Bergluft AW
Extremely Strong AW,"<span data-mce-fragment=""1"">Der beliebteste Brand der Schweizer kommt nun auch mit einer All-White Variante daher! Der Siberia Extremely Strong AW kommt mit starken 33 mg/g Nikotin.</span>",Extremely Strong AW,Unisex,,,,,,,https://cdn.shopify.com/s/files/1/0072/0646/9679/products/Siberia-all-white-regular-sized600.jpg,,,,,6.90,0.00,1,G,15,IN,3,3,3,,,,
,,SI-9005-1,Unisex,Title,Default Title,,,,,,,,,,6.90,0.00,1,G,15,IN,3,3,3,,,Siberia,Extremely Strong AW
Wintergreen Extreme WDP,"<meta charset=""utf-8"">
<div class=""item flex "">
<div class=""title""></div>
</div>
<div class=""item flex "">
<div class=""info"">
<p><span>Odens Wintergreen Extreme White Dry Portion ist ein starker Snus mit spürbarem Wintergreen-Geschmack. Intensive Geschmacksentfaltung und kühlender Effekt. </span></p>
</div>
<div class=""info""></div>
<div class=""info"">
<div class=""info"">
<div class=""item flex ""></div>
</div>
</div>
</div>",Wintergreen Extreme WDP,Unisex,,,,,,,https://cdn.shopify.com/s/files/1/0072/0646/9679/products/odens-wintergreen-white-dry-portion.png,,,,,4.80,,1,G,30,IN,3,3,3,,,,
,,OD-4005-1,Unisex,Title,Default Title,,,,,,,,,,4.80,,1,G,30,IN,3,3,3,,,Oden's,Wintergreen Extreme WDP
Wintergreen Extreme WDP Slim,"<meta charset=""utf-8"">
<div class=""item flex "">
<div class=""title""></div>
</div>
<div class=""item flex "">
<div class=""info"">
<div class=""info"">
<p><span>Odens Wintergreen Extreme White Dry Portion ist ein starker Snus mit spürbarem Wintergreen-Geschmack. Intensive Geschmacksentfaltung und kühlender Effekt. </span></p>
</div>
<div class=""info"">
<div class=""info"">
<div class=""item flex ""></div>
</div>
</div>
</div>
<div class=""info"">
<div class=""item flex ""></div>
</div>
</div>",Wintergreen Extreme WDP Slim,Unisex,,,,,,,https://cdn.shopify.com/s/files/1/0072/0646/9679/products/odens-wintergreen-white-dry-slim-portion.png,,,,,4.60,,1,G,30,IN,3,3,3,,,,
,,OD-4015-1,Unisex,Title,Default Title,,,,,,,,,,4.60,,1,G,30,IN,3,3,3,,,Oden's,Wintergreen Extreme WDP Slim
Black Cherry Strong AW,"<p>XQS Black Cherry Strong ist ein aufregendes Erlebnis mit einem süssen und exquisiten Kirschgeschmack, der Ihre Geschmacksnerven auf eine sehr angenehme Weise kitzeln wird. Der Kirschgeschmack ist reichhaltig und detailliert, mit einem scharfen Unterton, um ihn ein wenig aufblitzen zu lassen.</p>
<p>Die Beutel sind ganz weiss und färben nicht auf die Zähne ab. Die Beutel sind schlank und fühlen sich unter der Lippe angenehm an. <span data-mce-fragment=""1"">Die Beutel müssen nicht gekühlt aufbewahrt werden.</span></p>",Black Cherry Strong AW,Unisex,,,,,,,https://cdn.shopify.com/s/files/1/0072/0646/9679/files/XQS_Black_Cherry_sized.png,,,,,4.20,0.00,1,G,1,IN,3,3,3,,,,
,,XQ-1015-1,Unisex,Title,Default Title,,,,,,,,,,4.20,0.00,1,G,1,IN,3,3,3,,,XQS,Black Cherry Strong AW
Super White Polar Eucalyptus Strong No.57 AW,"<meta charset=""utf-8"">
<div class=""item flex"">
<div class=""title""><br></div>
</div>
<div class=""item flex"">
<div class=""info"">
<p><span>Auf aromatisierter Zellulosebasis und völlig frei von Tabak kommen auch die Skruf Super White Beutel im Slim Format. Ohne Tabak bedeutet ohne gewöhnungsbedürftigen Tabakgeruch sowie ohne jegliche Tabakschadstoffe - aktuell gibt es weltweit keine weniger schädliche Art, Nikotin zu konsumieren. All White Snus / Nicotine Pouches bietet sich deshalb vor allem Rauchern an, welche mit Rauchentwöhnung wie Nikotinpflaster, Nikotinkaugummi oder Nikotinspray nichts anfangen können.<br></span></p>
<p> </p>
<p>Der Skruf Super White Polar<span> schmeckt nach Menthol sowie Eukalyptus </span>und hat einen durchschnittlichen<span> </span>Nikotingehalt.</p>
</div>
<div class=""info"">
<div class=""info"">
<div class=""item flex"">
<div class=""title""><br></div>
<div class=""title""><br></div>
</div>
</div>
</div>
</div>",Super White Polar Eucalyptus Strong No.57 AW,Unisex,,,,,,,https://cdn.shopify.com/s/files/1/0072/0646/9679/products/skruf-Polar_eucalyptus-no-57-sized.png,,,,,5.20,,1,G,30,IN,3,3,3,,,,
,,SK-2005-1,Unisex,Title,Default Title,,,,,,,,,,5.20,,1,G,30,IN,3,3,3,,,Skruf,Super White Polar Eucalyptus Strong No.57 AW
Super White Fresh Mint No.52 AW,"<meta charset=""utf-8"">
<div class=""item flex"">
<div class=""title""></div>
</div>
<div class=""item flex"">
<div class=""info"">
<p>Auf aromatisierter Zellulosebasis und völlig frei von Tabak kommen auch die Skruf Super White Beutel im Slim Format. Ohne Tabak bedeutet ohne gewöhnungsbedürftigen Tabakgeruch sowie ohne jegliche Tabakschadstoffe - aktuell gibt es weltweit keine weniger schädliche Art, Nikotin zu konsumieren. All White Snus / Nicotine Pouches bietet sich deshalb vor allem Rauchern an, welche mit Rauchentwöhnung wie Nikotinpflaster, Nikotinkaugummi oder Nikotinspray nichts anfangen können.</p>
<div class=""info"">
<p> </p>
<p>Der Skruf Super White Fresh #2 schmeckt nach frischer Minze und gleich wie der Skruf Super White Fresh #4 - einfach mit weniger Nikotin.</p>
</div>
<div class=""info"">
<div class=""info"">
<div class=""item flex"">
<div class=""title""><br></div>
</div>
</div>
</div>
</div>
<div class=""info"">
<div class=""info"">
<div class=""item flex"">
<div class=""title""><br></div>
<div class=""title"">
<span><span>Der Artikel erscheint in einem neuen Design, hat jedoch die selbe Rezeptur wie der alt bekannte Super White Fresh #2 AW</span></span>
<div class=""Polaris-Header-Title__TitleMetadata_19y17""></div>
</div>
</div>
</div>
</div>
</div>",Super White Fresh Mint No.52 AW,Unisex,,,,,,,https://cdn.shopify.com/s/files/1/0072/0646/9679/products/SuperWhiteSlimFresh_2.png,,,,,5.20,,1,G,30,IN,3,3,3,,,,
,,SK-1105-1,Unisex,Title,Default Title,,,,,,,,,,5.20,,1,G,30,IN,3,3,3,,,Skruf,Super White Fresh Mint No.52 AW
Cold Extreme WDP Mini,"<meta charset=""utf-8"">
<div class=""item flex"">
<div class=""title""></div>
</div>
<div class=""item flex"">
<div class=""info"">
<p>Oden's Cold Extreme WDP (White Dry Portion) ist ein eiskalter Portionssnus mit einer minzigen Frische. Ganz besonders tritt ein Geschmack von Spearmint aus dem ansonsten traditionellen, erdnahen Tabakgeschmack hervor. Oden's Cold Dry ist ein sogenannter trockener Portionssnus, der nicht rinnt und ein noch erfrischenderes Gefühl bietet als andere Snus dieser Serie. Odens zählt zusammen mit Siberia zu den beliebtesten Snusmarken der Schweiz. Ab sofort auch in der Mini Variante erhältlich!</p>
</div>
<div class=""info""></div>
<div class=""info"">
<div class=""info"">
<div class=""item flex""></div>
</div>
</div>
</div>",Cold Extreme WDP Mini,Unisex,,,,,,,https://cdn.shopify.com/s/files/1/0072/0646/9679/products/e8fd133ba81eb354ddf343e1b1b985b7.jpg,,,,,4.90,0.00,1,G,18000,IN,3,3,3,,,,
,,OD-1115-1,Unisex,Title,Default Title,,,,,,,,,,4.90,0.00,1,G,18000,IN,3,3,3,,,Oden's,Cold Extreme WDP Mini
XRANGE Strong WP Slim,"<meta charset=""utf-8"">
<div class=""item flex"">
<div class=""title""></div>
</div>
<div class=""item flex"">
<div class=""info"">
<p>Göteborgs Rapé ist ein absoluter Klassiker aus Schweden und wird dort seit mehr als 100 Jahren hergestellt. Heller Tabakgeschmack mit Spuren von Citrus und Lavendel tragen zum unverwechselbaren Geschmack dieses Produkts bei. Als neu entwickelte White Slim Portion ist dieser Snus trocken und rinnt wenig - ohne dabei an Geschmack einzubüssen.</p>
</div>
<div class=""info""></div>
</div>",XRANGE Strong WP Slim,Unisex,,,,,,,https://cdn.shopify.com/s/files/1/0072/0646/9679/products/goteborgs-rape-xrange-strong-white-portion.png,,,,,5.20,,1,G,30,IN,3,3,3,,,,
,,GR-2015-1,Unisex,Title,Default Title,,,,,,,,,,5.20,,1,G,30,IN,3,3,3,,,Göteborgs Rapé,XRANGE Strong WP Slim
Fresh Mint AW,"Starker frischer Pfefferminzgeschmack mit einem hauch an Kräutern. Ström Mint liefert Dir Mittelstarke Kühlung mit lang anhaltendem Geschmack.<br data-mce-fragment=""1""><br>",Fresh Mint AW,Unisex,,,,,,,https://cdn.shopify.com/s/files/1/0072/0646/9679/files/strom-fresh-mint-aw-sized.png,,,,,4.90,0.00,1,G,13,IN,3,3,3,,,,
,,SR-1010-1,Unisex,Title,Default Title,,,,,,,,,,4.90,0.00,1,G,13,IN,3,3,3,,,STRÖM,Fresh Mint AW
Cryo AW Slim,"<p>Der G.4 Cryo von Swedish Match hat einen hellen. würzigen Charakter mit deutlichen Noten von Pfefferminz und Eukalyptus, dazu Spuren von Vanille. Ein langer schlanker All White Beutel mit optimierter Passform, aussen trocken mit einem feuchten Inhalt für lang anhaltende Geschmacksentfaltung und geringem Rinnen.</p>",Cryo AW Slim,Unisex,,,,,,,https://cdn.shopify.com/s/files/1/0072/0646/9679/products/1647422021844617_g4-cryo-aw.jpg,,,,,5.55,0.00,1,G,40000,IN,3,3,3,,,,
,,G4-2005-1,Unisex,Title,Default Title,,,,,,,,,,5.55,0.00,1,G,40000,IN,3,3,3,,,G.4,Cryo AW Slim
X WDP,"<meta charset=""utf-8"">
<div class=""item flex "">
<div class=""title"">
<div class=""info"">
<p><span>Offroad X ist wahrscheinlich der stärkste Snus der Welt: unglaubliche 45mg/g. Als White Dry Portion rinnt der Snus sehr wenig und überzeugt durch einen prominenten Minz-Menthol Geschmack. </span></p>
<p><br><br></p>
</div>
</div>
</div>
<div class=""item flex ""></div>",X WDP,Unisex,,,,,,,https://cdn.shopify.com/s/files/1/0072/0646/9679/products/offroad-arctic-xplorer-white-dry-portion.png,,,,,4.80,,1,G,30,IN,3,3,3,,,,
,,OF-1005-1,Unisex,Title,Default Title,,,,,,,,,,4.80,,1,G,30,IN,3,3,3,,,Offroad,X WDP
No.1 Menthol X-Strong AW,"<p>Tauche ein in das erfrischende Erlebnis von <a href=""https://snushus.ch/collections/apres-snus"">Après</a> No.1 Menthol Extra Strong All White – Dein starker Partner für ein belebendes Nikotinerlebnis. Mit einem hohen Nikotingehalt von 15 mg/g und einer Stärke von 3/5 liefert dieser Snus eine kräftige und anhaltende Wirkung. Die Dose enthält 20 Beutel, die ideal für den täglichen Gebrauch und den diskreten Genuss unterwegs sind.</p>
<p>Après No.1 Menthol Extra Strong ist genau das, wonach Du suchst – ein erfrischendes Mentholerlebnis, das ein frisches Gefühl auf den Lippen hinterlässt. Klappe den Deckel auf, lehne Dich zurück und geniesse die Kraft der Zermatter Bergwelt. Der kraftvolle Mentholgeschmack und die starke Nikotinwirkung machen diesen Snus zur perfekten Wahl für jeden Moment.</p>
<p>Geniesse den intensiven Mentholgeschmack von Après No.1 Menthol Extra Strong All White und erlebe die perfekte Kombination aus Stärke und Frische. Bestelle jetzt online und entdecke, warum Après die bevorzugte Wahl für Snus-Liebhaber ist. Gönn Dir diesen starken und belebenden Genuss und bringe Frische in Deinen Alltag!</p>",No.1 Menthol X-Strong AW,Unisex,,,,,,,https://cdn.shopify.com/s/files/1/0072/0646/9679/files/apres-no-1-mentol-extra-strong-aw.png,,,,,5.20,,1,G,1,IN,3,3,3,,,,
,,AP-1005-1,Unisex,Title,Default Title,,,,,,,,,,5.20,,1,G,1,IN,3,3,3,,,Après,No.1 Menthol X-Strong AW
Twin Apple Strong AW,"<p>XQS Twin Apple bietet einen ausgeprägten Apfelgeschmack, was sie ideal für alle macht, die einen fruchtigen Kick mögen. Das Produkt wird Ihre Geschmacksknospen garantiert zum Kribbeln bringen!</p>
<p>Die Beutel sind schlank und fühlen sich unter der Lippe angenehm an. Die Beutel müssen nicht gekühlt aufbewahrt werden.</p>",Twin Apple Strong AW,Unisex,,,,,,,https://cdn.shopify.com/s/files/1/0072/0646/9679/files/XQS_Twin_Apple_sized.png,,,,,4.20,0.00,1,G,1,IN,3,3,3,,,,
,,XQ-5015-1,Unisex,Title,Default Title,,,,,,,,,,4.20,0.00,1,G,1,IN,3,3,3,,,XQS,Twin Apple Strong AW
Fresh Ultra Stark No.05 WP Slim,"<meta charset=""utf-8"">
<div class=""item flex"">
<div class=""title""></div>
</div>
<div class=""item flex"">
<div class=""info"">
<p><span>Skruf Slim Fresh Ultra Stark White Portion ist ein starker Snus mit Minz-Geschmack; stärker als andere Skruf Produkte. Als Slim Beutel liegt er angenehm unter der Lippe und gibt so den klassischen Minz-Geschmack ab. Aufgrund der Stärke empfiehlt sich dieses Produkt weniger für empfindliche Snuser.</span><br><span></span></p>
</div>
<div class=""info"">
<div class=""info"">
<div class=""item flex"">
<div class=""title""><span>Der Artikel erscheint in einem neuen Design, hat jedoch die selbe Rezeptur wie der alt bekannte Fresh Ultra Stark WP - Slim</span></div>
</div>
</div>
</div>
</div>",Fresh Ultra Stark No.05 WP Slim,Unisex,,,,,,,https://cdn.shopify.com/s/files/1/0072/0646/9679/products/FreshUltraStarkWP-Slim.png,,,,,5.20,,1,G,30,IN,3,3,3,,,,
,,SK-7005-1,Unisex,Title,Default Title,,,,,,,,,,5.20,,1,G,30,IN,3,3,3,,,Skruf,Fresh Ultra Stark No.05 WP Slim
Orange Apple Strong AW,"<p>XQS Orange Apple Strong hat eine Kombination aus frischem Orangen- und Apfelgeschmack mit einem perfekten Feuchtigkeitsgrad, um die kontrollierte Freisetzung von Geschmack und Nikotin zu ermöglichen.</p>
<p>Die Beutel sind ganz weiss und färben nicht auf die Zähne ab. Die Beutel sind schlank und fühlen sich unter der Lippe angenehm an. <span data-mce-fragment=""1"">Die Beutel müssen nicht gekühlt aufbewahrt werden.</span></p>
<p><br></p>",Orange Apple Strong AW,Unisex,,,,,,,https://cdn.shopify.com/s/files/1/0072/0646/9679/files/XQS_Orange_Apple_sized.png,,,,,4.20,0.00,1,G,1,IN,3,3,3,,,,
,,XQ-3015-1,Unisex,Title,Default Title,,,,,,,,,,4.20,0.00,1,G,1,IN,3,3,3,,,XQS,Orange Apple Strong AW
Black -80 Degrees WDP,"<meta charset=""utf-8"">
<div class=""item flex"">
<div class=""title"">
<div class=""info"">
<p>Den beliebten schwarzen Siberia gibt es nun auch als White Dry Portion - schöne Dose und ein gewohnt starker Nikotinkick, einfach ohne Minz-/Mentholgeschmack. Siberia Black -80 Degrees White Dry Portion ist ein trockener Portionssnus mit einem sehr deutlichen Tabakgeschmack. Dieser Snus hat einen extrem hohen Nikotingehalt und eine Portion enthält mehr als fünfmal so viel Nikotin wie normal starker Snus (8 mg/g). Wird Menschen, die Nikotin gegenüber empfindlich sind, weniger empfohlen. Siberia zählt zusammen mit Oden‘s zu den beliebtesten Snusmarken der Schweiz. </p>
</div>
</div>
</div>
<div class=""item flex""></div>",Black -80 Degrees WDP,Unisex,,,,,,,https://cdn.shopify.com/s/files/1/0072/0646/9679/products/siberia-black-white-dry-portion.png,,,,,5.20,,1,G,30,IN,3,3,3,,,,
,,SI-4005-1,Unisex,Title,Default Title,,,,,,,,,,5.20,,1,G,30,IN,3,3,3,,,Siberia,Black -80 Degrees WDP
No.3 Lemon Curd AW,"<p>Erlebe Après No.3 Lemon Curd All White – Dein erfrischender Begleiter für ein sanftes und belebendes Nikotinerlebnis. Mit einem Nikotingehalt von 8 mg/g und einer Stärke von 2/5 bietet Dir dieser Snus eine angenehme und langanhaltende Wirkung. Die 20 Slim Beutel enthalten insgesamt 11g Tabakersatz und sorgen für einen diskreten und komfortablen Genuss.</p>
<p>Après No.3 Lemon Curd AW wurde entwickelt, um das Gefühl einer frisch gepflückten Zitrone aus den Feldern Argentiniens einzufangen. Der intensive, frische Duft beim Öffnen der Dose sorgt für eine sensorische Explosion und bietet Dir die perfekte Mischung aus süss und sauer.</p>
<p>Geniesse den erfrischenden Zitronengeschmack von Après No.3 Lemon Curd All White. Gönn Dir diesen spritzigen und belebenden Genuss und bringe neue Frische in Deinen Alltag!</p>",No.3 Lemon Curd AW,Unisex,,,,,,,https://cdn.shopify.com/s/files/1/0072/0646/9679/files/apres-no-3-lemon-curd-aw-2023.png,,,,,5.20,0.00,1,G,1,IN,3,3,3,,,,
,,AP-3005-1,Unisex,Title,Default Title,,,,,,,,,,5.20,0.00,1,G,1,IN,3,3,3,,,Après,No.3 Lemon Curd AW
Tropical Mango 150mg,"Mit <a href=""https://snushus.ch/collections/nikotinfreie-portion"" title=""CBD Pouches bestellen | Snushus.ch"">CBD</a> angereicherte Beutel mit kühler und subtiler Mango, die frisch, saftig aber nicht übermässig süss ist und an eine Reise auf eine exotische Insel erinnert. <span data-mce-fragment=""1"">Hergestellt mit allen natürlichen Zutaten (THC-Frei, Tabakfrei und Nikotinfrei). Rauchlos, diskret und schnell wirkend.</span><br>",Tropical Mango 150mg,Unisex,,,,,,,https://cdn.shopify.com/s/files/1/0072/0646/9679/files/CannadipsMangoTinFront_9f1a4014-69a9-4300-9abc-8b2c5a7e6e12.png,,,,,8.90,,1,G,30,IN,3,3,3,,,,
,,CD-4000-1,Unisex,Title,Default Title,,,,,,,,,,8.90,,1,G,30,IN,3,3,3,,,Cannadips,Tropical Mango 150mg
Extreme WDP Slim 500g Box,"<p>Soldat Extreme für die langen Tage auf dem Feld! Mit seinen unglaublichen 45 mg/g Nikotingehalt, gibt er jedem Snuser einen unverwechselbaren Kick welcher lange anhält. Unter der Lippe fühlen sich die Beutel sehr geschmeidig an und der Minz/Menthol Geschmack kommt angenehm zur Geltung. Jetzt auch in der beliebten 500g Box erhältlich! <br></p>",Extreme WDP Slim 500g Box,Unisex,,,,,,,https://cdn.shopify.com/s/files/1/0072/0646/9679/files/soldat-black-extreme-white-dry-portion-slim-500g-box.png,,,,,99.00,0.00,1,G,600000,IN,3,3,3,,,,
,,SO-3125-1,Unisex,Title,Default Title,,,,,,,,,,99.00,0.00,1,G,600000,IN,3,3,3,,,Soldat,Extreme WDP Slim 500g Box
Frosted WDP Slim,"<meta charset=""utf-8"">
<div class=""item flex "">
<div class=""title"">
<div class=""info"">
<p><span>Thunder Frosted Slim White Dry Portion ist ein kraftvoller Snus, wie die meisten der Thunder Serie. Im Slim Format liegt er angenehm unter der Lippe und als White Dry Portion rinnt er sehr wenig. Hergestellt wird dieser Snus von V2 in Dänemark.</span></p>
</div>
</div>
</div>
<div class=""item flex ""></div>",Frosted WDP Slim,Unisex,,,,,,,https://cdn.shopify.com/s/files/1/0072/0646/9679/products/thunder-frosted-slim-white-dry-portion.png,,,,,4.80,,1,G,30,IN,3,3,3,,,,
,,TH-4005-1,Unisex,Title,Default Title,,,,,,,,,,4.80,,1,G,30,IN,3,3,3,,,Thunder,Frosted WDP Slim
X WDP Slim,"<meta charset=""utf-8"">
<div class=""item flex "">
<div class=""title"">
<div class=""info"">
<p>Thunder X Slim White Dry Portion ist, wie die meisten der Thunder Produkte, ein sehr starker Snus und rinnt als White Dry Portion sehr wenig. Mit klassischem Minzgeschmack und seinem hohen Nikotingehalt ist dieser Snus nur erfahrenen Snuser zu empfehlen.</p>
</div>
</div>
</div>
<div class=""item flex ""></div>",X WDP Slim,Unisex,,,,,,,https://cdn.shopify.com/s/files/1/0072/0646/9679/products/thunder-x-slim-white-dry-portion.png,,,,,4.80,,1,G,30,IN,3,3,3,,,,
,,TH-3005-1,Unisex,Title,Default Title,,,,,,,,,,4.80,,1,G,30,IN,3,3,3,,,Thunder,X WDP Slim
XRANGE Strong WP Slim,"<meta charset=""utf-8"">
<div class=""item flex"">
<div class=""title"">
<div class=""info"">
<p>Der XRANGE General Slim Strong White ist ein Klassiker vom Hersteller Swedish Match, welcher immer für hohe Qualität steht. Dieser Snus ist hell und trocken auf der Aussenseite des Beutels und rinnt damit sehr wenig. Auf der Innenseite ist der Snus angenehm feucht und erlaubt damit die Wahrnehmung vom würzigen Tabakgeschmack mit Spuren von Citrus und Bergamotte sowie Tee. </p>
</div>
</div>
</div>
<div class=""item flex""></div>",XRANGE Strong WP Slim,Unisex,,,,,,,https://cdn.shopify.com/s/files/1/0072/0646/9679/files/general-xrange-strong-white-portion-2023.png,,,,,5.20,,1,G,30,IN,3,3,3,,,,
,,GE-3015-1,Unisex,Title,Default Title,,,,,,,,,,5.20,,1,G,30,IN,3,3,3,,,General,XRANGE Strong WP Slim
Double Mint Extreme WDP Slim,"<meta charset=""utf-8"">
<div class=""item flex "">
<div class=""title""></div>
</div>
<div class=""item flex "">
<div class=""info"">
<div class=""info"">
<p>Odens Double Mint Extreme White Dry Portion Slim ist ein sogenannter ""White Dry"" Portionssnus. Die Portionen sind, wie der Name schon sagt, trockener als andere Sorten und haben einen hohen Nikotingehalt. Der Geschmack von Odens Double Mint ist von scharfer Natur mit überzeugenden Pfefferminzakzenten.</p>
</div>
<div class=""info"">
<div class=""info"">
<div class=""item flex ""></div>
</div>
</div>
</div>
<div class=""info"">
<div class=""item flex ""></div>
</div>
</div>",Double Mint Extreme WDP Slim,Unisex,,,,,,,https://cdn.shopify.com/s/files/1/0072/0646/9679/products/odens-double-mint-white-dry-slim-portion.png,,,,,4.60,,1,G,30,IN,3,3,3,,,,
,,OD-5015-1,Unisex,Title,Default Title,,,,,,,,,,4.60,,1,G,30,IN,3,3,3,,,Oden's,Double Mint Extreme WDP Slim
4.0,"<p><span data-mce-fragment=""1"">Feier das 40-jährige Jubiläum mit der Special Edition von Makla - Makla 4.0! Hergestellt aus sonnengetrockneten Rustica Tabakblättern, bietet der Tabak </span><span data-mce-fragment=""1"">einen milden, aber dennoch kraftvollen Kick. Entdecke die einzigartige Kombination aus Qualität und Tradition.</span></p>",4.0,Unisex,,,,,,,https://cdn.shopify.com/s/files/1/0072/0646/9679/files/makla-4.0.png,,,,,5.90,0.00,1,G,1,IN,3,3,3,,,,
,,MA-3000-1,Unisex,Title,Default Title,,,,,,,,,,5.90,0.00,1,G,1,IN,3,3,3,,,Makla,4.0
Juicy Berry AW,"Anfänglich saftige und zitrusartige Frische kombiniert mit Melonenfruchtigkeit und Süsse, gefolgt von einem frischen und fruchtigen Beerengeschmack.",Juicy Berry AW,Unisex,,,,,,,https://cdn.shopify.com/s/files/1/0072/0646/9679/files/strom-juicy-berry-aw-sized.png,,,,,4.90,0.00,1,G,13,IN,3,3,3,,,,
,,SR-2010-1,Unisex,Title,Default Title,,,,,,,,,,4.90,0.00,1,G,13,IN,3,3,3,,,STRÖM,Juicy Berry AW
Super White Indigo Berry No.62 AW,"<meta charset=""utf-8"">
<div class=""item flex"">
<div class=""title""><br></div>
</div>
<div class=""item flex"">
<div class=""info"">
<p><span></span><span>Auf aromatisierter Zellulosebasis und völlig frei von Tabak kommen auch die Skruf Super White Beutel im Slim Format. Ohne Tabak bedeutet ohne gewöhnungsbedürftigen Tabakgeruch sowie ohne jegliche Tabakschadstoffe - aktuell gibt es weltweit keine weniger schädliche Art, Nikotin zu konsumieren. All White Snus / Nicotine Pouches bietet sich deshalb vor allem Rauchern an, welche mit Rauchentwöhnung wie Nikotinpflaster, Nikotinkaugummi oder Nikotinspray nichts anfangen können.<br></span></p>
<p> </p>
<p>Der Skruf Super White Blackberry schmeckt nach süsser Brombeere und hat einen durchschnittlichen Nikotingehalt.</p>
</div>
<div class=""info"">
<div class=""info"">
<div class=""item flex"">
<div class=""title""><br></div>
<div class=""title""><br></div>
</div>
</div>
</div>
</div>",Super White Indigo Berry No.62 AW,Unisex,,,,,,,https://cdn.shopify.com/s/files/1/0072/0646/9679/products/skruf-indigo-berry-no-62-sized.png,,,,,5.20,,1,G,30,IN,3,3,3,,,,
,,SK-3005-1,Unisex,Title,Default Title,,,,,,,,,,5.20,,1,G,30,IN,3,3,3,,,Skruf,Super White Indigo Berry No.62 AW
Ifrikia,"<p><span data-mce-fragment=""1"">Entdecke den köstlichen Makla Ifrikia mit einem Nikotingehalt von 11mg/g. Geniesse den Geschmack von Rauem Tabak in der praktischen 20g Dose. </span></p>
<p><span data-mce-fragment=""1"">Hol Dir jetzt den einzigartigen Genuss von Makla Ifrikia!</span></p>",Ifrikia,Unisex,,,,,,,https://cdn.shopify.com/s/files/1/0072/0646/9679/files/Makla_IFRIKIAsized2024.png,,,,,5.00,0.00,1,G,20,IN,3,3,3,,,,
,,MA-4005-1,Unisex,Title,Default Title,,,,,,,,,,5.00,0.00,1,G,20,IN,3,3,3,,,Makla,Ifrikia
Cinnamon Flame AW,"<p>Erlebe <a href=""https://snushus.ch/collections/velo-snus"">VELO</a> Cinnamon Flame AW – Dein perfekter Begleiter für ein würziges und erfrischendes Nikotinerlebnis. Mit einem köstlichen Zimtgeschmack und einer Stärke von 3/5 und 14,3 mg/g bietet Dir dieser Snus eine angenehme und langanhaltende Wirkung. </p>
<p>Auf aromatisierter Zellulosebasis und völlig frei von Tabak kommen die VELO Beutel im Slim Format. Ohne Tabak bedeutet ohne den gewöhnungsbedürftigen Tabakgeruch sowie ohne jegliche Tabakschadstoffe – weltweit gibt es aktuell keine weniger schädliche Art, Nikotin zu konsumieren. VELO Cinnamon Flame AW ist besonders geeignet für alle, die ein ausgewogenes und aromatisches Snus-Erlebnis suchen.</p>
<p>Geniesse den würzigen Zimtgeschmack von VELO Cinnamon Flame AW und erlebe die Vorteile eines tabakfreien Nikotinerlebnisses. Diese Kombination sorgt für ein angenehmes und wärmendes Aroma, das Deine Sinne belebt und Dir ein wohltuendes Gefühl gibt.</p>
<p>Bestelle jetzt Deinen VELO Cinnamon Flame AW online und entdecke, warum VELO die bevorzugte Wahl für Snus-Liebhaber ist. Gönn Dir diesen aromatischen Genuss und bringe Würze in Deinen Alltag! VELO Snus kaufen war noch nie so einfach und bequem.</p>
<p><span data-mce-fragment=""1"">Die VELO Sensations-Serie ist für den erfahrenen Nutzer gedacht, der eine andere Art von Produktintensität sucht.</span></p>",Cinnamon Flame AW,Unisex,,,,,,,https://cdn.shopify.com/s/files/1/0072/0646/9679/files/velo-cinnamon-flame-aw.png,,,,,5.20,0.00,1,G,14,IN,3,3,3,,,,
,,VE-4005-1,Unisex,Title,Default Title,,,,,,,,,,5.20,0.00,1,G,14,IN,3,3,3,,,VELO (SE),Cinnamon Flame AW
Double Mint Extreme WDP,"<meta charset=""utf-8"">
<div class=""item flex "">
<div class=""title""></div>
</div>
<div class=""item flex "">
<div class=""info"">
<p>Odens Double Mint Extreme White Dry Portion ist ein sogenannter ""white dry"" Portionssnus. Die Portionen sind, wie der Name schon sagt, trockener als andere Sorten und haben einen hohen Nikotingehalt. <br>Der Geschmack ist von scharfer Natur mit überzeugenden Pfefferminzakzenten.</p>
</div>
<div class=""info""></div>
<div class=""info"">
<div class=""info"">
<div class=""item flex ""></div>
</div>
</div>
</div>",Double Mint Extreme WDP,Unisex,,,,,,,https://cdn.shopify.com/s/files/1/0072/0646/9679/products/odens-double-mint-white-dry-portion.png,,,,,4.80,,1,G,30,IN,3,3,3,,,,
,,OD-5005-1,Unisex,Title,Default Title,,,,,,,,,,4.80,,1,G,30,IN,3,3,3,,,Oden's,Double Mint Extreme WDP
No.5 Ice Tea Peach AW Mini,"<p>Entdecke Après No.5 Ice Tea Peach All White Mini – Dein köstlicher Begleiter für ein leichtes und erfrischendes Nikotinerlebnis. Mit einem Nikotingehalt von 8 mg/g und einer Stärke von 2/5 bietet Dir dieser Snus eine sanfte und langanhaltende Wirkung. Die Mini Pouches sind ideal für den diskreten und komfortablen Genuss.</p>
<p>Après No.5 Ice Tea Peach Mini ist ein Genuss für die Sinne. Der Geschmack von süssem Pfirsich und einem Hauch von schwarzem Tee sorgt für ein vollmundiges Eistee-Erlebnis. Es ist fast so, als hättest Du eine grosse Karaffe Eistee direkt in einen weichen kleinen Beutel gegossen.</p>",No.5 Ice Tea Peach AW Mini,Unisex,,,,,,,https://cdn.shopify.com/s/files/1/0072/0646/9679/files/apres-no-5-ice-tea-peach-mini-aw.png,,,,,5.20,,1,G,26000,IN,3,3,3,,,,
,,AP-5015-1,Unisex,Title,Default Title,,,,,,,,,,5.20,,1,G,26000,IN,3,3,3,,,Après,No.5 Ice Tea Peach AW Mini
Natural Mint 150mg,"<p bis_size='{""x"":11,""y"":9,""w"":565,""h"":58,""abs_x"":667,""abs_y"":289}'><a href=""https://snushus.ch/collections/nikotinfreie-portion"" title=""Nikotinfreier Snus | Snushus.ch"" bis_size='{""x"":11,""y"":9,""w"":26,""h"":18,""abs_x"":667,""abs_y"":289}'>CBD</a> Portionsbeutelchen mit einem balancierten Geschmack von süsser und frischer Minze. <span data-mce-fragment=""1"" bis_size='{""x"":11,""y"":29,""w"":521,""h"":38,""abs_x"":667,""abs_y"":309}'>Hergestellt mit allen natürlichen Zutaten (THC-Frei, Tabakfrei und Nikotinfrei). Rauchlos, diskret und schnell wirkend.</span></p>",Natural Mint 150mg,Unisex,,,,,,,https://cdn.shopify.com/s/files/1/0072/0646/9679/files/CannadipsMintTinFront_d289570d-4ce9-40b1-a566-7e4cfcf25a48.png,,,,,8.90,,1,G,30,IN,3,3,3,,,,
,,CD-2000-1,Unisex,Title,Default Title,,,,,,,,,,8.90,,1,G,30,IN,3,3,3,,,Cannadips,Natural Mint 150mg
Blau -80 Degrees WP,"<meta charset=""utf-8"">
<div class=""item flex"">
<div class=""title"">
<div class=""info"">
<div class=""info"">
<p>Siberia White Portion ist ein starker Snus mit hohem Nikotingehalt und Minzgeschmack. Der Snus hat einen Nikotingehalt von 24 mg/g und es gibt ihn nun auch in der Portionsform zu kaufen. Der Snus hat einen würzigen Geschmack nach Minze, der lange anhält. Der hohe Nikotingehalt wird durch einen hohen Feuchtigkeitsgehalt von 45 % ausgeglichen, was unüblich ist für starke Snus-Sorten. Siberia gehört zusammen zu <a title=""Oden´s"" href=""https://snushus.ch/collections/odens"">Oden´s</a> zu den beliebtesten Snus-Marken. <span>Bei Fragen, Wünschen oder Anregungen </span><span>kannst du </span><span>uns </span><span>gerne auf der </span><span></span><a title=""Kontakt"" href=""https://snushus.ch/pages/kontakt"">Kontaktseite</a><span> s</span><span>chreiben</span><span>.</span></p>
</div>
<div class=""info"">
<div class=""info"">
<div class=""item flex""></div>
</div>
</div>
</div>
<div class=""info""></div>
<div class=""info"">
<div class=""info"">
<div class=""item flex""></div>
</div>
</div>
</div>
</div>
<div class=""item flex""></div>",Blau -80 Degrees WP,Unisex,,,,,,,https://cdn.shopify.com/s/files/1/0072/0646/9679/files/Snus_Container_Top_View_Siberia_White_Ice_Cold.png,,,,,5.20,,1,G,30,IN,3,3,3,,,,
,,SI-2005-1,Unisex,Title,Default Title,,,,,,,,,,5.20,,1,G,30,IN,3,3,3,,,Siberia,Blau -80 Degrees WP
Tropical Mango,"<p>Mit einem kühlen und subtilen Mango Geschmack, der frisch und saftig, aber nicht übermässig süss ist. Erinnert an eine Reise zu einer exotischen Insel.</p>
<p>Begebe Dich auf eine Reise ins Paradies mit den COCO Tropical Mango Nikotinbeuteln, die mit rein natürlichen Aromen versetzt sind. Tauche ein in die üppige Süsse reifer Mangos, während jeder Beutel Dich an sonnenverwöhnte Strände und auf exotische Inseln entführt. Erlebe mit jedem Beutel die perfekte Mischung aus tropischer Verlockung und authentischer Nikotinbefriedigung.<br data-mce-fragment=""1""><br></p>
<p> </p>
<p>Verwendung:</p>
<p><span data-mce-fragment=""1"">Für eine schnelle Freisetzung von Nikotin und Aromen:</span><br data-mce-fragment=""1""><span data-mce-fragment=""1"">1. Befeuchte den Beutel, indem Du ihn auf die Zunge legst.</span><br data-mce-fragment=""1""><span data-mce-fragment=""1"">2. Sobald der Beutel feucht ist, kaue den Beutel einmal vorsichtig. Achte darauf, den Beutel nicht zu </span><span data-mce-fragment=""1"">öffnen</span><span data-mce-fragment=""1"">.</span><br data-mce-fragment=""1""><span data-mce-fragment=""1"">3. Lege den Beutel unter die Oberlippe und spüre den intensiven Geschmack und die schnelle Nikotinfreisetzung.</span><br data-mce-fragment=""1""><span data-mce-fragment=""1"">4. Geniesse den Kick bis zu einer Stunde lang</span><br></p>",Tropical Mango,Unisex,,,,,,,https://cdn.shopify.com/s/files/1/0072/0646/9679/files/CoCo_tropical_Mango_sized_4759ce2e-6141-419b-9333-8a2d604a4445.png,,,,,5.90,0.00,1,G,1,IN,3,3,3,,,,
,,CO-3005-1,Unisex,Title,Default Title,,,,,,,,,,5.90,0.00,1,G,1,IN,3,3,3,,,COCO,Tropical Mango
Black Edition AW,"<meta charset=""utf-8"">
<div class=""item flex"">
<div class=""title"">
<div class=""info"">
<div class=""info"">
<p>Unter der Marke White Fox vertreibt der Produzent von <a href=""https://snushus.ch/collections/odens"" title=""Oden's"">Oden's</a> und <a href=""https://snushus.ch/collections/siberia"" title=""Siberia"">Siberia </a>(GN Tobacco) seine All White Portionsbeutel. Der White Fox kommt mit einem eisigen Minzgeschmack im Slim Beutel.</p>
<p> </p>
<p>Auf aromatisierter Zellulosebasis und völlig frei von Tabak kommen auch die White Fox Beutel im Slim Format. Ohne Tabak bedeutet ohne gewöhnungsbedürftigen Tabakgeruch sowie ohne jegliche Tabakschadstoffe - aktuell gibt es weltweit keine weniger schädliche Art, Nikotin zu konsumieren. All White Snus / Nicotine Pouches bietet sich deshalb vor allem Rauchern an, welche mit Rauchentwöhnung wie Nikotinpflaster, Nikotinkaugummi oder Nikotinspray nichts anfangen können.</p>
</div>
</div>
</div>
</div>
<div class=""item flex""></div>",Black Edition AW,Unisex,,,,,,,https://cdn.shopify.com/s/files/1/0072/0646/9679/products/32d9dcfa3a31396d441e599e0cd7dd38.jpg,,,,,5.20,0.00,1,G,30000,IN,3,3,3,,,,
,,WF-5005-1,Unisex,Title,Default Title,,,,,,,,,,5.20,0.00,1,G,30000,IN,3,3,3,,,White Fox,Black Edition AW
Urban Vibe Ultra Strong AW,"Nur kurz verfügbar! <br data-mce-fragment=""1"">Bei diesem Produkt handelt es sich um Restposten, welcher etwas älter ist. Die Produkte wurden von uns getestet und sind problemlos geniessbar.<br data-mce-fragment=""1"">",Urban Vibe Ultra Strong AW,Unisex,,,,,,,https://cdn.shopify.com/s/files/1/0072/0646/9679/products/velo-urban-vibe-ultra-strong-aw.png,,,,,6.90,,1,G,18,IN,3,3,3,,,,
,,VE-5505-1,Unisex,Title,Default Title,,,,,,,,,,6.90,,1,G,18,IN,3,3,3,,,VELO (SK),Urban Vibe Ultra Strong AW
Strong Cola WP Slim,"<meta charset=""utf-8"">
<div class=""item flex"">
<div class=""title""></div>
</div>
<div class=""item flex"">
<div class=""info"">
<div class=""info"">
<p>Mit einer Mischung von intensivem Cola-Geschmack und traditionellem Snus, bietet dieser Snus für alle Snus-Liebhaber etwas! Es ist ein trockener White Portion Snus und die Beutel kommen in dieser Variante im Slim Format. Mit gemässigten 14 mg/g Nikotin ist es ein angenehmer Snus für den alltäglichen Gebrauch.</p>
</div>
<div class=""info"">
<div class=""info"">
<div class=""item flex""></div>
</div>
</div>
</div>
<div class=""info"">
<div class=""item flex""></div>
</div>
</div>",Strong Cola WP Slim,Unisex,,,,,,,https://cdn.shopify.com/s/files/1/0072/0646/9679/products/jakobssons-strong-cola-white-portion.png,,,,,4.60,,1,G,30,IN,3,3,3,,,,
,,JK-2015-1,Unisex,Title,Default Title,,,,,,,,,,4.60,,1,G,30,IN,3,3,3,,,Jakobssons,Strong Cola WP Slim
Extreme WDP 500g Box,"<p>Soldat Extreme für die langen Tage auf dem Feld! Mit seinen unglaublichen 45 mg/g Nikotingehalt, gibt er jedem Snuser einen unverwechselbaren Kick welcher lange anhält. Unter der Lippe fühlen sich die Beutel sehr geschmeidig an und der Minz/Menthol Geschmack kommt angenehm zur Geltung. Jetzt auch in der beliebten 500g Box erhältlich!<br></p>",Extreme WDP 500g Box,Unisex,,,,,,,https://cdn.shopify.com/s/files/1/0072/0646/9679/files/soldat-black-extreme-white-dry-portion-500g-box.png,,,,,99.00,,1,G,600000,IN,3,3,3,,,,
,,SO-3025-1,Unisex,Title,Default Title,,,,,,,,,,99.00,,1,G,600000,IN,3,3,3,,,Soldat,Extreme WDP 500g Box
Cold Mint Extra Strong AW,<span>Killa Cold Mint Extra Strong Slim All White - schlanke Portionen mit kühlendem Minzgeschmack.</span>,Cold Mint Extra Strong AW,Unisex,,,,,,,https://cdn.shopify.com/s/files/1/0072/0646/9679/products/c3a9d8486e1d81d69a40a5851c68db83.jpg,,,,,5.20,0.00,1,G,28000,IN,3,3,3,,,,
,,KI-1005-1,Unisex,Title,Default Title,,,,,,,,,,5.20,0.00,1,G,28000,IN,3,3,3,,,Killa,Cold Mint Extra Strong AW
Mini Cool Mint 9mg AW,"ZYN Mini Cool Mint ist treffend benannt - es liefert einen kühlenden Mentholgeschmack mit Noten von Pfefferminze. Die Beutel sind trocken und beginnen Geschmack und Nikotin zu liefern, sobald sie ein wenig feucht werden.",Mini Cool Mint 9mg AW,Unisex,,,,,,,https://cdn.shopify.com/s/files/1/0072/0646/9679/products/zyn-mini-cool-mint-9mg-aw.png,,,,,1.99,0.00,1,G,1,IN,3,3,3,,,,
,,ZY-1205-1,Unisex,Title,Default Title,,,,,,,,,,1.99,0.00,1,G,1,IN,3,3,3,,,ZYN,Mini Cool Mint 9mg AW
Super White Fresh Mint MAX No.66 AW,"<meta charset=""utf-8"">
<div class=""item flex"">
<div class=""title""></div>
</div>
<div class=""item flex"">
<div class=""info"">
<p> Auf aromatisierter Zellulosebasis und völlig frei von Tabak kommen auch die Skruf Super White Beutel im Slim Format. Ohne Tabak bedeutet ohne gewöhnungsbedürftigen Tabakgeruch sowie ohne jegliche Tabakschadstoffe - aktuell gibt es weltweit keine weniger schädliche Art, Nikotin zu konsumieren. All White Snus / Nicotine Pouches bietet sich deshalb vor allem Rauchern an, welche mit Rauchentwöhnung wie Nikotinpflaster, Nikotinkaugummi oder Nikotinspray nichts anfangen können.</p>
<div class=""info"">
<p>Der Skruf Super White Fresh MAX #6 schmeckt nach frischer Minze und kommt in tradionellen, normal grossen Beuteln. Der schwarz verpackte All White Snus kommt mit starken 23 mg/g Nikotin!</p>
</div>
<div class=""info"">
<div class=""info"">
<div class=""item flex"">
<div class=""title""></div>
</div>
</div>
</div>
</div>
<div class=""info"">
<div class=""info"">
<div class=""item flex"">
<div class=""title""><br></div>
<div class=""title"">
<div class=""info"">
<p>Der Artikel erscheint in einem neuen Design, hat jedoch die selbe Rezeptur wie der alt bekannte Super White Fresh MAX #6 AW</p>
</div>
<div class=""info"">
<div class=""info"">
<div class=""item flex"">
<div class=""title""></div>
</div>
</div>
</div>
</div>
</div>
</div>
</div>
</div>",Super White Fresh Mint MAX No.66 AW,Unisex,,,,,,,https://cdn.shopify.com/s/files/1/0072/0646/9679/products/SkrufFreshMax_66.png,,,,,5.20,0.00,1,G,35,IN,3,3,3,,,,
,,SK-1305-1,Unisex,Title,Default Title,,,,,,,,,,5.20,0.00,1,G,35,IN,3,3,3,,,Skruf,Super White Fresh Mint MAX No.66 AW
Minty Orange AW,"Die kühlende Frische der Minze kombiniert mit saftigem, bittersüssem Orangenaroma und Noten von Orangenschalen.",Minty Orange AW,Unisex,,,,,,,https://cdn.shopify.com/s/files/1/0072/0646/9679/files/strom-minty-orange-aw-sized.png,,,,,4.90,0.00,1,G,13,IN,3,3,3,,,,
,,SR-3010-1,Unisex,Title,Default Title,,,,,,,,,,4.90,0.00,1,G,13,IN,3,3,3,,,STRÖM,Minty Orange AW
Soldat WP,"<meta charset=""utf-8"">
<div class=""item flex "">
<div class=""title""></div>
</div>
<div class=""item flex "">
<div class=""info"">
<p>Ein Snus mit klarem und frischem Geschmack. Er erhebt sich nicht, ist nicht aufdringlich und beeinträchtigt nicht Ihre Geschmacksknospen. Der Soldat ist da. Sicher, stabil und zur richtigen Zeit am richtigen Ort.</p>
</div>
<div class=""info"">
<div class=""info""></div>
</div>
</div>",Soldat WP,Unisex,,,,,,,https://cdn.shopify.com/s/files/1/0072/0646/9679/products/soldat-white-portion.png,,,,,3.90,,1,G,30,IN,3,3,3,,,,
,,SO-1005-1,Unisex,Title,Default Title,,,,,,,,,,3.90,,1,G,30,IN,3,3,3,,,Soldat,Soldat WP
Xtra Stark No.24 WP,"<meta charset=""utf-8"">
<div class=""item flex"">
<div class=""title""></div>
</div>
<div class=""item flex"">
<div class=""info"">
<p><span></span><span>Skruf Xtra Stark White Portion ist ein starker Snus mit klassischem Tabakgeschmack - und deshalb Liebhabern zu empfehlen. Hergestellt wird dieser Snus von Skruf in Schweden und gehört zu den beliebtesten Produkten des Konzerns.</span></p>
<p> </p>
<p><span>Der Artikel erscheint in einem neuen Design, hat jedoch die selbe Rezeptur wie der alt bekannte Skruf Xtra Stark WP</span></p>
</div>
<div class=""info"">
<div class=""info"">
<div class=""item flex"">
<div class=""title""><br></div>
</div>
</div>
</div>
</div>",Xtra Stark No.24 WP,Unisex,,,,,,,https://cdn.shopify.com/s/files/1/0072/0646/9679/products/skrufXtraStarkWhite.png,,,,,5.20,,1,G,30,IN,3,3,3,,,,
,,SK-6005-1,Unisex,Title,Default Title,,,,,,,,,,5.20,,1,G,30,IN,3,3,3,,,Skruf,Xtra Stark No.24 WP
Cool Mint X-Strong WDP,"Der T45 Cool Mint ist ein alltägliches Produkt mit Menthol Geschmack für jeden Snuser, der auf der Suche nach einem Nikotinkick ist. Der T45 Cool Mint Snus vermittelt eine klare, lang anhaltende Frische, während die Aromen auch für eine lange Lebensdauer geschaffen wurden.",Cool Mint X-Strong WDP,Unisex,,,,,,,https://cdn.shopify.com/s/files/1/0072/0646/9679/products/t45-cool-mint-xstrong-white-dry-portion-front.png,,,,,3.90,,1,G,30,IN,3,3,3,,,,
,,T4-1005-1,Unisex,Title,Default Title,,,,,,,,,,3.90,,1,G,30,IN,3,3,3,,,T45,Cool Mint X-Strong WDP
Peppermint AW,"<meta charset=""utf-8"">
<div class=""item flex"">
<div class=""title"">
<div class=""info"">
<div class=""info"">
<p>Unter der Marke White Fox vertreibt der Produzent von <a href=""https://snushus.ch/collections/odens"" title=""Oden's"">Oden's</a> und <a href=""https://snushus.ch/collections/siberia"" title=""Siberia"">Siberia </a>(GN Tobacco) seine All White Portionsbeutel. Der White Fox kommt mit einem eisigen Minzgeschmack im Slim Beutel.</p>
<p> </p>
<p>Auf aromatisierter Zellulosebasis und völlig frei von Tabak kommen auch die White Fox Beutel im Slim Format. Ohne Tabak bedeutet ohne gewöhnungsbedürftigen Tabakgeruch sowie ohne jegliche Tabakschadstoffe - aktuell gibt es weltweit keine weniger schädliche Art, Nikotin zu konsumieren. All White Snus / Nicotine Pouches bietet sich deshalb vor allem Rauchern an, welche mit Rauchentwöhnung wie Nikotinpflaster, Nikotinkaugummi oder Nikotinspray nichts anfangen können.</p>
</div>
</div>
</div>
</div>
<div class=""item flex""></div>",Peppermint AW,Unisex,,,,,,,https://cdn.shopify.com/s/files/1/0072/0646/9679/products/fe93b5a36240d50c4d88c4598d1928d1.jpg,,,,,5.20,0.00,1,G,30000,IN,3,3,3,,,,
,,WF-4005-1,Unisex,Title,Default Title,,,,,,,,,,5.20,0.00,1,G,30000,IN,3,3,3,,,White Fox,Peppermint AW
Mini Tropic Breeze Medium AW,"<p>Nur kurz verfügbar! <br>Bei diesem Produkt handelt es sich um Restposten, welcher etwas älter ist. Die Produkte wurden von uns getestet und sind problemlos geniessbar.</p>
<p>Aromatisiert mit exotischer Mandarine, Passionsfrucht und Mango, die an den Sommer erinnern.</p>
<p>EPOK, LYFT oder VELO?! <br>Weitere Informationen dazu findest Du in <a href=""https://snushus.ch/blogs/snusbuch/was-ist-all-white-snus"" target=""_blank"">unserem Blog</a>.</p>",Mini Tropic Breeze Medium AW,Unisex,,,,,,,https://cdn.shopify.com/s/files/1/0072/0646/9679/files/velo-mini-tropic-breeze-medium-aw.png,,,,,5.50,,1,G,1,IN,3,3,3,,,,
,,VE-2805-1,Unisex,Title,Default Title,,,,,,,,,,5.50,,1,G,1,IN,3,3,3,,,VELO (SK),Mini Tropic Breeze Medium AW
No.9 Cactus Lime AW,"<p>Entdecke Après No.9 Cactus Lime All White Slim – Dein erfrischender Begleiter für ein leichtes und belebendes Nikotinerlebnis. Mit einer Stärke von 2/5 und einem Nikotingehalt von 8 mg/g bietet Dir dieser Snus eine sanfte und langanhaltende Wirkung. Die Slim Beutel sorgen für einen diskreten und komfortablen Genuss.</p>
<p>Après No.9 Cactus Lime ist eine einzigartige Mischung aus zwei besonderen Aromen – Kaktus und Limette. Diese Kombination schafft eine perfekte Harmonie zwischen der Trockenheit der Wüste und der Feuchtigkeit des tropischen Waldes. Das Geschmackserlebnis ist unvergleichlich und wird in einem weichen, kleinen Beutel geliefert, der sich perfekt für den täglichen Gebrauch eignet.</p>",No.9 Cactus Lime AW,Unisex,,,,,,,https://cdn.shopify.com/s/files/1/0072/0646/9679/files/apres-no-9-cactus-lime-aw.png,,,,,5.20,0.00,1,G,1,IN,3,3,3,,,,
,,AP-6005-1,Unisex,Title,Default Title,,,,,,,,,,5.20,0.00,1,G,1,IN,3,3,3,,,Après,No.9 Cactus Lime AW
Cold Extreme OP,"Odens Cold Extreme Original Portion ist ein Produkt für traditionelle Snuser.<br data-mce-fragment=""1"">Durch die feuchten Beutel kommt der Nikotingehalt noch besser zur Wirkung als bei vergleichbaren Oden's Produkten.<br data-mce-fragment=""1"">Bereits beim Öffnen der Dose macht sich der intensive Minz Geschmack bemerkbar - unter der Lippe wird dieser zusätzlich verstärkt. Ein perfektes Produkt für Minz-Liebhaber!",Cold Extreme OP,Unisex,,,,,,,https://cdn.shopify.com/s/files/1/0072/0646/9679/products/1624966183962937_odens-cold-extreme-original-portion.jpg,,,,,4.80,,1,G,1,IN,3,3,3,,,,
,,OD-7005-1,Unisex,Title,Default Title,,,,,,,,,,4.80,,1,G,1,IN,3,3,3,,,Oden's,Cold Extreme OP
Fresh Cola AW,"<p>VID ist die neuste Kreation vom Hause Kurbits Snus AB - kräftige Schweizer Aromen treffen auf schwedisches Snus Know How. Eine Abwechslung zu allen Nikotinbeuteln welche es bisher gab: VID Fresh Cola ist, wie der Name schon sagt, ein All White Snus mit Cola Geschmack! Ein unbeschreibliches Geschmackserlebnis.</p>
<p>Auf aromatisierter Zellulosebasis und völlig frei von Tabak kommen auch die VID Beutel im Slim Format. Ohne Tabak bedeutet ohne gewöhnungsbedürftigen Tabakgeruch sowie ohne jegliche Tabakschadstoffe - aktuell gibt es weltweit keine weniger schädliche Art, Nikotin zu konsumieren. All White Snus / Nicotine Pouches bietet sich deshalb vor allem Rauchern an, welche mit Rauchentwöhnung wie Nikotinpflaster, Nikotinkaugummi oder Nikotinspray nichts anfangen können.</p>",Fresh Cola AW,Unisex,,,,,,,https://cdn.shopify.com/s/files/1/0072/0646/9679/products/VID-Fresh-Cola-AW.png,,,,,3.90,,1,G,1,IN,3,3,3,,,,
,,VI-5005-1,Unisex,Title,Default Title,,,,,,,,,,3.90,,1,G,1,IN,3,3,3,,,VID,Fresh Cola AW
Wild Lavender AW,"<p>Auf aromatisierter Zellulosebasis und völlig frei von Tabak kommen auch die VELO Beutel im Slim Format. Ohne Tabak bedeutet ohne gewöhnungsbedürftigen Tabakgeruch sowie ohne jegliche Tabakschadstoffe - aktuell gibt es weltweit keine weniger schädliche Art, Nikotin zu konsumieren. All White Snus / Nicotine Pouches bietet sich deshalb vor allem Rauchern an, welche mit Rauchentwöhnung wie Nikotinpflaster, Nikotinkaugummi oder Nikotinspray nichts anfangen können.</p>
<p>VELO Wild Lavendel Limited Edition. Inspiriert von Wildblumenfeldern und voll von der krautigen Rundheit des Lavendels.<br data-mce-fragment=""1""><br data-mce-fragment=""1"">EPOK, LYFT oder VELO? Hier findest Du alle Informationen zu diesem Thema!</p>",Wild Lavender AW,Unisex,,,,,,,https://cdn.shopify.com/s/files/1/0072/0646/9679/files/velo-wild-lavender-strong-aw.png,,,,,5.20,0.00,1,G,14,IN,3,3,3,,,,
,,VE-1905-1,Unisex,Title,Default Title,,,,,,,,,,5.20,0.00,1,G,14,IN,3,3,3,,,VELO (SE),Wild Lavender AW
Super White Purple Cassice No.71 AW,"<meta charset=""utf-8"">
<div class=""item flex"">
<div class=""title""></div>
</div>
<div class=""item flex"">
<div class=""info"">
<p> </p>
<p><span>Auf aromatisierter Zellulosebasis und völlig frei von Tabak kommen auch die Skruf Super White Beutel im Slim Format. Ohne Tabak bedeutet ohne gewöhnungsbedürftigen Tabakgeruch sowie ohne jegliche Tabakschadstoffe - aktuell gibt es weltweit keine weniger schädliche Art, Nikotin zu konsumieren. All White Snus / Nicotine Pouches bietet sich deshalb vor allem Rauchern an, welche mit Rauchentwöhnung wie Nikotinpflaster, Nikotinkaugummi oder Nikotinspray nichts anfangen können.<br></span></p>
<p> </p>
<p><span>Der Skruf Super White Cassice schmeckt nach Cassis sowie süsser Johannisbeere und hat einen durchschnittlichen Nikotingehalt.</span></p>
</div>
<div class=""info"">
<div class=""info"">
<div class=""item flex"">
<div class=""title"">
<span>Der Artikel erscheint in einem neuen Design, hat jedoch die selbe Rezeptur wie der alt bekannte </span>Super White Cassice #2 AW</div>
<div class=""title""><br></div>
</div>
</div>
</div>
</div>",Super White Purple Cassice No.71 AW,Unisex,,,,,,,https://cdn.shopify.com/s/files/1/0072/0646/9679/files/skruf-Purple-Cassice-no71.png,,,,,5.20,,1,G,30,IN,3,3,3,,,,
,,SK-4005-1,Unisex,Title,Default Title,,,,,,,,,,5.20,,1,G,30,IN,3,3,3,,,Skruf,Super White Purple Cassice No.71 AW
Mini Urban Vibe Medium AW,"<p>Nur kurz verfügbar! </p>
<p>Bei diesem Produkt handelt es sich um Restposten, welcher etwas älter ist. Die Produkte wurden von uns getestet und sind problemlos geniessbar.</p>
<p>Intensiver Geschmack von Cranberries und anderen roten Früchten in der urbanen Wildnis. Vielleicht kannten Sie dieses Produkt schon als LYFT Urban Vibe.</p>
<p>EPOK, LYFT oder VELO?! <br>Weitere Informationen dazu findest Du in <a href=""https://snushus.ch/blogs/snusbuch/was-ist-all-white-snus"" target=""_blank"">unserem Blog</a>.</p>",Mini Urban Vibe Medium AW,Unisex,,,,,,,https://cdn.shopify.com/s/files/1/0072/0646/9679/files/velo-mini-urban-vibe-medium-aw.png,,,,,6.90,,1,G,1,IN,3,3,3,,,,
,,VE-2505-1,Unisex,Title,Default Title,,,,,,,,,,6.90,,1,G,1,IN,3,3,3,,,VELO (SK),Mini Urban Vibe Medium AW
STRUDEL AW,"Winterfreunde aufgepasst. Unser edel Strudel entführt Dich auf eine kulinarische Reise durch die festliche Atmosphäre der Winterzeit. <br data-mce-fragment=""1"">Der süsse Geschmack reifer Äpfel verbindet sich harmonisch mit der warmen Würze von Zimt, um ein delikates Aroma zu schaffen. <br data-mce-fragment=""1"">Diese einzigartige Kreation ist nicht nur ein Genuss für den Gaumen, sondern auch eine Hommage an die gemütlichen Momente der Weihnachtszeit.",STRUDEL AW,Unisex,,,,,,,https://cdn.shopify.com/s/files/1/0072/0646/9679/files/edelsnus_PP_Top_Strudel_wo_Shadow.png,,,,,5.90,0.00,1,G,1,IN,3,3,3,,,,
,,ED-1215-1,Unisex,Title,Default Title,,,,,,,,,,5.90,0.00,1,G,1,IN,3,3,3,,,edel,STRUDEL AW
Blue Razz,"<p>Geniesse den köstlichen Geschmack frischer Beeren, die in diesem Nikotinbeutel ihre natürliche und spritzige Süsse entfalten.</p>
<p>Tauche ein in eine aufregende Welt mit den COCO Blue Razz Nikotinbeuteln, die sorgfältig mit völlig natürlichen Aromen versetzt sind. Tauche ein in die prickelnd-süsse Symphonie von blauen Himbeeren, während jeder Beutel Dich an belebte Küsten und Momente der Erregung entführt. Erlebe die nahtlose Mischung aus fruchtigen Reizen und echter Nikotinbefriedigung, die in jedem Beutel steckt.</p>
<p> </p>
<p>Verwendung:</p>
<p>Für eine schnelle Freisetzung von Nikotin und Aromen:<br>1. Befeuchte den Beutel, indem Du ihn auf die Zunge legst. <br>2. Sobald der Beutel feucht ist, kaue den Beutel einmal vorsichtig. Achte darauf, den Beutel nicht zu öffnen.<br>3. Lege den Beutel unter die Oberlippe und spüre den intensiven Geschmack und die schnelle Nikotinfreisetzung. <br>4. Geniesse den Kick bis zu einer Stunde lang</p>",Blue Razz,Unisex,,,,,,,https://cdn.shopify.com/s/files/1/0072/0646/9679/files/CoCo_Blue_Razz_sized_e6bdd2aa-7664-46f1-869d-7a8cacef4ae8.png,,,,,5.90,0.00,1,G,1,IN,3,3,3,,,,
,,CO-4005-1,Unisex,Title,Default Title,,,,,,,,,,5.90,0.00,1,G,1,IN,3,3,3,,,COCO,Blue Razz
Sour Cola Strong AW,"<p>VID ist die neuste Kreation vom Hause Kurbits Snus AB - kräftige Schweizer Aromen treffen auf schwedisches Snus Know How. Eine Abwechslung zu allen Nikotinbeuteln welche es bisher gab: VID Sour Cola strong  ist, wie der Name schon sagt, ein All White Snus mit Cola Geschmack! Ein unbeschreibliches Geschmackserlebnis.</p>
<p>Auf aromatisierter Zellulosebasis und völlig frei von Tabak kommen auch die VID Beutel im Slim Format. Ohne Tabak bedeutet ohne gewöhnungsbedürftigen Tabakgeruch sowie ohne jegliche Tabakschadstoffe - aktuell gibt es weltweit keine weniger schädliche Art, Nikotin zu konsumieren. All White Snus / Nicotine Pouches bietet sich deshalb vor allem Rauchern an, welche mit Rauchentwöhnung wie Nikotinpflaster, Nikotinkaugummi oder Nikotinspray nichts anfangen können.</p>
<p><span>Neues Design gleicher Geschmack! Der VID Sour Cola Strong ersezt den alt bekannten VID Fresh Cola Strong.</span></p>",Sour Cola Strong AW,Unisex,,,,,,,https://cdn.shopify.com/s/files/1/0072/0646/9679/files/VID_Sour_Cola_Strong_sized.png,,,,,3.90,0.00,1,G,14,IN,3,3,3,,,,
,,VI-5105-1,Unisex,Title,Default Title,,,,,,,,,,3.90,0.00,1,G,14,IN,3,3,3,,,VID,Sour Cola Strong AW
Onyx WP,"<meta charset=""utf-8"">
<div class=""item flex "">
<div class=""title"">
<div class=""info"">
<p><span>General Onyx White Portion - ein absoluter Klassiker und Premium Snus. Der Name ist etwas verwirrend, da dieses Produkt zwar als White Portion gilt; die Beutel sind aber als einziges Produkt auf dem Markt komplett schwarz, weil anstelle von klassischem Papier ein schwarzes Papier verwendet wird. Ausser der optischen Auffälligkeit ergibt sich aber kein Unterschied zu normalen White Portion Snus.</span></p>
<p><span>Mit dem Design der Dose, dem rustikalen Tabakgeschmack und den ringförmig angeordneten Beutel gehört General Onyx zu den wahrscheinlich besten Snusprodukten auf dem Markt.</span></p>
</div>
</div>
</div>
<div class=""item flex ""></div>",Onyx WP,Unisex,,,,,,,https://cdn.shopify.com/s/files/1/0072/0646/9679/products/general-onyx-silver-white-portion.png,,,,,5.20,,1,G,30,IN,3,3,3,,,,
,,GE-2005-1,Unisex,Title,Default Title,,,,,,,,,,5.20,,1,G,30,IN,3,3,3,,,General,Onyx WP
No.6 Appletini X-Strong AW,"<p>Entdecke Après No.6 Appletini X-Strong All White – Dein idealer Begleiter für ein erfrischendes und sanftes Nikotinerlebnis. Mit einer Stärke von 5/5 und einem Nikotingehalt von 15 mg/g bietet Dir dieser Snus eine angenehme und langanhaltende Wirkung.</p>
<p>Gib Deiner Nacht einen Cocktail-Kick mit Appletini von Après. Geniesse den unglaublichen Geschmack saftiger Äpfel und probiere den knackigen und fruchtig-kräftigen Extrakt. Dieses erfrischende Aroma sorgt dafür, dass Deine Nacht zu einem unvergesslichen Erlebnis wird!</p>
<p>Geniesse den fruchtigen Apfelgeschmack von Après No.6 Appletini X-Strong All White und erlebe die perfekte Kombination aus Frische und Leichtigkeit. Gönn Dir diesen spritzigen und belebenden Genuss.</p>",No.6 Appletini X-Strong AW,Unisex,,,,,,,https://cdn.shopify.com/s/files/1/0072/0646/9679/files/apres-no-6-appletini-aw.png,,,,,5.20,,1,G,13,IN,3,3,3,,,,
,,AP-9005-1,Unisex,Title,Default Title,,,,,,,,,,5.20,,1,G,13,IN,3,3,3,,,Après,No.6 Appletini X-Strong AW
Extremely Strong  AW Super Slim,"<span data-mce-fragment=""1"">Siberia ist der stärkste Snus der Welt – und nun kannst du Siberia All White Extremely Strong Super Slim kaufen, die tabakfreie Alternative! Gönn dir die Marke mit dem unglaublich hohen Nikotingehalt von 33 mg/g für eine extrem starke belebende Wirkung. Per diskreter Super Slim Portion sind das 21 mg Nikotin! Dazu passt das eiskalte Minzaroma – echt sibirisch kalt!</span>",Extremely Strong  AW Super Slim,Unisex,,,,,,,https://cdn.shopify.com/s/files/1/0072/0646/9679/products/Siberia-Extremly-Strong-super-slim-aw_b94b7e46-18df-49cf-b352-cd0ccb2c1296.jpg,,,,,6.90,,1,G,13,IN,3,3,3,,,,
,,SI-9115-1,Unisex,Title,Default Title,,,,,,,,,,6.90,,1,G,13,IN,3,3,3,,,Siberia,Extremely Strong  AW Super Slim
Vanilla Pear Strong AW,"Der Sommer ist eine fantastische Zeit voller Sonne, Strand und eisigem Birneneis. Auch wenn wir nicht das ganze Jahr über sonnige Sommertage haben können, können wir dieses Gefühl überall hin mitnehmen. Sonnengereifte Birnen, die zusammen mit klaren Vanilletönen einen wunderbaren Geschmack und eine Weichheit erzeugen, die uns an Freizeit, Spiel und Wärme erinnern.<br data-mce-fragment=""1""><br data-mce-fragment=""1""><br data-mce-fragment=""1"">Bei VID <span data-mce-fragment=""1"">Vanilla Pear Strong</span> wollten wir den Geschmack von köstlichem Birneneis hervorheben, einen Geschmack, den viele Menschen kennen und mögen. Die Aromen oszillieren zwischen Birnen-Vanille und Säure auf eine Weise, die herausfordernd ist, wenn es darum geht, was mit Aromen für Nikotinbeutel gemacht werden kann. Der weiche Geschmack und die angenehme Nikotinstärke machen <span data-mce-fragment=""1"">VID Vanilla Pear Strong</span> zum perfekten Produkt für diejenigen, die täglich Nikotinbeutel verwenden möchten, oder für diejenigen, die einen milden Nikotinbeutel wünschen, wenn das Verlangen nach Nikotin zu groß wird.<br>",Vanilla Pear Strong AW,Unisex,,,,,,,https://cdn.shopify.com/s/files/1/0072/0646/9679/files/VID-vanilla-pear-sized.png,,,,,3.90,0.00,1,G,14,IN,3,3,3,,,,
,,VI-8105-1,Unisex,Title,Default Title,,,,,,,,,,3.90,0.00,1,G,14,IN,3,3,3,,,VID,Vanilla Pear Strong AW
Minty Lemon AW,"<p>VID ist die neuste Kreation vom Hause Kurbits Snus AB - kräftige Schweizer Aromen treffen auf schwedisches Snus Know How. Ein kühles Zitrusaroma trifft auf 12 mg/g Nikotingehalt. Die Slim Nikotinbeutel stören kaum unter der Lippe. Ein perfektes Produkt für die Rauchentwöhnung! </p>
<p>Auf aromatisierter Zellulosebasis und völlig frei von Tabak kommen auch die VID Beutel im Slim Format. Ohne Tabak bedeutet ohne gewöhnungsbedürftigen Tabakgeruch sowie ohne jegliche Tabakschadstoffe - aktuell gibt es weltweit keine weniger schädliche Art, Nikotin zu konsumieren. All White Snus / Nicotine Pouches bietet sich deshalb vor allem Rauchern an, welche mit Rauchentwöhnung wie Nikotinpflaster, Nikotinkaugummi oder Nikotinspray nichts anfangen können.</p>
<p>Der altbekannte VID Cool Citrus mit neuem Namen!</p>",Minty Lemon AW,Unisex,,,,,,,https://cdn.shopify.com/s/files/1/0072/0646/9679/files/Vid-ruby-rasperry-sized.png,,,,,3.90,,1,G,1,IN,3,3,3,,,,
,,VI-4005-1,Unisex,Title,Default Title,,,,,,,,,,3.90,,1,G,1,IN,3,3,3,,,VID,Minty Lemon AW
Ice Mango AW DUOPACK,"<span data-mce-fragment=""1"">Der DOPE Ice Mango Strong ist eine saftige Mischung aus dem eisigen Gefühl von DOPE und dem unverwechselbaren fruchtigen Geschmack von Mango. Die DOPE RUSH Instant Kick Technologie setzt das Nikotin mit intensivem und kraftvollem Kick frei. Wenn Du einen erfrischenden Geschmack mit garantiertem Kick willst, ist Deine Wahl DOPE! Jede Dose enthält 22 Nikotinbeutel im Slimformat.</span>",Ice Mango AW DUOPACK,Unisex,,,,,,,https://cdn.shopify.com/s/files/1/0072/0646/9679/products/dope_ice_mango_strong_edition.jpg,,,,,5.90,0.00,1,G,15,IN,3,3,3,,,,
,,DO-1020-1,Unisex,Title,Default Title,,,,,,,,,,5.90,0.00,1,G,15,IN,3,3,3,,,DOPE,Ice Mango AW DUOPACK
Coffee Caramel AW,"<p>Der VID Coffee Caramel All White Snus ist die neuste Kreation vom Hause Kurbits Snus AB und überzeugt geschmacklich mit einer perfekten Balance zwischen starken Arabica-Kaffeebohnen sowie karamellisierter Vanille. Mittelmässig süss und durchschnittlich stark sind diese Beutel etwas für Geniesser, die den Kaffeegeschmack lieben!</p>
<p><br>Auf aromatisierter Zellulosebasis und völlig frei von Tabak kommen auch die VID Beutel im Slim Format. Ohne Tabak bedeutet ohne gewöhnungsbedürftigen Tabakgeruch sowie ohne jegliche Tabakschadstoffe - aktuell gibt es weltweit keine weniger schädliche Art, Nikotin zu konsumieren. All White Snus / Nicotine Pouches bietet sich deshalb vor allem Rauchern an, welche mit Rauchentwöhnung wie Nikotinpflaster, Nikotinkaugummi oder Nikotinspray nichts anfangen können.</p>",Coffee Caramel AW,Unisex,,,,,,,https://cdn.shopify.com/s/files/1/0072/0646/9679/products/VID-Coffe-Caramel-AW.png,,,,,3.90,0.00,1,G,30000,IN,3,3,3,,,,
,,VI-7005-1,Unisex,Title,Default Title,,,,,,,,,,3.90,0.00,1,G,30000,IN,3,3,3,,,VID,Coffee Caramel AW
Loose Extra Strong,"<meta charset=""utf-8"">
<div class=""item flex"">
<div class=""title"">
<div class=""info"">
<p>General Extra Stark Lös Snus / Loose Snus ist DAS ursprüngliche Snusprodukt, welches seit mehr als 200 Jahren produziert wird. Der kräftige Tabakgeschmack mit Spuren von Zitrusfrüchten, Bergamotte, Tee, getrockneten Gräser und Leder überzeugt durch seine natürliche Art. Ein Lös Snus, der einfach zu kneten ist und als absoluter Klassiker jedem Snus-Connoisseur zu empfehlen ist!</p>
</div>
</div>
</div>
<div class=""item flex""></div>",Loose Extra Strong,Unisex,,,,,,,https://cdn.shopify.com/s/files/1/0072/0646/9679/products/general-extra-strong-loose.png,,,,,5.90,0.00,1,G,300,IN,3,3,3,,,,
,,GE-4005-1,Unisex,Title,Default Title,,,,,,,,,,5.90,0.00,1,G,300,IN,3,3,3,,,General,Loose Extra Strong
Clean Peach,"<p>Unwiderstehlich lecker und ein Traum für jeden Pfirsichliebhaber. Geniesse die natürliche Essenz von reifen, saftigen Pfirsichen in jedem Beutel.</p>
<p>Begebe Dich auf eine Reise in die Gelassenheit mit den COCO Clean Peach Nikotinbeuteln, die kunstvoll mit natürlichen Essenzen durchzogen sind. Tauche ein in die zarte Süsse unberührter Pfirsiche, während jeder Beutel Dich zu sonnengetränkten Stränden und versteckten Oasen transportiert. Erlebe die harmonische Mischung aus fruchtigen Reizen und echtem Nikotingenuss in jedem Beutel.<br data-mce-fragment=""1""><br></p>
<p>Verwendung:</p>
<p><span>Für eine schnelle Freisetzung von Nikotin und Aromen:</span><br><span>1. Befeuchte den Beutel, indem Du ihn auf die Zunge legst.</span><br><span>2. Sobald der Beutel feucht ist, kaue den Beutel einmal vorsichtig. Achte darauf, den Beutel nicht zu </span><span>öffnen</span><span>.</span><br><span>3. Lege den Beutel unter die Oberlippe und spüre den intensiven Geschmack und die schnelle Nikotinfreisetzung.</span><br><span>4. Geniesse den Kick bis zu einer Stunde lang</span></p>",Clean Peach,Unisex,,,,,,,https://cdn.shopify.com/s/files/1/0072/0646/9679/files/CoCo_Clean_Peach-sized_a72b33f7-86dd-443f-93d5-cecfd562b6b2.png,,,,,5.90,0.00,1,G,1,IN,3,3,3,,,,
,,CO-2005-1,Unisex,Title,Default Title,,,,,,,,,,5.90,0.00,1,G,1,IN,3,3,3,,,COCO,Clean Peach
Mojito Strawberry Pink AW Slim,"<span>VIKA Mojito Strawberry Pink ist ein all-white Snus. D.h. sowohl die Beutel als auch deren Inhalt sind weiss. Der Geschmack ist vom ersten Moment an interessant und bei vielen sehr beliebt. Er hat einen leicht süssen Erdbeergeschmack und ist gleichzeitig erfrischend. Der Kick kommt nach ca. 15 Sekunden und gibt dem Gehirn einen guten Nikotin-Rausch. VIKA Mojito Strawberry Pink ist speziell für rauchende Frauen entwickelt worden, um diese vom Rauchen abzuhalten und ihnen die Erleichterung und den Geschmack einer guten Pause zu geben.</span>",Mojito Strawberry Pink AW Slim,Unisex,,,,,,,https://cdn.shopify.com/s/files/1/0072/0646/9679/products/VIKA_Mojito_sized.jpg,,,,,5.20,0.00,1,G,12,IN,3,3,3,,,,
,,VK-4010-1,Unisex,Title,Default Title,,,,,,,,,,5.20,0.00,1,G,12,IN,3,3,3,,,Vika,Mojito Strawberry Pink AW Slim
Frosted-Berry AW,"<p>Erlebe mit ¡VALE! Frosted-Berry AW das ultimative Geschmacksabenteuer: Swiss Made, erfrischend fruchtig und belebend – mit einem schnellen Energie-Kick!</p>
<p><br>Der Frosted-Berry AW bietet ein einzigartiges Geschmackserlebnis durch seinen intensiv fruchtigen, reichhaltigen und köstlichen Beeren-Geschmack zum <br>erschwinglichen Preis.<br></p>",Frosted-Berry AW,Unisex,,,,,,,https://cdn.shopify.com/s/files/1/0072/0646/9679/files/vale-frosted-berry-aw.png,,,,,5.90,0.00,1,G,1,IN,3,3,3,,,,
,,VA-2010-1,Unisex,Title,Default Title,,,,,,,,,,5.90,0.00,1,G,1,IN,3,3,3,,,¡VALE!,Frosted-Berry AW
Lime Smash AW DUOPACK,"<span data-mce-fragment=""1"">Der DOPE Lime Smash Strong ist eine exotische Mischung aus dem eisigen Gefühl von DOPE und dem süsslichen Geschmack von Limette. Die DOPE RUSH Instant Kick Technologie setzt das Nikotin mit intensivem und kraftvollem Kick frei. Wenn Du einen erfrischenden Geschmack mit garantiertem Kick willst, ist Deine Wahl DOPE! Jede Dose enthält 22 Nikotinbeutel im Slimformat.</span>",Lime Smash AW DUOPACK,Unisex,,,,,,,https://cdn.shopify.com/s/files/1/0072/0646/9679/products/Dope_Lime_Smash_Strong_Edition.jpg,,,,,5.90,,1,G,15,IN,3,3,3,,,,
,,DO-2020-1,Unisex,Title,Default Title,,,,,,,,,,5.90,,1,G,15,IN,3,3,3,,,DOPE,Lime Smash AW DUOPACK
Bouhlel Rouge Bentchikou,"Makla Bouhlel Rouge Bentchikou oder abgekürzt Makla Rouge genannt, ist der stärkste Sorte der Makla-Reihe. In Belgien hergestellt kommt dieser Kautabak mit einem kräfiten und vollen Aroma. Makla Kautabake werden alle ohne künstliche Aroma- und Zusatzstoffe nach traditionellen Rezepturen hergestellt. Nimm mit den Fingern eine Portion heraus und kneten es zu einer kleinen Kugel. Platziere die Kugel dann unter Deiner Oberlippe. Der Makla Kautabak entfaltet seine volle Wirkung nach ca. 15 bis 60 Minuten.",Bouhlel Rouge Bentchikou,Unisex,,,,,,,https://cdn.shopify.com/s/files/1/0072/0646/9679/files/Makla_Bouhlel_Bentchikousized.png,,,,,5.00,0.00,1,G,40000,IN,3,3,3,,,,
,,MA-2000-1,Unisex,Title,Default Title,,,,,,,,,,5.00,0.00,1,G,40000,IN,3,3,3,,,Makla,Bouhlel Rouge Bentchikou
Green Mint X-Strong WDP,"Der T45 Green Mint konzentriert sich auf frische Düfte und Aromen. Ein grosszügiger Mentholgeschmack wird mit blumigem Duft und Fruchtaromen ausgeglichen, um das Harte mit dem Weichen zu verbinden. Der T45 Green Mint Snus ist klassisch und gleichzeitig völlig innovativ.",Green Mint X-Strong WDP,Unisex,,,,,,,https://cdn.shopify.com/s/files/1/0072/0646/9679/products/t45-green-mint-xstrong-white-dry-portion-front.png,,,,,3.90,,1,G,30,IN,3,3,3,,,,
,,T4-2005-1,Unisex,Title,Default Title,,,,,,,,,,3.90,,1,G,30,IN,3,3,3,,,T45,Green Mint X-Strong WDP
Super Strong Spearmint WP,"<meta charset=""utf-8"">
<div class=""item flex"">
<div class=""title"">
<div class=""info"">
<p>General Super Strong Spearmint WP - Ein moderner Klassiker mit würzigem Tabak und einem klaren Geschmack von Minze. Ein frisches, starkes und kompromissloses Tabakerlebnis, das auf stolzer Tradition und Handwerkskunst aufbaut. Ein weicher und würziger Tabakgeschmack mit deutlichen Noten von Minze, zusammen mit einem Hauch von grünen Kräutern und Eukalyptus.</p>
</div>
</div>
</div>
<div class=""item flex""></div>",Super Strong Spearmint WP,Unisex,,,,,,,https://cdn.shopify.com/s/files/1/0072/0646/9679/files/general-super-strong-spearmint-wp_af98c372-3829-4a09-a833-cf97c5e26c7f.png,,,,,7.90,0.00,1,G,35000,IN,3,3,3,,,,
,,GE-8005-1,Unisex,Title,Default Title,,,,,,,,,,7.90,0.00,1,G,35000,IN,3,3,3,,,General,Super Strong Spearmint WP
Morgondagg WP,"<meta charset=""utf-8"">
<div class=""item flex "">
<div class=""title""></div>
</div>
<div class=""item flex "">
<div class=""info"">
<p>Im Kurbits Morgondagg (Morgentau) finden wir die Düfte und Erwartungen eines milden Mittsommermorgens. Blumen, Süße, Lakritz und eine vertraute Kühle von einem Morgen, der nicht wirklich von den Sonnenstrahlen erwärmt wurde. Der Tabak wurde gemischt und verarbeitet, um sich leicht, ansprechend und frisch anzufühlen.</p>
</div>
<div class=""info"">
<div class=""info""></div>
</div>
</div>",Morgondagg WP,Unisex,,,,,,,https://cdn.shopify.com/s/files/1/0072/0646/9679/products/kurbits-morgondagg-white-portion.png,,,,,3.90,,1,G,30,IN,3,3,3,,,,
,,KU-1005-1,Unisex,Title,Default Title,,,,,,,,,,3.90,,1,G,30,IN,3,3,3,,,Kurbits,Morgondagg WP
Frozen Mint Deep Blue AW Slim,"VIKA Frozen Mint Deep Blue ist ein sehr starker Snus mit einem kräftigen Kick. Die erfrischende sibirische Minze bringt eine sehr angenehme Kühle mit sich.  Die weissen Pouches sind mit Mikrokristallen gefüllt, die keine Verfärbungen auf den Zähnen hinterlassen.
<div></div>",Frozen Mint Deep Blue AW Slim,Unisex,,,,,,,https://cdn.shopify.com/s/files/1/0072/0646/9679/products/VIKA_Frozen_Mint_sized.jpg,,,,,5.20,0.00,1,G,12,IN,3,3,3,,,,
,,VK-5010-1,Unisex,Title,Default Title,,,,,,,,,,5.20,0.00,1,G,12,IN,3,3,3,,,Vika,Frozen Mint Deep Blue AW Slim
Fresh Wintergreen 150mg,"Mit <a href=""https://snushus.ch/collections/nikotinfreie-portion"" title=""nikotinfreier snus kaufen schweiz | Snushus.ch"">CBD</a> angereicherte Beutel mit erdigem und frisch schmeckendem Wintergrün, die sie zu einer Wanderung in einem kalifornischen Wald transportieren. <span data-mce-fragment=""1"">Hergestellt mit allen natürlichen Zutaten (THC-Frei, Tabakfrei und Nikotinfrei). Rauchlos, diskret und schnell wirkend. </span>",Fresh Wintergreen 150mg,Unisex,,,,,,,https://cdn.shopify.com/s/files/1/0072/0646/9679/files/CannadipsWintergreenTinFront_dd921478-2f48-46d9-89f3-0249c0c0d535.png,,,,,8.90,,1,G,30,IN,3,3,3,,,,
,,CD-5000-1,Unisex,Title,Default Title,,,,,,,,,,8.90,,1,G,30,IN,3,3,3,,,Cannadips,Fresh Wintergreen 150mg
Mini Cool Mint 3mg AW,"ZYN Mini Cool Mint ist treffend benannt - es liefert einen kühlenden Mentholgeschmack mit Noten von Pfefferminze. Die Beutel sind trocken und beginnen Geschmack und Nikotin zu liefern, sobald sie ein wenig feucht werden.",Mini Cool Mint 3mg AW,Unisex,,,,,,,https://cdn.shopify.com/s/files/1/0072/0646/9679/products/zyn-mini-cool-mint-3mg-aw-new.png,,,,,1.99,0.00,1,G,1,IN,3,3,3,,,,
,,ZY-1005-1,Unisex,Title,Default Title,,,,,,,,,,1.99,0.00,1,G,1,IN,3,3,3,,,ZYN,Mini Cool Mint 3mg AW
Spicy Pineapple AW,"<p>Auf aromatisierter Zellulosebasis und völlig frei von Tabak kommen auch die VELO Beutel im Slim Format. Ohne Tabak bedeutet ohne gewöhnungsbedürftigen Tabakgeruch sowie ohne jegliche Tabakschadstoffe - aktuell gibt es weltweit keine weniger schädliche Art, Nikotin zu konsumieren. All White Snus / Nicotine Pouches bietet sich deshalb vor allem Rauchern an, welche mit Rauchentwöhnung wie Nikotinpflaster, Nikotinkaugummi oder Nikotinspray nichts anfangen können.<br></p>
<p>VELO Spicy Pineapple ist die Geschmacksrichtung mit einem Hauch von feurig-scharfem Chili, der der Süsse der Ananas eine besondere Note verleiht.<br data-mce-fragment=""1""><br data-mce-fragment=""1"">EPOK, LYFT oder VELO? Hier findest Du alle Informationen zu diesem Thema!</p>",Spicy Pineapple AW,Unisex,,,,,,,https://cdn.shopify.com/s/files/1/0072/0646/9679/files/velo-spicy-pineapple-strong-aw.png,,,,,5.20,0.00,1,G,14,IN,3,3,3,,,,
,,VE-3005-1,Unisex,Title,Default Title,,,,,,,,,,5.20,0.00,1,G,14,IN,3,3,3,,,VELO (SE),Spicy Pineapple AW
Classic WP,"<meta charset=""utf-8"">
<div class=""item flex"">
<div class=""title"">
<div class=""info"">
<p>General Classic - Der original schwedische Snus seit 1866. Bauen Sie auf stolze Traditionen und Handwerkskunst. Dies ist die Nummer eins unter den Premium-Snus, hergestellt aus ausgewählten Tabakblättern, um die höchstmögliche Qualität zu erreichen. Ein würziger Tabakgeschmack mit Noten von Bergamotte und Anklängen von Tee, Heu und Leder.</p>
</div>
</div>
</div>
<div class=""item flex""></div>",Classic WP,Unisex,,,,,,,https://cdn.shopify.com/s/files/1/0072/0646/9679/files/general-classic-wp_6b744eb9-443b-494d-a4f8-d8387f3e73a8.png,,,,,7.90,0.00,1,G,40000,IN,3,3,3,,,,
,,GE-5005-1,Unisex,Title,Default Title,,,,,,,,,,7.90,0.00,1,G,40000,IN,3,3,3,,,General,Classic WP
Peppermint X-Strong WDP,"T45 Peppermint konzentriert sich auf den starken Geschmack von Pfefferminze, kommt aber gleichzeitig auch mit einem runden Geschmack von grüner Minze. Insgesamt sind sowohl Stärke als auch Weichheit in diesem Snus zu finden, der von jedem Snuser geschätzt werden kann, welcher auch einen Minz- statt nur einen reinem Pfefferminz Snus will.",Peppermint X-Strong WDP,Unisex,,,,,,,https://cdn.shopify.com/s/files/1/0072/0646/9679/products/t45-pepptermint-xstrong-white-dry-portion-front.png,,,,,3.90,,1,G,30,IN,3,3,3,,,,
,,T4-3005-1,Unisex,Title,Default Title,,,,,,,,,,3.90,,1,G,30,IN,3,3,3,,,T45,Peppermint X-Strong WDP
Tangy Citrus 150mg,"<a href=""https://snushus.ch/collections/nikotinfreie-portion"" title=""CBD Snus online kaufen | Snushus.ch"">CBD</a> Portionsbeutelchen mit scharfem Einschlag von säuerlicher Apfelsine und Zitrone. <span data-mce-fragment=""1"">Hergestellt mit allen natürlichen Zutaten (THC-Frei, Tabakfrei und Nikotinfrei). Rauchlos, diskret und schnell wirkend.</span>",Tangy Citrus 150mg,Unisex,,,,,,,https://cdn.shopify.com/s/files/1/0072/0646/9679/files/CannadipsCitrusTinFront_ac40e402-614c-47be-893e-859cd4732f06.png,,,,,8.90,,1,G,30,IN,3,3,3,,,,
,,CD-1000-1,Unisex,Title,Default Title,,,,,,,,,,8.90,,1,G,30,IN,3,3,3,,,Cannadips,Tangy Citrus 150mg
Blå WP,"Die One-Serie von Swedish Match soll die Klassiker ehren: Inspiert von Göteborgs Rapé wurde der ONE Blå White Portion entwickelt. Der Geschmack kommt mit einer Note von Wacholder, wobei der traditionelle Tabakgeschmack nicht zu kurz kommt. Dieser Snus hat eine Stärke von 13 mg/g Nikotin.",Blå WP,Unisex,,,,,,,https://cdn.shopify.com/s/files/1/0072/0646/9679/products/one-bla-white-portion.png,,,,,4.90,0.00,1,G,1,IN,3,3,3,,,,
,,OE-3005-1,Unisex,Title,Default Title,,,,,,,,,,4.90,0.00,1,G,1,IN,3,3,3,,,ONE,Blå WP
Cold Mint Extreme WDP,"Diese Ergänzung zum T45-Trio basiert auf Spearmint-Geschmack und wird von Pfefferminznoten vervollständigt. Mit seiner erheblichen Stärke ist dieses Produkt perfekt für einen Snuser, der sich starke, hochqualitative Minzprodukte und einen ordentlichen Nikotinkick gewöhnt ist.<br data-mce-fragment=""1""><br data-mce-fragment=""1"">T45 Cold Mint Extreme gibt dir nicht nur ein erfrischendes Geschmackserlebnis und einen ordentlichen Nikotinkick, sondern auch dieses unverwechselbare Frische-Gefühl, welches von einem gekühlten Snus ausgeht, ohne dass die Geschmäcker dabei durch eine Kühlung beeinträchtigt werden.",Cold Mint Extreme WDP,Unisex,,,,,,,https://cdn.shopify.com/s/files/1/0072/0646/9679/products/t45-cold-mint-extreme-white-dry-portion-front.png,,,,,3.90,0.00,1,G,1,IN,3,3,3,,,,
,,T4-4005-1,Unisex,Title,Default Title,,,,,,,,,,3.90,0.00,1,G,1,IN,3,3,3,,,T45,Cold Mint Extreme WDP
X Cool Mint AW Slim,"<p>Entdecke <a href=""https://snushus.ch/collections/ace-snus"">ACE</a> X Cool Mint AW Slim – Dein ultimativer Begleiter für ein intensives und erfrischendes Nikotinerlebnis. Mit einer Stärke von 4/5 und einem beeindruckenden Nikotingehalt von 20 mg/g bietet Dir dieser Snus eine kraftvolle und langanhaltende Wirkung. Der erfrischende Geschmack von Minze und kräftiger Pfefferminze sorgt für eine unvergleichliche Geschmacksexplosion.</p>
<p>ACE X Cool Mint AW Slim bietet Dir die erfolgreiche Kombination aus kühlender Minze und kräftiger Pfefferminze. Die 20 Slim Pouches sind so konzipiert, dass sie diskret und angenehm zu tragen sind, egal wo Du bist. Wir haben unsere Beutel in ""Raketentreibstoff"" getaucht, um Dir das bisher stärkste Gefühl zu geben. Das Freisetzungsprofil ""ace X"" beschleunigt wie eine Schleuder um die Sonne und schickt Dich augenblicklich vorwärts.</p>
<p>Bestelle jetzt Deinen ACE X Cool Mint AW Slim online und entdecke die perfekte Mischung aus Stärke und Frische. Erlebe die unvergleichliche Kraft von ""ace X"" und gönn Dir diesen intensiven Genuss!</p>",X Cool Mint AW Slim,Unisex,,,,,,,https://cdn.shopify.com/s/files/1/0072/0646/9679/files/AceXCoolMint-sized.png,,,,,5.90,0.00,1,G,13,IN,3,3,3,,,,
,,AC-1005-1,Unisex,Title,Default Title,,,,,,,,,,5.90,0.00,1,G,13,IN,3,3,3,,,Ace,X Cool Mint AW Slim
Siberia Schwarz -80 Degrees WDP Mini,"<meta charset=""utf-8""><div class=""item flex""><div class=""title""><div class=""info""><p>Den beliebten schwarzen Siberia gibt es nun auch als White Dry Portion - schöne Dose und ein gewohnt starker Nikotinkick, einfach ohne Minz-/Mentholgeschmack. Siberia Black -80 Degrees White Dry Portion ist ein trockener Portionssnus mit einem sehr deutlichen Tabakgeschmack. Dieser Snus hat einen extrem hohen Nikotingehalt und eine Portion enthält mehr als fünfmal so viel Nikotin wie normal starker Snus (8 mg/g). Wird Menschen, die Nikotin gegenüber empfindlich sind, weniger empfohlen. Siberia zählt zusammen mit Oden‘s zu den beliebtesten Snusmarken der Schweiz. </p></div></div></div><div class=""item flex""></div>",Siberia Schwarz -80 Degrees WDP Mini,Unisex,,,,,,,https://cdn.shopify.com/s/files/1/0072/0646/9679/products/siberia-black-white-dry-mini-portion.png,,,,,4.90,0.00,1,G,18000,IN,3,3,3,,,,
,,SI-4115-1,Unisex,Title,Default Title,,,,,,,,,,4.90,0.00,1,G,18000,IN,3,3,3,,,Siberia,Siberia Schwarz -80 Degrees WDP Mini
Black -80 Degrees OP Slim,"<meta charset=""utf-8"">
<div class=""item flex"">
<div class=""title"">
<div class=""info"">
<p>Den beliebten Siberia gibt es nun auch in schwarz - schöne Dose und ein gewohnt starker Nikotinkick. Siberia Black -80 Degrees Original Portion ist ein Portionssnus mit einem sehr deutlichen Tabakgeschmack. Dieser Snus hat einen extrem hohen Nikotingehalt und eine Portion enthält mehr als fünfmal so viel Nikotin wie normal starker Snus (8 mg/g). Wird Menschen, die Nikotin gegenüber empfindlich sind, weniger empfohlen. Siberia zählt zusammen mit <a href=""https://snushus.ch/collections/odens"" title=""Odens"">Oden‘s</a> zu den beliebtesten Snusmarken der Schweiz. <span>Bei Fragen, Wünschen oder Anregungen </span><span>kannst du </span><span>uns </span><span>gerne auf der </span><span></span><a href=""https://snushus.ch/pages/kontakt"" title=""Kontakt"">Kontaktseite</a><span> s</span><span>chreiben</span><span>.</span></p>
</div>
</div>
</div>
<div class=""item flex""></div>",Black -80 Degrees OP Slim,Unisex,,,,,,,https://cdn.shopify.com/s/files/1/0072/0646/9679/products/1631821498559209_siberia-black-original-portion-slim.jpg,,,,,5.20,0.00,1,G,1,IN,3,3,3,,,,
,,SI-3015-1,Unisex,Title,Default Title,,,,,,,,,,5.20,0.00,1,G,1,IN,3,3,3,,,Siberia,Black -80 Degrees OP Slim
Fäbodsnus WP,"<meta charset=""utf-8"">
<div class=""item flex "">
<div class=""title""></div>
</div>
<div class=""item flex "">
<div class=""info"">
<p>Der Kurbits Fäbodsnus (Bauernhof-Snus) vereint die traditionellen Aromen und Düfte der Älteren Generationen des Snushandwerks. Ein klarer Geschmack aus rustikalem Tabak trifft auf sonnenverwöhnte Blumenwiesen und klare Noten von Süsse und Vanille. Die nüchternen, aber auch praktischen Gegebenheiten der Landwirtschaft und ihre abegehärteten Besitzer geben die Inspiration für einen Snus mit einem sehr ausgeprägten Geschmack und Geruch.</p>
</div>
<div class=""info"">
<div class=""info""></div>
</div>
</div>",Fäbodsnus WP,Unisex,,,,,,,https://cdn.shopify.com/s/files/1/0072/0646/9679/products/kurbits-fabodsnus-white-portion.png,,,,,3.90,,1,G,30,IN,3,3,3,,,,
,,KU-2005-1,Unisex,Title,Default Title,,,,,,,,,,3.90,,1,G,30,IN,3,3,3,,,Kurbits,Fäbodsnus WP
Cold Portion OP,"<meta charset=""utf-8"">
<div class=""item flex"">
<div class=""title""></div>
</div>
<div class=""item flex"">
<div class=""info"">
<p>Der Odens Cold bietet, wie der Name es bereits sagt, ein kaltes Gefühl. Der Tabak wird optimal mit dem Minzgeschmack ausgeglichen und mit seinen 9 mg/g Nikotin zählt dieser <a href=""https://snushus.ch/collections/original-portion"">Original Portion</a> Snus, zu den schwachen Sorten der Marke <a href=""https://snushus.ch/collections/odens"">Oden's</a>.</p>
</div>
<div class=""info""></div>
<div class=""info"">
<div class=""info"">
<div class=""item flex""></div>
</div>
</div>
</div>",Cold Portion OP,Unisex,,,,,,,https://cdn.shopify.com/s/files/1/0072/0646/9679/products/1636397421938446_odens-cold-portion.jpg,,,,,4.80,0.00,1,G,1,IN,3,3,3,,,,
,,OD-1105-1,Unisex,Title,Default Title,,,,,,,,,,4.80,0.00,1,G,1,IN,3,3,3,,,Oden's,Cold Portion OP
Freezing-Mint AW,"<p>Entdecke den unschlagbaren Genuss von ¡VALE! Freezing-Mint AW zum attraktiven Preis!</p>
<p>Der Freezing-Mint AW begeistert mit seiner erfrischenden Geschmacksexplosion. <br>Die Kombination von Minze und Menthol verleiht ihm einen ganz besonderen Charakter. Hergestellt nach anspruchsvollsten schweizerischen Verfahren, bietet dieser Snus <br>ein unvergleichliches Erlebnis.<br></p>",Freezing-Mint AW,Unisex,,,,,,,https://cdn.shopify.com/s/files/1/0072/0646/9679/files/vale-freezing-mint-aw.png,,,,,5.90,0.00,1,G,1,IN,3,3,3,,,,
,,VA-1010-1,Unisex,Title,Default Title,,,,,,,,,,5.90,0.00,1,G,1,IN,3,3,3,,,¡VALE!,Freezing-Mint AW
Cactus Sour Strong  AW,"<p>Entdecke <a href=""https://snushus.ch/collections/xqs-snus"" data-mce-href=""https://snushus.ch/collections/xqs-snus"">XQS</a> Cactus Sour Strong All White – Dein perfekter Begleiter für ein exotisches und starkes Nikotinerlebnis. Mit einem erfrischenden Kaktusgeschmack und einer Stärke von 4/5 bietet Dir dieser Snus eine intensive und langanhaltende Wirkung. Die Slim Beutel sind gefüllt mit 16 mg/g Nikotin und sorgen für ein diskretes und angenehmes Genuss-Erlebnis.</p>
<p>XQS Cactus Sour Strong All White ist eine Marke aus Schweden und steht für höchste Qualität und innovativen Geschmack. Auf aromatisierter Zellulosebasis und völlig frei von Tabak kommen die XQS Beutel im Slim Format. Ohne Tabak bedeutet kein gewöhnungsbedürftiger Tabakgeruch sowie keine Tabakschadstoffe – weltweit gibt es aktuell keine weniger schädliche Art, Nikotin zu konsumieren.</p>
<p>Erlebe die exotische Frische von XQS Cactus Sour Strong All White und geniesse die Vorteile eines tabakfreien Nikotinerlebnisses. Bestelle jetzt online und entdecke, warum XQS die bevorzugte Wahl für Snus-Liebhaber ist. Gönn Dir diesen starken und erfrischenden Genuss und bringe eine neue Geschmacksrichtung in Deinen Alltag!</p>
<!---->",Cactus Sour Strong  AW,Unisex,,,,,,,https://cdn.shopify.com/s/files/1/0072/0646/9679/files/XQS_Cactussour_3faff14a-a1dc-4989-b399-7ca50743988a.png,,,,,4.20,0.00,1,G,1,IN,3,3,3,,,,
,,XQ-3115-1,Unisex,Title,Default Title,,,,,,,,,,4.20,0.00,1,G,1,IN,3,3,3,,,XQS,Cactus Sour Strong  AW
Crushed Ice WP,"<meta charset=""utf-8"">
<div class=""item flex"">
<div class=""title"">
<div class=""info"">
<p>Der Klassiker schlechthin von Nick &amp; Johnny! Der Crushed Ice White Portion kommt mit einer Minz, Menthol-Frische welche in Schweden auf grossen Anklang stösst. Von Swedish Matach produziert kommt dieser White Portion Snus mit 12 mg/g Nikotin.</p>
</div>
</div>
</div>
<div class=""item flex""></div>",Crushed Ice WP,Unisex,,,,,,,https://cdn.shopify.com/s/files/1/0072/0646/9679/products/1636553557380422_nick-johnny-crushed-ice-xtra-strong-white-portion.jpg,,,,,5.90,0.00,1,G,1,IN,3,3,3,,,,
,,NJ-3005-1,Unisex,Title,Default Title,,,,,,,,,,5.90,0.00,1,G,1,IN,3,3,3,,,Nick & Johnny,Crushed Ice WP
Natural Mint,"<p>Entdecke die perfekt ausbalancierte Mischung aus kühl und süss, die nur mit natürlichen Aromen hergestellt wird, die sicherlich Deine Sinne kitzeln werden.</p>
<p>Tauche ein in eine erfrischende Flucht mit COCOs Natural Mint Nikotinbeuteln, die fachmännisch mit rein authentischen Infusionen hergestellt werden. Geniesse die belebende Essenz der natürlichen Minze, während jeder Beutel Dich zu knackigen, kühlen Empfindungen und heiteren Momenten trägt. Erlebe die perfekte Harmonie von minzigem Reiz und echter Nikotinbefriedigung, die sorgfältig in jedem Beutel enthalten ist.</p>
<p> </p>
<p>Verwendung:</p>
<p><span>Für eine schnelle Freisetzung von Nikotin und Aromen:</span><br><span>1. Befeuchte den Beutel, indem Du ihn auf die Zunge legst.</span><br><span>2. Sobald der Beutel feucht ist, kaue den Beutel einmal vorsichtig. Achte darauf, den Beutel nicht zu </span><span>öffnen</span><span>.</span><br><span>3. Lege den Beutel unter die Oberlippe und spüre den intensiven Geschmack und die schnelle Nikotinfreisetzung.</span><br><span>4. Geniesse den Kick bis zu einer Stunde lang</span></p>",Natural Mint,Unisex,,,,,,,https://cdn.shopify.com/s/files/1/0072/0646/9679/files/CoCo_Natural_Mint_sized_4cf8253d-757c-42bd-8123-caf69aa36840.png,,,,,5.90,0.00,1,G,1,IN,3,3,3,,,,
,,CO-1005-1,Unisex,Title,Default Title,,,,,,,,,,5.90,0.00,1,G,1,IN,3,3,3,,,COCO,Natural Mint
Explorer WP Slim,"<meta charset=""utf-8"">
<div class=""item flex"">
<div class=""title"">
<div class=""info"">
<p>General Explorer WP Slim - Ein vertrauter Geschmack in einer vertrauten Marke, die nur die hochwertigsten Zutaten verwendet. Ein weicher und würziger Tabakgeschmack mit deutlichen Noten von Lavendel und Wacholder, zusammen mit einem Hauch von Eiche und Zitrusfrüchten. Entdecken Sie die Geschichte der tapferen Seeleute, die Gewürze aus aller Welt mit nach Hause brachten.</p>
</div>
</div>
</div>
<div class=""item flex""></div>",Explorer WP Slim,Unisex,,,,,,,https://cdn.shopify.com/s/files/1/0072/0646/9679/files/general-explorer-slim-wp.png,,,,,7.90,0.00,1,G,35000,IN,3,3,3,,,,
,,GE-6005-1,Unisex,Title,Default Title,,,,,,,,,,7.90,0.00,1,G,35000,IN,3,3,3,,,General,Explorer WP Slim
Extremely Strong AW Mini,"<span data-mce-fragment=""1"">Der beliebteste Brand der Schweizer kommt nun auch mit einer All-White Variante daher! Der Siberia Extremely Strong Mini AW kommt mit starken 33 mg/g Nikotin.</span>",Extremely Strong AW Mini,Unisex,,,,,,,https://cdn.shopify.com/s/files/1/0072/0646/9679/files/siberia-all-white-mini-sized-23.png,,,,,6.90,0.00,1,G,10,IN,3,3,3,,,,
,,SI-9215-1,Unisex,Title,Default Title,,,,,,,,,,6.90,0.00,1,G,10,IN,3,3,3,,,Siberia,Extremely Strong AW Mini
Cold Extreme WDP Soft Pack,"<meta charset=""utf-8"">
<div class=""item flex"">
<div class=""title""></div>
</div>
<div class=""item flex"">
<div class=""info"">
<p>Oden's Cold Extreme WDP (White Dry Portion) ist ein eiskalter Portionssnus mit einer minzigen Frische. Ganz besonders tritt ein Geschmack von Spearmint aus dem ansonsten traditionellen, erdnahen Tabakgeschmack hervor. Oden's Cold Dry ist ein sogenannter trockener Portionssnus, der nicht rinnt und ein noch erfrischenderes Gefühl bietet als andere Snus dieser Serie. Odens zählt zusammen mit Siberia zu den beliebtesten Snusmarken der Schweiz. Ab sofort auch in den praktischen Soft Packs erhältlich!</p>
</div>
<div class=""info"">
<div class=""info"">
<div class=""item flex"">
<div class=""title""></div>
<div class=""title""></div>
</div>
</div>
</div>
</div>",Cold Extreme WDP Soft Pack,Unisex,,,,,,,https://cdn.shopify.com/s/files/1/0072/0646/9679/products/odens-cold-extreme-white-dry-portion-soft-packs.png,,,,,4.80,0.00,1,G,30000,IN,3,3,3,,,,
,,OD-1905-1,Unisex,Title,Default Title,,,,,,,,,,4.80,0.00,1,G,30000,IN,3,3,3,,,Oden's,Cold Extreme WDP Soft Pack
Mini Citrus 6mg AW,"ZYN Mini Citrus hat einen köstlichen frischen Geschmack von sonnigen Zitrusfrüchten mit Noten von Orangen und Zitronengras. Die Beutel sind trocken und beginnen, Geschmack und Nikotin zu liefern, sobald sie ein wenig feucht werden.",Mini Citrus 6mg AW,Unisex,,,,,,,https://cdn.shopify.com/s/files/1/0072/0646/9679/products/zyn-mini-citrus-6mg-aw.png,,,,,1.99,0.00,1,G,1,IN,3,3,3,,,,
,,ZY-2105-1,Unisex,Title,Default Title,,,,,,,,,,1.99,0.00,1,G,1,IN,3,3,3,,,ZYN,Mini Citrus 6mg AW
No.7 Very Berry AW,"<p>Entdecke Après No.7 Very Berry All White – Dein fruchtiger Begleiter für ein leichtes und erfrischendes Nikotinerlebnis. Mit einer Stärke von 2/5 und einem Nikotingehalt von 8 mg/g bietet Dir dieser Snus eine angenehme und langanhaltende Wirkung. Der köstliche Beerengeschmack sorgt für ein erfrischendes und fruchtiges Aroma, das Deine Sinne belebt.</p>
<p>Geniesse den einzigartigen Geschmack von No.7 Very Berry. Die aromatische Mischung aus verschiedenen Beerennoten verleiht Dir ein unvergleichliches Geschmackserlebnis. Lass Dich vom fruchtigen Aroma verzaubern und erlebe eine neue Art des tabakfreien Nikotingenusses.</p>
<p>Bestelle jetzt Deinen Après No.7 Very Berry All White online und entdecke die perfekte Kombination aus Frische und Fruchtigkeit. Erfahre, warum Après die bevorzugte Wahl für Snus-Liebhaber ist. Gönn Dir diesen erfrischenden und belebenden Genuss und bringe neue Frische in Deinen Alltag!</p>",No.7 Very Berry AW,Unisex,,,,,,,https://cdn.shopify.com/s/files/1/0072/0646/9679/files/apres-no-7-Very-Berry-aw.png,,,,,5.20,0.00,1,G,13,IN,3,3,3,,,,
,,AP-1105-1,Unisex,Title,Default Title,,,,,,,,,,5.20,0.00,1,G,13,IN,3,3,3,,,Après,No.7 Very Berry AW
Frosted OP,"<meta charset=""utf-8"">
<div class=""item flex "">
<div class=""title"">
<div class=""info"">
<p><span>Thunder Frosted Original Portion ist ein richtig starker Snus mit einem kräftigen und minzigen Geschmack - dazu gesellt sich die beachtliche Nikotinstärke wie bei den meisten der Thunder Produkte. Als spezielle Eigenschaft kommt die Dose mit einem Doppeldeckel für die gebrauchten Portionen.</span></p>
</div>
</div>
</div>
<div class=""item flex ""></div>",Frosted OP,Unisex,,,,,,,https://cdn.shopify.com/s/files/1/0072/0646/9679/products/thunder-frosted-original-portion.png,,,,,4.80,,1,G,30,IN,3,3,3,,,,
,,TH-1005-1,Unisex,Title,Default Title,,,,,,,,,,4.80,,1,G,30,IN,3,3,3,,,Thunder,Frosted OP
X Guarana Chili Boost AW Slim,"<p>Entdecke <a href=""https://snushus.ch/collections/ace-snus"">Ace</a> X Guarana Chili Boost AW Slim – Dein intensiver Begleiter für ein aufregendes und belebendes Nikotinerlebnis. Mit einem Geschmack von Guarana und einem Hauch von Chili bietet Dir dieser Snus eine einzigartige und scharfe Geschmacksexplosion. Mit einer Stärke von 4/5 und einem beeindruckenden Nikotingehalt von 20 mg/g liefert Ace X Guarana Chili Boost eine kraftvolle und langanhaltende Wirkung.</p>
<p>Ace X Guarana Chili Boost AW Slim ist nichts für schwache Nerven! Stell Dir das Gefühl eines Energydrinks vor, aufgepeppt mit einem Hauch von Chili. Das ist die neuste Ergänzung der ace X-Reihe, Ace X Guarana Chili Boost. Köstlich und scharf – der perfekte Geschmack für den belebenden hohen Nikotingehalt von Ace X.</p>
<p>Die 20 Slim Beutel bieten Dir genügend Vorrat für viele genussvolle Momente. Einfach einen Beutel entnehmen und das belebende Nikotinerlebnis geniessen.</p>
<p>Bestelle jetzt Deinen Ace X Guarana Chili Boost AW Slim online und entdecke die perfekte Kombination aus Schärfe und Stärke. Erlebe die unvergleichliche Kraft von Ace X und gönn Dir diesen intensiven Genuss!</p>",X Guarana Chili Boost AW Slim,Unisex,,,,,,,https://cdn.shopify.com/s/files/1/0072/0646/9679/files/edel-berry-all-white-sized.png,,,,,5.90,0.00,1,G,13,IN,3,3,3,,,,
,,AC-3005-1,Unisex,Title,Default Title,,,,,,,,,,5.90,0.00,1,G,13,IN,3,3,3,,,Ace,X Guarana Chili Boost AW Slim
Mini Cool Mint 6mg AW,"ZYN Mini Cool Mint ist treffend benannt - es liefert einen kühlenden Mentholgeschmack mit Noten von Pfefferminze. Die Beutel sind trocken und beginnen Geschmack und Nikotin zu liefern, sobald sie ein wenig feucht werden.",Mini Cool Mint 6mg AW,Unisex,,,,,,,https://cdn.shopify.com/s/files/1/0072/0646/9679/products/zyn-mini-cool-mint-6mg-aw.png,,,,,1.99,0.00,1,G,1,IN,3,3,3,,,,
,,ZY-1105-1,Unisex,Title,Default Title,,,,,,,,,,1.99,0.00,1,G,1,IN,3,3,3,,,ZYN,Mini Cool Mint 6mg AW
Arctic Freeze Ultra AW,"<p>Geniesse den starken, erfrischenden Pfefferminzgeschmack mit dem neuen All White Snus aus Schweden! Mit einer Stärke von 6 von 5 bietet dieser Snus ein unglaublich intensives Erlebnis. Tauche ein in den intensiven, eisigen, kühlenden Geschmack und spüre das erfrischende Gefühl auf deiner Zunge. Eine leichte, süsse Note rundet das Geschmackserlebnis ab.</p>
<p>Mit einem Nikotingehalt von 16 mg/g bietet dieser Snus eine starke Wirkung, die dich den ganzen Tag begleiten wird. Jede Dose enthält 14 g Tabakersatz, verteilt auf 20 Slim-Beutel, die diskret und bequem zu verwenden sind.</p>
<p>Dieser Snus aus Schweden ist die perfekte Wahl für alle, die ein intensives und erfrischendes Geschmackserlebnis suchen. Probiere es jetzt und erlebe die einzigartige Qualität und den Geschmack, für den Snus aus Schweden bekannt ist!</p>
<!---->",Arctic Freeze Ultra AW,Unisex,,,,,,,https://cdn.shopify.com/s/files/1/0072/0646/9679/files/XQS_Arctic_Freeze_Ultra_03_b1464f2f-7166-4e4c-9de7-b264fe7514b0.png,,,,,4.20,0.00,1,G,1,IN,3,3,3,,,,
,,XQ-6015-1,Unisex,Title,Default Title,,,,,,,,,,4.20,0.00,1,G,1,IN,3,3,3,,,XQS,Arctic Freeze Ultra AW
Chili Mango X-Strong AW,"<p><span>Erlebe den aufregenden Geschmack von Chili und Mango im neuen X-Strong All White Snus. Perfekt für Liebhaber von süssen und scharfen Aromen, unser Snus bietet Dir ein einzigartiges Geschmackserlebnis, das Du nicht verpassen sollten. Probiere es jetzt aus und entdecke den neuen Trend der Snus-Welt.</span></p>
<!---->",Chili Mango X-Strong AW,Unisex,,,,,,,https://cdn.shopify.com/s/files/1/0072/0646/9679/files/XQS_Chili_Mango_03_5f92989c-b8f5-45b6-b748-0687e550afee.png,,,,,4.20,0.00,1,G,1,IN,3,3,3,,,,
,,XQ-7015-1,Unisex,Title,Default Title,,,,,,,,,,4.20,0.00,1,G,1,IN,3,3,3,,,XQS,Chili Mango X-Strong AW
Cool Spearmint 300mg,"<p>Der sanftere, etwas süssere eisige Minzgeschmack der Voon Mini-Beutel aus weissem und trockenem Hanf. Perfekt . Um den ganzen Tag erfrischt zu bleiben.</p>
<p><span data-mce-fragment=""1"">Jeder Beutel enthält 20 mg hochwertig extrahiertes und reinstes CBD für ein sorgenfreies Vergnügen! Schliessen Sie die Augen und tauchen Sie ein in ein wahres mentales Wohlbefinden!</span></p>",Cool Spearmint 300mg,Unisex,,,,,,,https://cdn.shopify.com/s/files/1/0072/0646/9679/files/voon-cool-spearmint-cbd-pouches.png,,,,,8.90,,1,G,19000,IN,3,3,3,,,,
,,VO-2000-1,Unisex,Title,Default Title,,,,,,,,,,8.90,,1,G,19000,IN,3,3,3,,,Voon,Cool Spearmint 300mg
American Spice 150mg,"<a href=""https://snushus.ch/collections/nikotinfreie-portion"" title=""cbd snus kaufen | Snushus.ch"">CBD</a> Portionsbeutelchen aus einer Mischung von Zimt / Schokolade mit einem Hauch von echtem Kaffee. <span data-mce-fragment=""1"">Hergestellt mit allen natürlichen Zutaten (THC-Frei, Tabakfrei und Nikotinfrei). Rauchlos, diskret und schnell wirkend. </span>",American Spice 150mg,Unisex,,,,,,,https://cdn.shopify.com/s/files/1/0072/0646/9679/files/CannadipsAmericanTinFront_6b0a8c49-d8e9-4ff2-a9ee-560c017a1227.png,,,,,8.90,,1,G,30,IN,3,3,3,,,,
,,CD-3000-1,Unisex,Title,Default Title,,,,,,,,,,8.90,,1,G,30,IN,3,3,3,,,Cannadips,American Spice 150mg
Stockholm WP,"<meta charset=""utf-8"">
<div class=""item flex"">
<div class=""title""></div>
</div>
<div class=""item flex"">
<div class=""info"">
<p>NEU! Stockholm ist die neuste Kreation von Kurbits und besticht mit hochwertigen Rohstoffen - beim Tabak werden nur Premiumsorten verwendet die exklusiv mit schwedischen Citrus-, Blumen- und Lakritze-Aromen angereichert werden. Eine vollendete schwedische Snus-Kreation mit Zufriedenheitsgarantie für alle Snus-Feinschmecker!</p>
</div>
<div class=""info"">
<div class=""info""></div>
</div>
</div>",Stockholm WP,Unisex,,,,,,,https://cdn.shopify.com/s/files/1/0072/0646/9679/products/stockholm-white-portion.png,,,,,5.90,,1,G,30,IN,3,3,3,,,,
,,ST-1005-1,Unisex,Title,Default Title,,,,,,,,,,5.90,,1,G,30,IN,3,3,3,,,Stockholm,Stockholm WP
Ice Cool AW DUOPACK,"Der DOPE Ice COOL Strong hat den Geschmack von eisiger Minze. Die DOPE RUSH Instant Kick Technologie setzt das Nikotin mit intensivem und kraftvollem Kick frei. Wenn Du einen erfrischenden Geschmack mit garantiertem Kick willst, ist Deine Wahl DOPE! Jede Dose enthält 22 Nikotinbeutel im Slimformat.",Ice Cool AW DUOPACK,Unisex,,,,,,,https://cdn.shopify.com/s/files/1/0072/0646/9679/products/dope_ice_cool_strong_edition_doppelpack_sized.png,,,,,5.90,0.00,1,G,15,IN,3,3,3,,,,
,,DO-3020-1,Unisex,Title,Default Title,,,,,,,,,,5.90,0.00,1,G,15,IN,3,3,3,,,DOPE,Ice Cool AW DUOPACK
Super Strong Eucalyptus WP,"<meta charset=""utf-8"">
<div class=""item flex"">
<div class=""title"">
<div class=""info"">
<p>General Super Strong Eucalyptus WP - Ein moderner Klassiker mit würzigem Tabak und einem klaren Geschmack von Eukalyptus und Pfefferminze. Ein kompromissloses Tabakerlebnis, das auf stolzer Tradition und Handwerkskunst aufbaut. Ein milder und würziger Tabakgeschmack mit deutlichen Noten von Eukalyptus und Pfefferminze.</p>
</div>
</div>
</div>
<div class=""item flex""></div>",Super Strong Eucalyptus WP,Unisex,,,,,,,https://cdn.shopify.com/s/files/1/0072/0646/9679/files/general-super-strong-eucalyptus-wp_cc3d8624-d787-4e2b-ae02-48dd4994a5f1.png,,,,,7.90,0.00,1,G,35000,IN,3,3,3,,,,
,,GE-7005-1,Unisex,Title,Default Title,,,,,,,,,,7.90,0.00,1,G,35000,IN,3,3,3,,,General,Super Strong Eucalyptus WP
Wintergreen 300mg,"<p>Erleben Sie einen hauch Hanf kombiniert mit einem Spritzer winterlicher Minz-Erfrischung und einem Hauch Süsse in jedem Mini Hanfbeutel von Voon.</p>
<p><span>Jeder Beutel enthält 20 mg hochwertig extrahiertes und reinstes CBD für ein sorgenfreies Vergnügen! Schliessen Sie die Augen und tauchen Sie ein in ein wahres mentales Wohlbefinden!</span></p>",Wintergreen 300mg,Unisex,,,,,,,https://cdn.shopify.com/s/files/1/0072/0646/9679/files/voon-wintergreen-cbd-pouches.png,,,,,8.90,,1,G,19000,IN,3,3,3,,,,
,,VO-1000-1,Unisex,Title,Default Title,,,,,,,,,,8.90,,1,G,19000,IN,3,3,3,,,Voon,Wintergreen 300mg
Pink Grape 300mg,"<p>Machen Sie sich bereit für einen intensiven, süssen Ausbruch von Grapefruit in jedem Voon Mini-Beutel aus weissem und trockenem Hanf.</p>
<p><span>Jeder Beutel enthält 20 mg hochwertig extrahiertes und reinstes CBD für ein sorgenfreies Vergnügen! Schliessen Sie die Augen und tauchen Sie ein in ein wahres mentales Wohlbefinden!</span></p>",Pink Grape 300mg,Unisex,,,,,,,https://cdn.shopify.com/s/files/1/0072/0646/9679/files/voon-pink-grape-cbd-pouches.png,,,,,8.90,,1,G,19000,IN,3,3,3,,,,
,,VO-4000-1,Unisex,Title,Default Title,,,,,,,,,,8.90,,1,G,19000,IN,3,3,3,,,Voon,Pink Grape 300mg
No.3 Lemon Curd X-Strong AW,"<p>Erlebe Après No.3 Lemon Curd X-Strong All White – Dein erfrischender Begleiter für ein kräftiges und belebendes Nikotinerlebnis. Mit einem Nikotingehalt von 15 mg/g und einer Stärke von 4/5 bietet Dir dieser Snus eine angenehme und langanhaltende Wirkung. Die 20 Slim Beutel enthalten insgesamt 11g Tabakersatz und sorgen für einen diskreten und komfortablen Genuss. Der Klassiker von <span data-mce-fragment=""1"">Après n</span>un auch in Extra Stark erhältlich.</p>
<p>Après No.3 Lemon Curd X-Strong AW wurde entwickelt, um das Gefühl einer frisch gepflückten Zitrone aus den Feldern Argentiniens einzufangen. Der intensive, frische Duft beim Öffnen der Dose sorgt für eine sensorische Explosion und bietet Dir die perfekte Mischung aus süss und sauer.</p>
<p>Geniesse den erfrischenden Zitronengeschmack von Après No.3 Lemon Curd All White. Gönn Dir diesen spritzigen und belebenden Genuss und bringe neue Frische in Deinen Alltag!</p>",No.3 Lemon Curd X-Strong AW,Unisex,,,,,,,https://cdn.shopify.com/s/files/1/0072/0646/9679/files/apres-no-3-Lemon-Curd-x-strong-aw.png,,,,,5.20,0.00,1,G,13,IN,3,3,3,,,,
,,AP-3105-1,Unisex,Title,Default Title,,,,,,,,,,5.20,0.00,1,G,13,IN,3,3,3,,,Après,No.3 Lemon Curd X-Strong AW
Frosted AW Slim,"Thunder jetzt auch als ""All White"" Nikotinbeutel erhältlich! Eiskalt mit einem heißen Stechen und einem vertrauten Spearmint-Geschmack.",Frosted AW Slim,Unisex,,,,,,,https://cdn.shopify.com/s/files/1/0072/0646/9679/products/Thunder-Frosted-Slim-AW.png,,,,,5.55,,1,G,30,IN,3,3,3,,,,
,,TH-5005-1,Unisex,Title,Default Title,,,,,,,,,,5.55,,1,G,30,IN,3,3,3,,,Thunder,Frosted AW Slim
Ruby Raspberry AW,"<p>VID Ruby Raspberry spielt mit unseren Sinnen und versetzt uns zurück in die Kindheitserinnerungen, die aus dem Himbeerduft an der Laube oder am Wasser bestehen. Gleichzeitig sind es Himbeeren, die in jedem Süsswarenladen die Obertöne geben. Mit klarem Himbeerduft und der Stärkung sonnengereifter Erdbeeren wagen wir zu behaupten, dass dies ein Nikotinbeutel ist, der den Sommer bei jedem Wetter hervorbringt.</p>
<p>Wenn es um einen leichten und leckeren Nikotinbeutel geht, ist VID RubyRaspberry eine einfache Wahl. Ansprechender Geschmack mit frischem Duft macht diesen Nikotinbeutel bei vielen zum Favoriten. Die Auswahl der Aromen, die sich in der Tüte befinden, soll die natürliche Süsse der Beeren hervorheben, damit es so schmeckt, wie ein Sommertraum schmecken sollte.</p>
<p><span>Dieser Name ist neu, aber die Aromen von Beeren sind immer noch dieselben. Der alt bekannte Racing Raspberry im neuen Design.</span></p>",Ruby Raspberry AW,Unisex,,,,,,,https://cdn.shopify.com/s/files/1/0072/0646/9679/files/VID-ruby-raspberry-2023-aw.png,,,,,3.90,0.00,1,G,30000,IN,3,3,3,,,,
,,VI-1105-1,Unisex,Title,Default Title,,,,,,,,,,3.90,0.00,1,G,30000,IN,3,3,3,,,VID,Ruby Raspberry AW
Vit WP,"<meta charset=""utf-8"">
<div class=""item flex"">
<div class=""title"">
<div class=""info"">
<p>Die One-Serie von Swedish Match soll die Klassiker ehren: Der ONE Vit White Portion ist dabei von General inspiert und besticht mit seinem traditionellen Tabakgeschmack. Auch seine 13 mg/g Nikotin weichen dabei vom Konzept nicht ab. Eine tolle Homage!</p>
</div>
</div>
</div>
<div class=""item flex""></div>",Vit WP,Unisex,,,,,,,https://cdn.shopify.com/s/files/1/0072/0646/9679/products/one-vit-white-portion.png,,,,,4.90,0.00,1,G,1,IN,3,3,3,,,,
,,OE-1005-1,Unisex,Title,Default Title,,,,,,,,,,4.90,0.00,1,G,1,IN,3,3,3,,,ONE,Vit WP
Soldat Vinter WP,"<meta charset=""utf-8"">
<div class=""item flex "">
<div class=""title""></div>
</div>
<div class=""item flex "">
<div class=""info"">
<p>Soldat Winter gibt ein cooles Gefühl, wird aber mit klaren und frischen Tönen aufgehellt. Sorgfältig ausgewählter Tabak, der die schwere Erdigkeit fernhält, wirkt mit einer sehr ausgewogenen Geschmackspalette und verleiht Ihnen ein außergewöhnliches Snuserlebnis</p>
</div>
<div class=""info"">
<div class=""info""></div>
</div>
</div>",Soldat Vinter WP,Unisex,,,,,,,https://cdn.shopify.com/s/files/1/0072/0646/9679/products/soldat-vinter-white-portion.png,,,,,3.90,,1,G,30,IN,3,3,3,,,,
,,SO-2005-1,Unisex,Title,Default Title,,,,,,,,,,3.90,,1,G,30,IN,3,3,3,,,Soldat,Soldat Vinter WP
Perfect Pear AW,"<p>Der Sommer ist eine fantastische Zeit voller Sonne, Strand und eisigem Birneneis. Auch wenn wir nicht das ganze Jahr über sonnige Sommertage haben können, können wir dieses Gefühl überall hin mitnehmen. Sonnengereifte Birnen, die zusammen mit klaren Vanilletönen einen wunderbaren Geschmack und eine Weichheit erzeugen, die uns an Freizeit, Spiel und Wärme erinnern.</p>
<p> </p>
<p>Bei VID Perfect Pear wollten wir den Geschmack von köstlichem Birneneis hervorheben, einen Geschmack, den viele Menschen kennen und mögen. Die Aromen oszillieren zwischen Birnen-Vanille und Säure auf eine Weise, die herausfordernd ist, wenn es darum geht, was mit Aromen für Nikotinbeutel gemacht werden kann. Der weiche Geschmack und die angenehme Nikotinstärke machen VID Perfect Pear zum perfekten Produkt für diejenigen, die täglich Nikotinbeutel verwenden möchten, oder für diejenigen, die einen milden Nikotinbeutel wünschen, wenn das Verlangen nach Nikotin zu groß wird.</p>",Perfect Pear AW,Unisex,,,,,,,https://cdn.shopify.com/s/files/1/0072/0646/9679/products/VID-Perfect-Pear-AW.png,,,,,3.90,0.00,1,G,30000,IN,3,3,3,,,,
,,VI-8005-1,Unisex,Title,Default Title,,,,,,,,,,3.90,0.00,1,G,30000,IN,3,3,3,,,VID,Perfect Pear AW
Mini Espressino 6mg AW,"ZYN Mini Espressino ist für diejenigen, die die Kombination von frisch geröstetem Kaffee lieben, aber auch den Geschmack von Schokolade, Nougat und Vanille mögen. Der Charakter ist leicht cremig und etwas dunkler als andere Geschmacksrichtungen.",Mini Espressino 6mg AW,Unisex,,,,,,,https://cdn.shopify.com/s/files/1/0072/0646/9679/products/zyn-mini-espressino-6mg-aw.png,,,,,1.99,0.00,1,G,1,IN,3,3,3,,,,
,,ZY-3105-1,Unisex,Title,Default Title,,,,,,,,,,1.99,0.00,1,G,1,IN,3,3,3,,,ZYN,Mini Espressino 6mg AW
No.4 Après Cola AW Mini,"<p>Entdecke Après No.4 Cola All White Mini – Dein neuer Favorit für ein sanftes und erfrischendes Nikotinerlebnis. Mit einer Stärke von 2/5 und einem Nikotingehalt von 8 mg/g bietet Dir dieser Snus eine angenehme und langanhaltende Wirkung. Die Mini Beutel enthalten insgesamt 8g Tabakersatz pro Dose und sind ideal für diskreten und bequemen Genuss.</p>
<p>Après No.4 Cola Mini verspricht einen Geschmack, der die Nostalgie von Cola einfängt, wie wir sie alle kennen und lieben. Dieses sinnliche Erlebnis bietet Dir die perfekte Mischung aus vertrautem Cola-Geschmack und belebender Frische, ein Genuss, der am liebsten nie enden sollte.</p>
<p>Geniesse den nostalgischen Cola-Geschmack von Après No.4 Cola All White Mini und erlebe die perfekte Kombination aus Frische und Leichtigkeit. Bestelle jetzt online und entdecke Après für Dich.</p>",No.4 Après Cola AW Mini,Unisex,,,,,,,https://cdn.shopify.com/s/files/1/0072/0646/9679/files/apres-no-4-cola-mini-aw.png,,,,,5.20,0.00,1,G,26000,IN,3,3,3,,,,
,,AP-4015-1,Unisex,Title,Default Title,,,,,,,,,,5.20,0.00,1,G,26000,IN,3,3,3,,,Après,No.4 Après Cola AW Mini
Cold WDP,"<meta charset=""utf-8"">
<div class=""item flex"">
<div class=""title"">
<div class=""info"">
<p>Chainsaw wird in Dänemark von V2 hergestellt und ist als starker White Dry Portion mit eiskaltem Minzgeschmack mit Odens zu vergleichen. Die trockenen Beutel rinnen sehr wenig und liegen angenehm unter der Lippe.</p>
</div>
</div>
</div>
<div class=""item flex""></div>",Cold WDP,Unisex,,,,,,,https://cdn.shopify.com/s/files/1/0072/0646/9679/products/chainsaw-cold-wdp.png,,,,,4.60,,1,G,30,IN,3,3,3,,,,
,,CS-1005-1,Unisex,Title,Default Title,,,,,,,,,,4.60,,1,G,30,IN,3,3,3,,,Chainsaw,Cold WDP
Mint-Lime Slim (Joker) AW,Kräftiger Special Snus mit Limettenkick auf Minze- Snus Special Limette/Mint SLIM Super White<br>,Mint-Lime Slim (Joker) AW,Unisex,,,,,,,https://cdn.shopify.com/s/files/1/0072/0646/9679/files/royal-lifestyle-mint-lime-joker-aw_3dd8775c-60bd-40b7-9660-9eb7307ab04a.png,,,,,5.90,0.00,1,G,32,IN,3,3,3,,,,
,,RL-3010-1,Unisex,Title,Default Title,,,,,,,,,,5.90,0.00,1,G,32,IN,3,3,3,,,Royal Lifestyle,Mint-Lime Slim (Joker) AW
Strawberry Kiwi AW Slim,Erdbeere und Kiwi bilden eine perfekte Mischung und werden von lieblichen Noten exotischer Früchte wie Guave und Litschi begleitet.,Strawberry Kiwi AW Slim,Unisex,,,,,,,https://cdn.shopify.com/s/files/1/0072/0646/9679/files/FIX_S4_strawberry-kiwi_AW.png,,,,,5.40,0.00,1,G,29,IN,3,3,3,,,,
,,FI-4015-1,Unisex,Title,Default Title,,,,,,,,,,5.40,0.00,1,G,29,IN,3,3,3,,,FIX,Strawberry Kiwi AW Slim
Super White Frozen Mint No.60 AW,"<meta charset=""utf-8"">
<div class=""item flex"">
<div class=""title""></div>
</div>
<div class=""item flex"">
<div class=""info"">
<p><span></span><span>Auf aromatisierter Zellulosebasis und völlig frei von Tabak kommen auch die Skruf Super White Beutel im Slim Format. Ohne Tabak bedeutet ohne gewöhnungsbedürftigen Tabakgeruch sowie ohne jegliche Tabakschadstoffe - aktuell gibt es weltweit keine weniger schädliche Art, Nikotin zu konsumieren. All White Snus / Nicotine Pouches bietet sich deshalb vor allem Rauchern an, welche mit Rauchentwöhnung wie Nikotinpflaster, Nikotinkaugummi oder Nikotinspray nichts anfangen können.<br></span></p>
<p> </p>
<p>Der Artikel erscheint in einem neuen Design, hat jedoch die selbe Rezeptur wie der alt bekannte Skruf Frozen Shot #4 AW</p>
</div>
<div class=""info"">
<div class=""info"">
<div class=""item flex"">
<div class=""title""><br></div>
<div class=""title""><br></div>
</div>
</div>
</div>
</div>",Super White Frozen Mint No.60 AW,Unisex,,,,,,,https://cdn.shopify.com/s/files/1/0072/0646/9679/products/Skruf_Superwhite_frozen_mint_supeslim_no54_xtra.jpg,,,,,5.20,0.00,1,G,30000,IN,3,3,3,,,,
,,SK-1405-1,Unisex,Title,Default Title,,,,,,,,,,5.20,0.00,1,G,30000,IN,3,3,3,,,Skruf,Super White Frozen Mint No.60 AW
No.6 Appletini AW,"<p>Entdecke Après No.6 Appletini All White – Dein idealer Begleiter für ein erfrischendes und sanftes Nikotinerlebnis. Mit einer Stärke von 2/5 und einem Nikotingehalt von 8 mg/g bietet Dir dieser Snus eine angenehme und langanhaltende Wirkung.</p>
<p>Gib Deiner Nacht einen Cocktail-Kick mit Appletini von Après. Geniesse den unglaublichen Geschmack saftiger Äpfel und probiere den knackigen und fruchtig-kräftigen Extrakt. Dieses erfrischende Aroma sorgt dafür, dass Deine Nacht zu einem unvergesslichen Erlebnis wird!</p>
<p>Geniesse den fruchtigen Apfelgeschmack von Après No.6 Appletini All White und erlebe die perfekte Kombination aus Frische und Leichtigkeit. Gönn Dir diesen spritzigen und belebenden Genuss.</p>",No.6 Appletini AW,Unisex,,,,,,,https://cdn.shopify.com/s/files/1/0072/0646/9679/files/apres-no-6-appletini-extra-strong-aw.png,,,,,5.20,,1,G,1,IN,3,3,3,,,,
,,AP-9105-1,Unisex,Title,Default Title,,,,,,,,,,5.20,,1,G,1,IN,3,3,3,,,Après,No.6 Appletini AW
Double Mint Extreme OP,"Odens Double Mint Extreme Original Portion ist ein Produkt für traditionelle Snuser.<br data-mce-fragment=""1"">Durch die feuchten Beutel kommt der Nikotingehalt noch besser zur Wirkung als bei vergleichbaren Oden's Produkten.<br data-mce-fragment=""1"">Bereits beim Öffnen der Dose macht sich der intensive Minz Geschmack bemerkbar - unter der Lippe wird dieser zusätzlich verstärkt. Ein perfektes Produkt für Minz-Liebhaber!",Double Mint Extreme OP,Unisex,,,,,,,https://cdn.shopify.com/s/files/1/0072/0646/9679/products/odens-double-mint-original-portion.png,,,,,4.80,0.00,1,G,30,IN,3,3,3,,,,
,,OD-6005-1,Unisex,Title,Default Title,,,,,,,,,,4.80,0.00,1,G,30,IN,3,3,3,,,Oden's,Double Mint Extreme OP
Ice Cool Mint Blue AW Slim,"VIKA ICE COOL MINT ist ein schöner, weisser Portionssnus mit langanhaltendem Geschmack und einem schnellen Kick. Die weissen Pouches sind mit Mikrokristallen gefüllt, die keine Verfärbungen auf den Zähnen hinterlassen.
<div></div>",Ice Cool Mint Blue AW Slim,Unisex,,,,,,,https://cdn.shopify.com/s/files/1/0072/0646/9679/products/VIKA_Ice_Cool_Mint_sized.jpg,,,,,5.20,0.00,1,G,12,IN,3,3,3,,,,
,,VK-6010-1,Unisex,Title,Default Title,,,,,,,,,,5.20,0.00,1,G,12,IN,3,3,3,,,Vika,Ice Cool Mint Blue AW Slim
Lemon WP,"<meta charset=""utf-8"">
<div class=""item flex"">
<div class=""title""></div>
</div>
<div class=""item flex"">
<div class=""info"">
<p>GN Tobacco kann auch anders! Mit dem Oden's Lemon White Portion wird der Tabak ausgezeichnet mit einem Citrus-Aroma vermischt. Das Produkt kommt mit 9 mg/g Nikotin in normalgrossen Portionen.</p>
</div>
<div class=""info""></div>
<div class=""info"">
<div class=""info"">
<div class=""item flex""></div>
</div>
</div>
</div>",Lemon WP,Unisex,,,,,,,https://cdn.shopify.com/s/files/1/0072/0646/9679/products/odens-lemon-white-portion.png,,,,,4.80,0.00,1,G,1,IN,3,3,3,,,,
,,OD-8005-1,Unisex,Title,Default Title,,,,,,,,,,4.80,0.00,1,G,1,IN,3,3,3,,,Oden's,Lemon WP
Violet Velvet AW,"<p>VID ist die neuste Kreation vom Hause Kurbits Snus AB - kräftige Schweizer Aromen treffen auf schwedisches Snus Know How.</p>
<p>Violet Velvet ist eine verspielte Kombination aus Veilchen und süsser Lakritze. Die schnelle Nikotinfreisetzung und der süsse Geschmack haben sich zu einer Sensation im Segment der frischen und süssen Nikotinbeutel entwickelt. Die Entwickler wollten dem Produkt das Gefühl eines angenehmen Geschmacks geben, der der nordischen Geschmackstradition nahe steht.</p>",Violet Velvet AW,Unisex,,,,,,,https://cdn.shopify.com/s/files/1/0072/0646/9679/products/VID-Violet-Velvet-AW.png,,,,,3.90,0.00,1,G,30000,IN,3,3,3,,,,
,,VI-6005-1,Unisex,Title,Default Title,,,,,,,,,,3.90,0.00,1,G,30000,IN,3,3,3,,,VID,Violet Velvet AW
Americana OP,"<meta charset=""utf-8"">
<div class=""item flex"">
<div class=""title"">
<div class=""info"">
<p>Eine aussergewöhnlichere Geschmacksmischung findet man wohl kaum auf dem Snusmarkt: Kirsche, Wintergrün und Zimt! Der Nick &amp; Johnny Americana erinnert, wie es der Name vermuten lässt, an Root Beer! Mit dem hohen Feuchtigkeitsanteil und seinen 14 mg/g Nikotin ist dieser Original Portion Snus etwas für Snuser die ein intensives Snus Erlebnis suchen!<br><br></p>
</div>
</div>
</div>
<div class=""item flex""></div>",Americana OP,Unisex,,,,,,,https://cdn.shopify.com/s/files/1/0072/0646/9679/products/1636553570015423_nick-johnny-americana-xtra-strong-portion.jpg,,,,,5.90,0.00,1,G,1,IN,3,3,3,,,,
,,NJ-4005-1,Unisex,Title,Default Title,,,,,,,,,,5.90,0.00,1,G,1,IN,3,3,3,,,Nick & Johnny,Americana OP
Avalanche Mint AW Slim,"<p>Unsere Nikotinbeutel sind die perfekte Wahl für Dich, wenn Du Dich nach einem stärkeren Kick und einem wirklich erfrischenden Geschmack sehnst. Dank ihres schlanken Designs passen die Beutel diskret und bequem unter die Lippe, sodass sie sich ideal für den Gebrauch in jeder Situation eignen.</p>
<p>Die <strong>extra starke Stärke</strong> und der <strong>hohe Nikotingehalt von 25 mg/g</strong> bieten Dir den intensiven Kick, den Du suchst. Diese All White Beutel sorgen für ein reines, tabakfreies Erlebnis, das durch den <strong>erfrischenden Minzgeschmack</strong> ergänzt wird, welcher Dir einen kühlen und belebenden Frischekick verleiht.</p>
<p>Jede Dose enthält 14 g Tabakersatz, verteilt auf 20 Slim Beutel, die für mehrere Anwendungen ausreichend sind. Unsere Nikotinbeutel bieten eine zuverlässige Nikotinfreisetzung, die Dir konstant und gleichmässig den gewünschten Effekt liefert.</p>
<p>Ob Du Dich auf der Arbeit, unterwegs oder zu Hause befindest – unsere Nikotinbeutel sind der ideale Begleiter für jeden Moment, in dem Du einen starken und erfrischenden Nikotinschub benötigst. Probiere jetzt unsere Nikotinbeutel und erlebe die perfekte Kombination aus Stärke, Geschmack und Komfort.</p>",Avalanche Mint AW Slim,Unisex,,,,,,,https://cdn.shopify.com/s/files/1/0072/0646/9679/files/KLINT_S6_avalanche-mint_AW.png,,,,,5.90,0.00,1,G,29,IN,3,3,3,,,,
,,KL-6115-1,Unisex,Title,Default Title,,,,,,,,,,5.90,0.00,1,G,29,IN,3,3,3,,,KLINT,Avalanche Mint AW Slim
Menthol -Mint Slim (Punisher) AW,Royal Lifetsyle Cool Menthol Special Snus mit Minzaroma – Snus Special Menthol/Mint SLIM Super White,Menthol -Mint Slim (Punisher) AW,Unisex,,,,,,,https://cdn.shopify.com/s/files/1/0072/0646/9679/files/royal-lifestyle-menthol-mint-punisher-aw_4eacc539-b34b-4f69-99d9-53e92482b70c.png,,,,,5.90,0.00,1,G,32,IN,3,3,3,,,,
,,RL-6010-1,Unisex,Title,Default Title,,,,,,,,,,5.90,0.00,1,G,32,IN,3,3,3,,,Royal Lifestyle,Menthol -Mint Slim (Punisher) AW
No.8 Raspberry Liqorice AW,"<p>Entdecke Après No.8 Raspberry-Liquorice All White Slim – Dein starker Begleiter für ein einzigartiges und belebendes Nikotinerlebnis. Mit einem Nikotingehalt von 8 mg/g und einer Stärke von 3/5 bietet Dir dieser Snus eine kraftvolle und langanhaltende Wirkung. Die 20 Slim Beutel sorgen für einen diskreten und komfortablen Genuss.</p>
<p>Après No.8 Himbeer-Lakritz vereint die bewährte Geschmackskombination aus süssen Himbeeren und würzigem Lakritz. Dieses harmonische Zusammenspiel verleiht Dir ein unvergleichliches Geschmackserlebnis.</p>
<p>Geniesse die perfekte Balance aus Himbeeren und Lakritz mit Après No.8 Himbeer-Lakritz und erlebe die Vorteile eines tabakfreien Nikotinerlebnisses. </p>",No.8 Raspberry Liqorice AW,Unisex,,,,,,,https://cdn.shopify.com/s/files/1/0072/0646/9679/files/apres-no-8-Raspberry-Liqorice-aw_479f4086-edc1-4843-87e3-fec337a346d2.png,,,,,5.20,0.00,1,G,26000,IN,3,3,3,,,,
,,AP-8005-1,Unisex,Title,Default Title,,,,,,,,,,5.20,0.00,1,G,26000,IN,3,3,3,,,Après,No.8 Raspberry Liqorice AW
Crushed Ice OP,"<meta charset=""utf-8"">
<div class=""item flex"">
<div class=""title"">
<div class=""info"">
<p>Die beliebteste Variante von Nick &amp; Johnny trifft auf tradionelles Snus Erlebnis: Der Nick &amp; Johnny Crushed Ice Xtra Strong Original Portion bietet ein Minz/Menthol Geschmackserlebnis in etwas feuchteren Beuteln. </p>
</div>
</div>
</div>
<div class=""item flex""></div>",Crushed Ice OP,Unisex,,,,,,,https://cdn.shopify.com/s/files/1/0072/0646/9679/products/1636553542143900_nick-johnny-crushed-ice-xtra-strong-portion.jpg,,,,,5.90,0.00,1,G,1,IN,3,3,3,,,,
,,NJ-2005-1,Unisex,Title,Default Title,,,,,,,,,,5.90,0.00,1,G,1,IN,3,3,3,,,Nick & Johnny,Crushed Ice OP
Mighty Colada,"<p>COCO Nicotine Pouches werden sorgfältig aus Kokosfasern hergestellt, die eine längere und sanftere Freisetzung von Nikotin und Aromen ermöglichen. Im Gegensatz zu anderen Marken, die oft übermässig verarbeitete Pflanzenfasern verwenden, werden die Kokosfasern der COCO-Beutel direkt mit Nikotin und natürlichen Aromen versetzt. <br data-mce-fragment=""1""><br data-mce-fragment=""1"">Erlebe eine verlängerte Freisetzung von Nikotin und köstlichen Aromen von bis zu 60+ Minuten befriedigender Momente. Entdecke den Unterschied mit COCO Nikotinbeuteln - die länger anhaltende, natürlichere und sanftere Wahl für Deinen Lebensstil mit Nikotinbeuteln. COCO Mighty Colada ist Teil der Mighty Stong Reihe und bietet 13,5mg/Beutel mit der bekannten Geschmackskombination von Kokosnuss und Ananas.<br></p>
<p> </p>
<p>Verwendung:</p>
<p><span>Für eine schnelle Freisetzung von Nikotin und Aromen:</span><br><span>1. Befeuchte den Beutel, indem Du ihn auf die Zunge legst.</span><br><span>2. Sobald der Beutel feucht ist, kaue den Beutel einmal vorsichtig. Achte darauf, den Beutel nicht zu </span><span>öffnen</span><span>.</span><br><span>3. Lege den Beutel unter die Oberlippe und spüre den intensiven Geschmack und die schnelle Nikotinfreisetzung.</span><br><span>4. Geniesse den Kick bis zu einer Stunde lang</span></p>",Mighty Colada,Unisex,,,,,,,https://cdn.shopify.com/s/files/1/0072/0646/9679/files/CoCo_Mighty_Colada_sized.png,,,,,5.90,0.00,1,G,9,IN,3,3,3,,,,
,,CO-7005-1,Unisex,Title,Default Title,,,,,,,,,,5.90,0.00,1,G,9,IN,3,3,3,,,COCO,Mighty Colada
Crisp Ice Extreme AW,<p><span>Spüren Sie die eisige Frische von GRITT Crisp Ice Extreme! Mit seinem erfrischenden Minzgeschmack und dem praktischen Super Slim-Format wird jede Pouch zu einem intensiven und erfrischenden Vergnügen. Kühlen Sie sich mit GRITT Crisp Ice Extreme ab!</span></p>,Crisp Ice Extreme AW,Unisex,,,,,,,https://cdn.shopify.com/s/files/1/0072/0646/9679/files/GRITTCrispIceExtraStrong-sized.png,,,,,5.90,0.00,1,G,1,IN,3,3,3,,,,
,,Gt-1005-1,Unisex,Title,Default Title,,,,,,,,,,5.90,0.00,1,G,1,IN,3,3,3,,,GRITT,Crisp Ice Extreme AW
Super Strong Eucalyptus WP Slim,"<div class=""item flex"">
<div class=""title"">
<div class=""info"">
<p>General Super Strong Eucalyptus WP Slim - Ein moderner Klassiker mit würzigem Tabak und einem klaren Geschmack von Eukalyptus und Pfefferminze. Ein kompromissloses Tabakerlebnis, das auf stolzer Tradition und Handwerkskunst aufbaut. Ein milder und würziger Tabakgeschmack mit deutlichen Noten von Eukalyptus und Pfefferminze.</p>
</div>
</div>
</div>
<div class=""item flex""></div>",Super Strong Eucalyptus WP Slim,Unisex,,,,,,,https://cdn.shopify.com/s/files/1/0072/0646/9679/files/general-super-strong-eucalyptus-slim-wp.png,,,,,7.90,0.00,1,G,29,IN,3,3,3,,,,
,,GE-7015-1,Unisex,Title,Default Title,,,,,,,,,,7.90,0.00,1,G,29,IN,3,3,3,,,General,Super Strong Eucalyptus WP Slim
Strawberry Cream AW,"<p>Tabakfreier Snus mit dem exklusiven Geschmack des Getränks Frozen Strawberry Daiquiri. Der süsse, erfrischende Geschmack der Erdbeere gibt ein Gefühl der Feier. Die Beutel haben eine schnelle Freigabe und einen lang anhaltenden Geschmack.</p>
<p>Die Dosen enthalten 20 schlanke Portionsbeutel aus dem exklusiven Vliesstoff. Die Nikotinstärke beträgt 8.4 mg/Beutel.</p>",Strawberry Cream AW,Unisex,,,,,,,https://cdn.shopify.com/s/files/1/0072/0646/9679/files/Fumi_Strawberry_Cream_sized.png,,,,,5.90,0.00,1,G,1,IN,3,3,3,,,,
,,FU-3015-1,Unisex,Title,Default Title,,,,,,,,,,5.90,0.00,1,G,1,IN,3,3,3,,,FUMI,Strawberry Cream AW
Deep Freeze AW Slim,"Thunder jetzt auch als ""All White"" Nikotinbeutel erhältlich!  Intensiver eisiger und frischer kühlender Charakter mit Noten von Eukalyptus und Menthol.",Deep Freeze AW Slim,Unisex,,,,,,,https://cdn.shopify.com/s/files/1/0072/0646/9679/products/Thunder-Deep-Freeze-Slim-AW.png,,,,,5.55,,1,G,30,IN,3,3,3,,,,
,,TH-6005-1,Unisex,Title,Default Title,,,,,,,,,,5.55,,1,G,30,IN,3,3,3,,,Thunder,Deep Freeze AW Slim
Chill-Mint Slim (Sparten) AW,Cool Chill Mint Special Snus mit verschiedene Minzaroma – Snus Special Chill/Mint SLIM Super White,Chill-Mint Slim (Sparten) AW,Unisex,,,,,,,https://cdn.shopify.com/s/files/1/0072/0646/9679/files/royal-lifestyle-chill-mint-spartan-aw_e5f0d2a2-6bce-4b1d-975b-6ceba3543edb.png,,,,,5.90,0.00,1,G,32,IN,3,3,3,,,,
,,RL-4010-1,Unisex,Title,Default Title,,,,,,,,,,5.90,0.00,1,G,32,IN,3,3,3,,,Royal Lifestyle,Chill-Mint Slim (Sparten) AW
Loose,"<p><span data-mce-fragment=""1""><strong><a href=""https://snushus.ch/collections/ettan"">Ettan</a> </strong>ist Tradition und eine der ältesten Snusmarken Schwedens. Das Rezept wurde seit 1822 im Grossen und Ganzen nicht verändert. Der traditionelle Tabak-Geschmack ist hier etwas milder, weshalb die rauchigen Aromen gut zur Geltung kommen, des Weiteren können Einschläge von Heu, Teer, Malz und auch ein Hauch dunkler Schokolade erahnt werden. </span></p>
<p><span data-mce-fragment=""1"">Bestelle jetzt den klassischen Ettan <strong><a href=""https://snushus.ch/collections/loose"">Loose Snus</a></strong> bei uns – den ältesten Snus auf dem Markt! Geniesse den einzigartigen Tabak Geschmack und das intensive Aroma. Lasse Dich von ihm begeistern!</span></p>
<p><br></p>",Loose,Unisex,,,,,,,https://cdn.shopify.com/s/files/1/0072/0646/9679/files/ettan-loose.png,,,,,5.90,0.00,1,G,1,IN,3,3,3,,,,
,,ET-1105-1,Unisex,Title,Default Title,,,,,,,,,,5.90,0.00,1,G,1,IN,3,3,3,,,Ettan,Loose
No.1 Menthol AW Mini,"<p>Entdecke <a href=""https://snushus.ch/collections/apres-snus"">Après</a> No.1 Menthol All White Mini – Dein erfrischender Begleiter für ein sanftes und belebendes Nikotinerlebnis. Mit einer Stärke von 1/5 und einem Nikotingehalt von 8 mg/g bietet Dir dieser Snus eine leichte und langanhaltende Wirkung. Die Mini Beutel sind ideal für diskreten und komfortablen Genuss, jede Dose enthält 8g Tabakersatz.</p>
<p>Après No.1 Menthol Mini ist genau das, wonach Du suchst – ein erfrischendes Mentholerlebnis, das ein frisches Gefühl auf den Lippen hinterlässt. Klappe den Deckel auf, lehne Dich zurück und geniesse die Kraft der Zermatter Bergwelt. Die einzigartige Kombination aus Menthol und dem praktischen Mini-Format macht diesen Snus zur perfekten Wahl für jeden Moment.</p>
<p>Geniesse den erfrischenden Mentholgeschmack von Après No.1 Menthol All White Mini und erlebe die perfekte Kombination aus Leichtigkeit und Frische. Bestelle jetzt online und entdecke, warum Après die bevorzugte Wahl für Snus-Liebhaber ist. Gönn Dir diesen sanften und belebenden Genuss und bringe Frische in Deinen Alltag!</p>",No.1 Menthol AW Mini,Unisex,,,,,,,https://cdn.shopify.com/s/files/1/0072/0646/9679/files/apres-no-1-mentol-mini-aw.png,,,,,5.20,0.00,1,G,1,IN,3,3,3,,,,
,,AP-1015-1,Unisex,Title,Default Title,,,,,,,,,,5.20,0.00,1,G,1,IN,3,3,3,,,Après,No.1 Menthol AW Mini
Jalapeño Lime Extra Strong AW,"<p data-mce-fragment=""1"">Loop Jalapeño Lime Slim Strong<span data-mce-fragment=""1""> </span>ist sicherlich einzigartig. Mit seinen scharfen Noten von grünem Jalapeño, die Sie sofort erreichen, wenn der Nikotinbeutel unter der Oberlippe angefeuchtet ist, und dem säuerlichen Abgang in Form von Limette wird er Ihnen ein Geschmackserlebnis bescheren, das Sie so schnell nicht vergessen werden! Minzprodukte waren anfangs das große Ding in Europa. Heute gibt es sie in Hülle und Fülle. Aber irgendwann gab es eine Verschiebung der Nachfrage und die europäischen Anwender wünschen sich jetzt einzigartigere Mischungen wie Jalapeño und Limette!</p>
<p data-mce-fragment=""1"">Die Portionen sind dünn und schmal, wodurch sie perfekt unter Ihre Lippe passen. Dank des all white, tabakfreien Inhalts jedes Beutels verfärben sich Ihre Zähne nicht. Auch übermäßiges Tropfen ist nicht zu befürchten. Mit der ständigen Bewegung von Menschen über Ozeane und Ländergrenzen hinweg wird es für die Benutzer immer wichtiger, einen diskreten Beutel zu haben, der keiner Erklärung oder Rechtfertigung bedarf – hier eignen sich die unglaublichen Beutel von LOOP wirklich hervorragend. Sie sind beides – bequem und diskret! Der Nikotingehalt liegt bei 15 mg/g – ein starker Nikotingehalt, der vom erfahrenen Benutzer geschätzt wird.</p>
<p data-mce-fragment=""1"">LOOP wird von Another Snus Factory hergestellt, die ihren Sitz in Stockholm und in Oslo hat. LOOP ist die erste Marke dieses aufstrebenden Snusherstellers.</p>",Jalapeño Lime Extra Strong AW,Unisex,,,,,,,https://cdn.shopify.com/s/files/1/0072/0646/9679/files/Loop-Jalapeno-lime-extra-strong-sized.png,,,,,8.90,,1,G,13,IN,3,3,3,,,,
,,LO-1000-1,Unisex,Title,Default Title,,,,,,,,,,8.90,,1,G,13,IN,3,3,3,,,LOOP,Jalapeño Lime Extra Strong AW
Watermelon Ice AW Slim,"<span data-mce-fragment=""1"">Geniesse die frische und süsse Kraft der Wassermelone mit FIX Watermelon Ice AW Slim. Die hohe Intensität und Stärke dieses Produkts werden Dich begeistern und erfrischen. Probieren es aus und lass Dich von der lebendigen Aromenwelt verführen!</span>",Watermelon Ice AW Slim,Unisex,,,,,,,https://cdn.shopify.com/s/files/1/0072/0646/9679/files/FIX_S5_watermelon-ice_AW.png,,,,,5.40,0.00,1,G,29,IN,3,3,3,,,,
,,FI-8015-1,Unisex,Title,Default Title,,,,,,,,,,5.40,0.00,1,G,29,IN,3,3,3,,,FIX,Watermelon Ice AW Slim
Cherry Blossom AW Slim,"Die aromatische, reizvolle und süsse Kirschblüte, die wir aus Japan kennen, ist eine perfekte Kombination mit sonnengereiften Kirschen und zarten roten Himbeeren.",Cherry Blossom AW Slim,Unisex,,,,,,,https://cdn.shopify.com/s/files/1/0072/0646/9679/files/FIX_S5_cherry-blossom_AW.png,,,,,5.40,0.00,1,G,29,IN,3,3,3,,,,
,,FI-7015-1,Unisex,Title,Default Title,,,,,,,,,,5.40,0.00,1,G,29,IN,3,3,3,,,FIX,Cherry Blossom AW Slim
Mint WP Slim,"Am Gipfel angekommen erstreckt sich vor dir das atemberaubende Bergpanorama der Schweizer Alpen. Zu deinen Füssen liegt ein unberührter Tiefschneehang. Nur ein kleiner Drop und das rauschende Gefühl von Freiheit und purer Lebensfreude durchzieht deinen ganzen Körper. Inspiriert von Momenten wie diesen, hat die Leaf Bakery an einer Rezeptur gefeilt, welche die Frische der Schweizer Bergluft mit einem Hauch von Minze kombiniert. Mit dem TRIFT Mint intensivierst Du jedes deiner ganz persönlichen Abenteuer! Enjoy the ride!",Mint WP Slim,Unisex,,,,,,,https://cdn.shopify.com/s/files/1/0072/0646/9679/products/1639499460844876_trift-mint-white-portion-slim.jpg,,,,,7.90,6.90,1,G,1,IN,3,3,3,,,,
,,TR-2005-1,Unisex,Title,Default Title,,,,,,,,,,7.90,6.90,1,G,1,IN,3,3,3,,,TRIFT,Mint WP Slim
X Cosmic Cool Mint AW,"<p>Erlebe <a href=""https://snushus.ch/collections/ace-snus"">Ace</a> X Cosmic Cool Mint – Dein ultimativer Begleiter für ein intensives und erfrischendes Nikotinerlebnis. Mit einem Geschmack von kühler Minze und kräftiger Pfefferminze bietet Dir dieser Snus eine unvergleichliche Geschmacksexplosion. Mit einer Stärke von 6/5 und einem beeindruckenden Nikotingehalt von 20 mg/g liefert Ace X Cosmic Cool Mint eine kraftvolle und langanhaltende Wirkung.</p>
<p>Ace X Cosmic Cool Mint ist in Regular Size Pouches verpackt, die Dir einen Kick kosmischer Proportionen verleihen. Das verbesserte Freisetzungsprofil sorgt dafür, dass das Nikotin schneller freigesetzt wird, wodurch Du eine sofortige und intensive Wirkung spürst. Dieser Snus beschleunigt wie ein Komet um die Sonne und bietet Dir ein bisher unerreichtes Nikotinerlebnis.</p>
<p>Bestelle jetzt Deinen Ace X Cosmic Cool Mint online und entdecke die perfekte Kombination aus Frische und Stärke. Erlebe die unvergleichliche Kraft von Ace X und gönn Dir diesen intensiven Genuss!</p>",X Cosmic Cool Mint AW,Unisex,,,,,,,https://cdn.shopify.com/s/files/1/0072/0646/9679/files/AceXCoolMintCosmic-sized.png,,,,,5.90,0.00,1,G,20,IN,3,3,3,,,,
,,AC-2005-1,Unisex,Title,Default Title,,,,,,,,,,5.90,0.00,1,G,20,IN,3,3,3,,,Ace,X Cosmic Cool Mint AW
Xtra No.29 OP,"Skruf Original Portion no. 29 Xtra Strong - Der Geschmack ist mild und folgt der schwedischen Schnupftabak-Tradition mit dem Geschmack der begehrten Zitrusfrüchte Bergamotte und Rosenöl. Diese Variante ist etwas stärker, da sie mehr Tabak als normaler Snus und auch einen höheren Nikotingehalt enthält.",Xtra No.29 OP,Unisex,,,,,,,https://cdn.shopify.com/s/files/1/0072/0646/9679/products/skruf_xtra_portion_no29_op.jpg,,,,,5.90,0.00,1,G,22,IN,3,3,3,,,,
,,SK-8005-1,Unisex,Title,Default Title,,,,,,,,,,5.90,0.00,1,G,22,IN,3,3,3,,,Skruf,Xtra No.29 OP
Green Mango Lemongrass AW Slim,FIX Green Mango Lemongrass hat ein faszinierendes Geschmacksprofil mit spritziger grüner Mango und blumigem Zitronengras. Begleitet wird dieses Geschmackserlebnis vom stärksten Nikotingehalt von FIX.,Green Mango Lemongrass AW Slim,Unisex,,,,,,,https://cdn.shopify.com/s/files/1/0072/0646/9679/files/FIX_S5_green-mango-lemongrass_AW.png,,,,,5.40,0.00,1,G,29000,IN,3,3,3,,,,
,,FI-5015-1,Unisex,Title,Default Title,,,,,,,,,,5.40,0.00,1,G,29000,IN,3,3,3,,,FIX,Green Mango Lemongrass AW Slim
Red Hot OP,"<meta charset=""utf-8"">
<div class=""item flex"">
<div class=""title"">
<div class=""info"">
<p>Wenn der Teufel einen Snus kreiert hätte, wäre es wohl der Nick &amp; Johnny Red Hot! Chilli, Zimt und Nelke wobei der Tabakgeschmack nicht zu kurz kommt. Eine Teufelsmischung.</p>
</div>
</div>
</div>
<div class=""item flex""></div>",Red Hot OP,Unisex,,,,,,,https://cdn.shopify.com/s/files/1/0072/0646/9679/products/1636553523511898_nick-johnny-red-hot-xtra-strong-portion.jpg,,,,,4.70,0.00,1,G,1,IN,3,3,3,,,,
,,NJ-1005-1,Unisex,Title,Default Title,,,,,,,,,,4.70,0.00,1,G,1,IN,3,3,3,,,Nick & Johnny,Red Hot OP
Snazzy Tangerine 300mg,"<p>Probieren Sie eine Mischung aus leichten Mandarinen-Säure- und Limettenaromen mit einem Hauch süsse in jedem Voon Mini- Beutel aus weissem und trockenem Hanf.</p>
<p><span>Jeder Beutel enthält 20 mg hochwertig extrahiertes und reinstes CBD für ein sorgenfreies Vergnügen! Schliessen Sie die Augen und tauchen Sie ein in ein wahres mentales Wohlbefinden!</span></p>",Snazzy Tangerine 300mg,Unisex,,,,,,,https://cdn.shopify.com/s/files/1/0072/0646/9679/files/voon-snazzy-tangerine-cbd-pouches.png,,,,,8.90,,1,G,19000,IN,3,3,3,,,,
,,VO-3000-1,Unisex,Title,Default Title,,,,,,,,,,8.90,,1,G,19000,IN,3,3,3,,,Voon,Snazzy Tangerine 300mg
Blueberry Ice AW Slim,"Blueberry lce bietet einen Geschmack von süssen, aromatischen Blaubeeren zusammen mit Feldbeeren und anderen typischen Beeren aus den schwedischen Wäldern. Ein zusätzlicher Kick und Komplexität wird durch Vanille und Zimt zusammen mit einem knackigen, kühlenden und frischen Geschmack gegeben.",Blueberry Ice AW Slim,Unisex,,,,,,,https://cdn.shopify.com/s/files/1/0072/0646/9679/files/FIX_S5_blueberry-ice_AW.png,,,,,5.40,0.00,1,G,29,IN,3,3,3,,,,
,,FI-6015-1,Unisex,Title,Default Title,,,,,,,,,,5.40,0.00,1,G,29,IN,3,3,3,,,FIX,Blueberry Ice AW Slim
Breezy Mango X-Strong AW,"<p>Der neue Name für den altbekannten <a href=""https://snushus.ch/collections/velo-snus"">VELO</a> Tropic Breeze X Strong bringt frischen Wind in Dein Snus-Erlebnis.</p>
<p>Entdecke VELO Breezy Mango X-Strong All White – Dein ultimativer Begleiter für ein intensives und fruchtiges Nikotinerlebnis! Mit einem Nikotingehalt von 14,3 mg/g und einem erfrischenden Mangogeschmack bietet Dir dieser All White Snus eine ausgewogene und lang anhaltende Erfahrung. Die Slim Beutel sind perfekt für diskreten und angenehmen Genuss, jederzeit und überall.</p>
<p>Breezy Mango X-Strong All White ist die ideale Wahl für alle, die ein starkes und fruchtiges Snus-Erlebnis suchen. Die praktische 14g Dose enthält 20 Slim Beutel, die Dir ausreichend Vorrat für viele genussvolle Momente bieten. </p>
<p>Bestelle jetzt Deinen Breezy Mango X-Strong All White online und entdecke die perfekte Kombination aus Fruchtigkeit, Stärke und Diskretion. Gönn Dir den fruchtigen Genuss für den Sommer.</p>
<!---->",Breezy Mango X-Strong AW,Unisex,,,,,,,https://cdn.shopify.com/s/files/1/0072/0646/9679/files/velo-breezy-mango-aw.png,,,,,5.20,0.00,1,G,14,IN,3,3,3,,,,
,,VE-8105-1,Unisex,Title,Default Title,,,,,,,,,,5.20,0.00,1,G,14,IN,3,3,3,,,VELO (SE),Breezy Mango X-Strong AW
Pineapple Rum Coconut AW Slim,"Eine Kombination, die ein Gefühl und einen Geschmack von <span data-mce-fragment=""1"">Piña Colada </span>mit zusätzlicher Intensität von dunklem Rum und Gewürzen gibt. Intensiv und sehr lecker.",Pineapple Rum Coconut AW Slim,Unisex,,,,,,,https://cdn.shopify.com/s/files/1/0072/0646/9679/files/FIX_S4_pineapple-rum-coconut_AW.png,,,,,5.40,0.00,1,G,29,IN,3,3,3,,,,
,,FI-3015-1,Unisex,Title,Default Title,,,,,,,,,,5.40,0.00,1,G,29,IN,3,3,3,,,FIX,Pineapple Rum Coconut AW Slim
Mighty Fresh,"<p>COCO Nicotine Pouches werden sorgfältig aus Kokosfasern hergestellt, die eine längere und sanftere Freisetzung von Nikotin und Aromen ermöglichen. Im Gegensatz zu anderen Marken, die oft übermässig verarbeitete Pflanzenfasern verwenden, werden die Kokosfasern der COCO-Beutel direkt mit Nikotin und natürlichen Aromen versetzt. <br data-mce-fragment=""1""><br data-mce-fragment=""1"">Erlebe eine verlängerte Freisetzung von Nikotin und köstlichen Aromen von bis zu 60+ Minuten befriedigender Momente. Entdecke den Unterschied mit COCO Nikotinbeuteln - die länger anhaltende, natürlichere und sanftere Wahl für Deinen Lebensstil mit Nikotinbeuteln. COCO Mighty Fresh ist Teil des Mighty Stong-Sortiments und bietet 13,5mg/Beutel, kombiniert mit einer intensiven und kühlenden Kombination aus Pfefferminz und Menthol.<br></p>
<p><br></p>
<p>Verwendung:</p>
<p><span>Für eine schnelle Freisetzung von Nikotin und Aromen:</span><br><span>1. Befeuchte den Beutel, indem Du ihn auf die Zunge legst.</span><br><span>2. Sobald der Beutel feucht ist, kaue den Beutel einmal vorsichtig. Achte darauf, den Beutel nicht zu </span><span>öffnen</span><span>.</span><br><span>3. Lege den Beutel unter die Oberlippe und spüre den intensiven Geschmack und die schnelle Nikotinfreisetzung.</span><br><span>4. Geniesse den Kick bis zu einer Stunde lang</span></p>",Mighty Fresh,Unisex,,,,,,,https://cdn.shopify.com/s/files/1/0072/0646/9679/files/CoCo_Mighty_Fresh_sized.png,,,,,5.90,0.00,1,G,9,IN,3,3,3,,,,
,,CO-6005-1,Unisex,Title,Default Title,,,,,,,,,,5.90,0.00,1,G,9,IN,3,3,3,,,COCO,Mighty Fresh
Black WDP,"VIKA black ist einer der stärksten Tabak-Snus auf dem schwedischen Markt. Eine erlesene Tabakmischung aus Afrika und Europa wird mit einem Hauch von Bergamotte und Mentholaroma kombiniert. Diese Mischung liefert einen schnellen und starken Kick, der bis zu einer Stunde anhält. Die white Pouches sind trocken und laufen nicht aus.
<div></div>",Black WDP,Unisex,,,,,,,https://cdn.shopify.com/s/files/1/0072/0646/9679/products/VIKA_BLACK_sized.jpg,,,,,5.20,0.00,1,G,13,IN,3,3,3,,,,
,,VK-1000-1,Unisex,Title,Default Title,,,,,,,,,,5.20,0.00,1,G,13,IN,3,3,3,,,Vika,Black WDP
Ice Mint Slim AW,Erfrischender Snus mit vollmundigem Charakter – Snus Super White Ice Mint SLIM,Ice Mint Slim AW,Unisex,,,,,,,https://cdn.shopify.com/s/files/1/0072/0646/9679/files/royal-lifestyle-ice-mint-aw_5b8e9b29-b952-42da-af03-02d47af71218.png,,,,,5.90,0.00,1,G,32,IN,3,3,3,,,,
,,RL-2010-1,Unisex,Title,Default Title,,,,,,,,,,5.90,0.00,1,G,32,IN,3,3,3,,,Royal Lifestyle,Ice Mint Slim AW
Mighty Mango,"<p>COCO Nicotine Pouches werden sorgfältig aus Kokosfasern hergestellt, die eine längere und sanftere Freisetzung von Nikotin und Aromen ermöglichen. Im Gegensatz zu anderen Marken, die oft übermässig verarbeitete Pflanzenfasern verwenden, werden die Kokosfasern der COCO-Beutel direkt mit Nikotin und natürlichen Aromen versetzt. <br><br>Erlebe eine verlängerte Freisetzung von Nikotin und köstlichen Aromen von bis zu 60+ Minuten befriedigender Momente. Entdecke den Unterschied mit COCO Nikotinbeuteln - die länger anhaltende, natürlichere und sanftere Wahl für Deinen Lebensstil mit Nikotinbeuteln. COCO Mighty Mango ist Teil der Mighty Stong Reihe und bietet 13,5mg/Beutel mit einem saftigen Geschmackserlebnis von frischer Mango.<br></p>
<p><br></p>
<p>Verwendung:</p>
<p><span>Für eine schnelle Freisetzung von Nikotin und Aromen:</span><br><span>1. Befeuchte den Beutel, indem Du ihn auf die Zunge legst.</span><br><span>2. Sobald der Beutel feucht ist, kaue den Beutel einmal vorsichtig. Achte darauf, den Beutel nicht zu </span><span>öffnen</span><span>.</span><br><span>3. Lege den Beutel unter die Oberlippe und spüre den intensiven Geschmack und die schnelle Nikotinfreisetzung.</span><br><span>4. Geniesse den Kick bis zu einer Stunde lang</span></p>",Mighty Mango,Unisex,,,,,,,https://cdn.shopify.com/s/files/1/0072/0646/9679/files/CoCo_Mighty_Mango_sized.png,,,,,5.90,0.00,1,G,9,IN,3,3,3,,,,
,,CO-5005-1,Unisex,Title,Default Title,,,,,,,,,,5.90,0.00,1,G,9,IN,3,3,3,,,COCO,Mighty Mango
Classic Slim WDP,"<p>Intensiver, kräftiger Snus mit frischem ""sibirischer"" Pfefferminze.</p>
<p><span>Bei den White Dry Portions von</span><span> Royal Snus wird an der Stelle von Tabak eine Pflanzenart verwendet, die Damiana genannt wird.</span><br><span>Damiana ist eine Strauchpflanze, die zur Pflanzengattung der Safranmalven (turnera diffusa) gehört. </span><span>Ihr natürliches Verbreitungsgebiet reicht vom südlichen Nordamerika bis nach Argentinien. Vorzugsweise gedeiht Damiana an trockenen, felsigen Standorten – etwa auf Klippen, auf Kalksteinen oder auch in Mischwäldern in Höhenlagen zwischen 500 Metern und 1950 Metern. Dazu wurde Damiana schon seit längerem auch in Mexiko als Tabakersatz verwendet.</span></p>",Classic Slim WDP,Unisex,,,,,,,https://cdn.shopify.com/s/files/1/0072/0646/9679/files/royal-lifestyle-classic-slim-wdp_fb27aa66-a02c-4ccd-a5e8-332463a47b42.png,,,,,5.90,0.00,1,G,36,IN,3,3,3,,,,
,,RL-1010-1,Unisex,Title,Default Title,,,,,,,,,,5.90,0.00,1,G,36,IN,3,3,3,,,Royal Lifestyle,Classic Slim WDP
Glögg & Kanel OP,"<meta charset=""utf-8"">
<div class=""item flex"">
<div class=""title""></div>
</div>
<div class=""item flex"">
<div class=""info"">
<div class=""info"">
<p>Weihnachtszeit ist Glühweinzeit und da darf der passende Snus nicht fehlen!<br></p>
<p>Jakobssons, bekannt für ihre intensive Aromen, bringen mit dem ""Glögg &amp; Kanel OP"" den perfekten Wintersnus. Übersetzt steht der Name für ""Glühwein &amp; Zimt"" und das beschreibt diesen Snus auch schon zu genügend.</p>
<p>Ein herrliches Aroma, mit feinstem Tabak gibt diesem Snus eine ausgezeichnete Note. </p>
</div>
<div class=""info"">
<div class=""info"">
<div class=""item flex""></div>
</div>
</div>
</div>
<div class=""info"">
<div class=""item flex""></div>
</div>
</div>",Glögg & Kanel OP,Unisex,,,,,,,https://cdn.shopify.com/s/files/1/0072/0646/9679/products/jakobssons-gloegg-kanel-original-portion.png,,,,,5.90,,1,G,1,IN,3,3,3,,,,
,,JK-3005-1,Unisex,Title,Default Title,,,,,,,,,,5.90,,1,G,1,IN,3,3,3,,,Jakobssons,Glögg & Kanel OP
Mighty Lemonade,"<p>COCO Nicotine Pouches werden sorgfältig aus Kokosfasern hergestellt, die eine längere und sanftere Freisetzung von Nikotin und Aromen ermöglichen. Im Gegensatz zu anderen Marken, die oft übermässig verarbeitete Pflanzenfasern verwenden, werden die Kokosfasern der COCO-Beutel direkt mit Nikotin und natürlichen Aromen versetzt. <br data-mce-fragment=""1""><br data-mce-fragment=""1"">Erlebe eine verlängerte Freisetzung von Nikotin und köstlichen Aromen von bis zu 60+ Minuten befriedigender Momente. Entdecke den Unterschied mit COCO Nikotinbeuteln - die länger anhaltende, natürlichere und sanftere Wahl für Deinen Lebensstil mit Nikotinbeuteln. COCO Mighty Lemonade ist Teil der Mighty Stong Reihe und bietet 13,5mg/Beutel, die die einzigartige Geschmackskombination von Schwarzem Tee und Limonade nutzen.<br></p>
<p><br></p>
<p>Verwendung:</p>
<p><span>Für eine schnelle Freisetzung von Nikotin und Aromen:</span><br><span>1. Befeuchte den Beutel, indem Du ihn auf die Zunge legst.</span><br><span>2. Sobald der Beutel feucht ist, kaue den Beutel einmal vorsichtig. Achte darauf, den Beutel nicht zu </span><span>öffnen</span><span>.</span><br><span>3. Lege den Beutel unter die Oberlippe und spüre den intensiven Geschmack und die schnelle Nikotinfreisetzung.</span><br><span>4. Geniesse den Kick bis zu einer Stunde lang</span></p>",Mighty Lemonade,Unisex,,,,,,,https://cdn.shopify.com/s/files/1/0072/0646/9679/files/CoCo_Mighty_Lemonade_sized.png,,,,,5.90,0.00,1,G,9,IN,3,3,3,,,,
,,CO-8005-1,Unisex,Title,Default Title,,,,,,,,,,5.90,0.00,1,G,9,IN,3,3,3,,,COCO,Mighty Lemonade
No.8 Raspberry Liqorice AW Mini,"<p>Entdecke Après No.8 Raspberry-Liquorice AW Mini – Dein starker Begleiter für ein einzigartiges und belebendes Nikotinerlebnis. Mit einem Nikotingehalt von 8 mg/g und einer Stärke von 3/5 bietet Dir dieser Snus eine kraftvolle und langanhaltende Wirkung. Die 20 Slim Beutel sorgen für einen diskreten und komfortablen Genuss.</p>
<p>Après No.8 Himbeer-Lakritz vereint die bewährte Geschmackskombination aus süssen Himbeeren und würzigem Lakritz. Dieses harmonische Zusammenspiel verleiht Dir ein unvergleichliches Geschmackserlebnis.</p>
<p>Geniesse die perfekte Balance aus Himbeeren und Lakritz mit Après No.8 Himbeer-Lakritz und erlebe die Vorteile eines tabakfreien Nikotinerlebnisses. </p>
<div class=""info"">
<div class=""info"">
<div class=""item flex"">
<div class=""title""><br></div>
</div>
</div>
</div>",No.8 Raspberry Liqorice AW Mini,Unisex,,,,,,,https://cdn.shopify.com/s/files/1/0072/0646/9679/files/apres-no-8-Raspberry-Liqorice-mini-aw.png,,,,,5.20,0.00,1,G,26,IN,3,3,3,,,,
,,AP-8015-1,Unisex,Title,Default Title,,,,,,,,,,5.20,0.00,1,G,26,IN,3,3,3,,,Après,No.8 Raspberry Liqorice AW Mini
Mint WP,"<meta charset=""utf-8"">
<div class=""item flex"">
<div class=""title""></div>
</div>
<div class=""item flex"">
<div class=""info"">
<p>Oden's Mint White Portion besticht mit seiner Minz-Note, wobei der Tabak nicht zu kurz kommt. Ein White Portion Snus mit 9 mg/g Nikotin. </p>
</div>
<div class=""info""></div>
<div class=""info"">
<div class=""info"">
<div class=""item flex""></div>
</div>
</div>
</div>",Mint WP,Unisex,,,,,,,https://cdn.shopify.com/s/files/1/0072/0646/9679/products/odens-mint-white-portion.png,,,,,4.80,0.00,1,G,1,IN,3,3,3,,,,
,,OD-9005-1,Unisex,Title,Default Title,,,,,,,,,,4.80,0.00,1,G,1,IN,3,3,3,,,Oden's,Mint WP
Iced-Mint Tobacco WDP,"<p>Bist Du bereit für die langanhaltende, entspannende Wirkung von ¡VALE! Iced Mint Tobacco WDP - einem White Dry Portion Snus mit hervorragender Qualität<br>zum attraktiven Preis.</p>
<p>Der ¡VALE! Iced-Mint Tobacco vereint Menthol, Minze und Tabakgeschmack zu einem vollmundigen und einzigartigen Erlebnis mit seinen 45mg/g Nikotin.<br>Erlebe die erfrischende Kühle der Minze in Kombination mit dem natürlichen Tabakgeschmack.</p>",Iced-Mint Tobacco WDP,Unisex,,,,,,,https://cdn.shopify.com/s/files/1/0072/0646/9679/files/vale-iced-mint-tobacco-strong-wdp.png,,,,,5.90,0.00,1,G,1,IN,3,3,3,,,,
,,VA-3000-1,Unisex,Title,Default Title,,,,,,,,,,5.90,0.00,1,G,1,IN,3,3,3,,,¡VALE!,Iced-Mint Tobacco WDP
Whip Alpine Mint AW Slim,<span>Nico Whip Alpine Mint Strong Nicotine Pouches schmecken frisch nach kühler alpinen Minze. Der hohe Nikotingehalt von 10 mg/g sorgt für ein kraftvollesGefühl. Die Füllung der bequemen Slim-Portionen besteht aus Pflanzenfasern und ist daher komplett tabakfrei. Zudem laufen die Nicotine Pouches kaum und schmecken so richtig lang. Die belebende Wirkung des Nikotins ist ebenfalls lange zu spüren.</span>,Whip Alpine Mint AW Slim,Unisex,,,,,,,https://cdn.shopify.com/s/files/1/0072/0646/9679/products/NICO_Whip_sized.jpg,,,,,5.20,0.00,1,G,16,IN,3,3,3,,,,
,,NI-2000-1,Unisex,Title,Default Title,,,,,,,,,,5.20,0.00,1,G,16,IN,3,3,3,,,Nico,Whip Alpine Mint AW Slim
Frost Bite Extreme AW,Erleben Sie ein einzigartiges Minz-Geschmackserlebnis! GRITT Frost Bite Extreme bietet Ihnen eine erfrischende Intensität und kommt in einem praktischen Super Slim-Format daher. Geniessen Sie ein Endlos-Minz-Erlebnis!,Frost Bite Extreme AW,Unisex,,,,,,,https://cdn.shopify.com/s/files/1/0072/0646/9679/files/GRITTFrostBiteExtraStrong-sized.png,,,,,5.90,0.00,1,G,12000,IN,3,3,3,,,,
,,GT-2005-1,Unisex,Title,Default Title,,,,,,,,,,5.90,0.00,1,G,12000,IN,3,3,3,,,GRITT,Frost Bite Extreme AW
Coffee Caramel Strong AW,"Der VID Coffee Caramel strong All White Snus ist die neuste Kreation vom Hause Kurbits Snus AB und überzeugt geschmacklich mit einer perfekten Balance zwischen starken Arabica-Kaffeebohnen sowie karamellisierter Vanille. Mittelmässig süss und durchschnittlich stark sind diese Beutel etwas für Geniesser, die den Kaffeegeschmack lieben!<br>Auf aromatisierter Zellulosebasis und völlig frei von Tabak kommen auch die VID Beutel im Slim Format. Ohne Tabak bedeutet ohne gewöhnungsbedürftigen Tabakgeruch sowie ohne jegliche Tabakschadstoffe - aktuell gibt es weltweit keine weniger schädliche Art, Nikotin zu konsumieren. All White Snus / Nicotine Pouches bietet sich deshalb vor allem Rauchern an, welche mit Rauchentwöhnung wie Nikotinpflaster, Nikotinkaugummi oder Nikotinspray nichts anfangen können.",Coffee Caramel Strong AW,Unisex,,,,,,,https://cdn.shopify.com/s/files/1/0072/0646/9679/products/VID_Caramel_Coffe_Strong_dt.png,,,,,3.90,0.00,1,G,14,IN,3,3,3,,,,
,,VI-7105-1,Unisex,Title,Default Title,,,,,,,,,,3.90,0.00,1,G,14,IN,3,3,3,,,VID,Coffee Caramel Strong AW
Super White Purple Cassice No.63 Strong AW,Der Skruf Super White Cassice schmeckt nach Cassis sowie süsser Johannisbeere und hat einen durchschnittlichen Nikotingehalt.,Super White Purple Cassice No.63 Strong AW,Unisex,,,,,,,https://cdn.shopify.com/s/files/1/0072/0646/9679/files/skruf-super-white-cassice-strong-no63.png,,,,,5.20,0.00,1,G,1,IN,3,3,3,,,,
,,SK-4105-1,Unisex,Title,Default Title,,,,,,,,,,5.20,0.00,1,G,1,IN,3,3,3,,,Skruf,Super White Purple Cassice No.63 Strong AW
Icing WDP Slim,"<p>PUCK ICING Extreme Strong Slim von The Snusfactory ist ein Snus, der Nikotin-Kicks mit der Stärke eines kräftigen Slap-Shots zusammen mit einem eiskalten Minzegeschmack liefert. Er enthält einen extrem hohen Nikotingehalt (45mg/g) und liefert einen unglaublich frischen Geschmack von Schweizer Menthol und Pfefferminze.</p>
<p>Seine bequemen Portionen sind so gestaltet, dass sie eine sofortige Freisetzung sowohl von Nikotin als auch von Geschmack ermöglichen. Ihre trockene Oberfläche sorgt für ein geringes Laufen, was wiederum dafür sorgt, dass diese stimulierende und erfrischende Freisetzung zufriedenstellend lange anhält.</p>",Icing WDP Slim,Unisex,,,,,,,https://cdn.shopify.com/s/files/1/0072/0646/9679/products/Puck_Icing_Extreme_Strong_Slim.jpg,,,,,5.20,0.00,1,G,13,IN,3,3,3,,,,
,,PU-2010-1,Unisex,Title,Default Title,,,,,,,,,,5.20,0.00,1,G,13,IN,3,3,3,,,Puck,Icing WDP Slim
Salty Raspberry AW,"<p>Ein weiterer unvergleichlicher tabakfreier Snus unter den unverwechselbaren Lakritz Geschmacksrichtungen von FUMI. Die natürliche Aromakomposition aus Lakritz und Himbeeren sorgt für ein sehr ekstatisches Erlebnis. FUMI Salty Rasberry hat die gleiche schnelle Freisetzung und das gleiche lange Geschmackserlebnis wie die anderen Produkte im FUMI-Sortiment.</p>
<p>Die Dose enthält 20 schlanke Beutel aus dem exklusiven weichen und weissen Vliesmaterial. Der Nikotingehalt beträgt 8.4 mg/Beutel.</p>",Salty Raspberry AW,Unisex,,,,,,,https://cdn.shopify.com/s/files/1/0072/0646/9679/files/Fumi_Salty_Rasperry_sized.png,,,,,5.90,0.00,1,G,1,IN,3,3,3,,,,
,,FU-1015-1,Unisex,Title,Default Title,,,,,,,,,,5.90,0.00,1,G,1,IN,3,3,3,,,FUMI,Salty Raspberry AW
Lavender WP Slim,"Sei es bei einem Aperitivo auf der Piazza Grande in Locarno bei Sonnenschein oder beim Faulenzen auf den heissen, rund geschliffenen Steinen des Verzascatals: Das dolce far niente südlich der Alpen hat etwas magisches. Diese Magie hat die Leaf Bakery in einem blumigen, fruchtigen und mit Kräutern angereicherten Snus einfangen. Der TRIFT Lavender verkörpert Leichtigkeit, puren Genuss und Lebensfreude. Ein Snus für die sonnigen Tage im Leben!",Lavender WP Slim,Unisex,,,,,,,https://cdn.shopify.com/s/files/1/0072/0646/9679/products/1639499494172943_trift-lavender-white-portion-slim.jpg,,,,,7.90,6.90,1,G,1,IN,3,3,3,,,,
,,TR-3005-1,Unisex,Title,Default Title,,,,,,,,,,7.90,6.90,1,G,1,IN,3,3,3,,,TRIFT,Lavender WP Slim
Skruf Nordic Liquorice No.58 AW,"<meta charset=""utf-8"">
<div class=""item flex"">
<div class=""title""><br></div>
</div>
<div class=""item flex"">
<div class=""info"">
<p><span></span><span>Auf aromatisierter Zellulosebasis und völlig frei von Tabak kommen auch die Skruf Super White Beutel im Slim Format. Ohne Tabak bedeutet ohne gewöhnungsbedürftigen Tabakgeruch sowie ohne jegliche Tabakschadstoffe - aktuell gibt es weltweit keine weniger schädliche Art, Nikotin zu konsumieren. All White Snus / Nicotine Pouches bietet sich deshalb vor allem Rauchern an, welche mit Rauchentwöhnung wie Nikotinpflaster, Nikotinkaugummi oder Nikotinspray nichts anfangen können.</span></p>
</div>
</div>",Skruf Nordic Liquorice No.58 AW,Unisex,,,,,,,https://cdn.shopify.com/s/files/1/0072/0646/9679/products/skruf-xtra-nordic-liquorice-sized.png,,,,,5.20,0.00,1,G,30,IN,3,3,3,,,,
,,SK-1505-1,Unisex,Title,Default Title,,,,,,,,,,5.20,0.00,1,G,30,IN,3,3,3,,,Skruf,Skruf Nordic Liquorice No.58 AW
Supermassive WDP,"<span>VIKA Supermassive ist der stärkste Tabak-Snus der Marke VIKA und gleichzeitig einer der stärksten auf dem Markt. Er ist damit ideal für erfahrene Snus-Konsumenten, die nach einem intensiven Nikotinkick suchen.</span>",Supermassive WDP,Unisex,,,,,,,https://cdn.shopify.com/s/files/1/0072/0646/9679/products/VIKA_SUPERMASSIV_sized.jpg,,,,,5.20,0.00,1,G,13,IN,3,3,3,,,,
,,VK-3000-1,Unisex,Title,Default Title,,,,,,,,,,5.20,0.00,1,G,13,IN,3,3,3,,,Vika,Supermassive WDP
Eucalyptus Slim AW,Belebender Snus mit vollmundigem Charakter – Snus Super White Eucalypthus SLIM,Eucalyptus Slim AW,Unisex,,,,,,,https://cdn.shopify.com/s/files/1/0072/0646/9679/files/royal-lifestyle-eucalyptus-aw_7f7c7b96-fd4f-4773-af16-6d2e389978eb.png,,,,,5.90,0.00,1,G,32,IN,3,3,3,,,,
,,RL-5010-1,Unisex,Title,Default Title,,,,,,,,,,5.90,0.00,1,G,32,IN,3,3,3,,,Royal Lifestyle,Eucalyptus Slim AW
Classic Original WDP,"<p>Intensiver, kräftiger Snus mit frischem ""sibirischer"" Pfefferminze.</p>
<p>Bei den White Dry Portions von Royal Snus wird an der Stelle von Tabak eine Pflanzenart verwendet, die Damiana genannt wird. <br>Damiana ist eine Strauchpflanze, die zur Pflanzengattung der Safranmalven (turnera diffusa) gehört. Ihr natürliches Verbreitungsgebiet reicht vom südlichen Nordamerika bis nach Argentinien. Vorzugsweise gedeiht Damiana an trockenen, felsigen Standorten – etwa auf Klippen, auf Kalksteinen oder auch in Mischwäldern in Höhenlagen zwischen 500 Metern und 1950 Metern. Dazu wurde Damiana schon seit längerem auch in Mexiko als Tabakersatz verwendet.</p>",Classic Original WDP,Unisex,,,,,,,https://cdn.shopify.com/s/files/1/0072/0646/9679/files/royal-lifestyle-classic-original-wdp_36c0e7fe-6fc0-4ee4-8ba6-c42268343d6a.png,,,,,5.90,0.00,1,G,36,IN,3,3,3,,,,
,,RL-1000-1,Unisex,Title,Default Title,,,,,,,,,,5.90,0.00,1,G,36,IN,3,3,3,,,Royal Lifestyle,Classic Original WDP
Raw WP Slim,"<p>Bei diesem Snus hat sich die Leaf Bakery ganz an den traditionsreichen Rezepturen aus dem hohen Norden orientiert. Der Leaf Bakery ist es gelungen, einen hochqualitativen und traditionellen Snus mit hervorragendem Geschmack herzustellen. Wenn Du auf der Suche nach einer klassischen Snus-Variante bist, dann ist der TRIFT Raw genau das richtige für Dich. Trift Raw ist mit Sicherheit der beste Snus aus heimischer Produktion!<br></p>",Raw WP Slim,Unisex,,,,,,,https://cdn.shopify.com/s/files/1/0072/0646/9679/products/1639499405723941_trift-raw-white-portion-slim.jpg,,,,,7.90,6.90,1,G,1,IN,3,3,3,,,,
,,TR-1005-1,Unisex,Title,Default Title,,,,,,,,,,7.90,6.90,1,G,1,IN,3,3,3,,,TRIFT,Raw WP Slim
MELON AW Mini,"<p class=""MsoNormal""><span lang=""DE-AT"" style=""mso-ansi-language: DE-AT;"">Lass dich vom verlockenden Geschmack des edel MELON MINI verführen, der als Slim-Variante bereits die Herzen eroberte – jetzt in brandneuen Mini-Pouches, perfekt abgestimmt in der Grösse bei gleichem Nikotingehalt.</span><span lang=""DE"" style=""mso-ansi-language: DE;""></span></p>",MELON AW Mini,Unisex,,,,,,,https://cdn.shopify.com/s/files/1/0072/0646/9679/files/edelsnus_PP_Top_Melon-Mini_wo_Shadow_06f3b3d1-7efa-44f8-91fa-311b02f97aa5.png,,,,,5.90,0.00,1,G,1,IN,3,3,3,,,,
,,ED-3110-1,Unisex,Title,Default Title,,,,,,,,,,5.90,0.00,1,G,1,IN,3,3,3,,,edel,MELON AW Mini
Spicy Cola AW,"<p>Tabakfreier Snus mit einem starken, aber ausgewogenen Cola-Geschmack. Von vielen als der Lieblingsgeschmack angesehen, zu dem man immer mal wieder wechselt. Das Erlebnis der schnellen Freisetzung und des lang anhaltenden Geschmacks ist etwas, das in allen Geschmacksrichtungen von FUMI wiedererkannt wird.</p>
<p>Die Dose enthält 20 schlanke Beutel aus exklusivem, weichem und weissem Vliesmaterial. Die Nikotinstärke beträgt 8.4 mg/Beutel.</p>",Spicy Cola AW,Unisex,,,,,,,https://cdn.shopify.com/s/files/1/0072/0646/9679/files/Fumi_Spicy_cola_sized.png,,,,,5.90,0.00,1,G,1,IN,3,3,3,,,,
,,FU-5015-1,Unisex,Title,Default Title,,,,,,,,,,5.90,0.00,1,G,1,IN,3,3,3,,,FUMI,Spicy Cola AW
Ginger Lemon AW,"<p>Frisch geschälter Ingwer, frische Zitrone und Honig! Wer kann der bewährten Kombination widerstehen? Das Gewicht des Ingwers trifft auf die saure Zitrone und beide werden durch eine sanfte Süße verstärkt, die die Dreieinigkeit ergänzt, wenn es um den Hauptgeschmack der Entspannung geht. Die Aromen von VID Ginger Lemon wollen dir ein Gefühl von Pflege und Ruhe vermitteln – aber mit spürbarer Nikotinabgabe für lange Zeit.</p>
<p>Wenn etwas Sicheres und Umfassendes gefragt ist, ist VID Ginger Lemon die Antwort, wenn es um Nikotinbeutel geht. Die Aromen sind sauber und greifbar, ohne überwältigend zu sein, aber perfekt ausbalanciert für diejenigen, die einen erwachseneren Geschmack in ihrem Nikotinbeutel haben möchten.</p>",Ginger Lemon AW,Unisex,,,,,,,https://cdn.shopify.com/s/files/1/0072/0646/9679/products/VID-Ginger-Lemon-aw.png,,,,,3.90,0.00,1,G,30000,IN,3,3,3,,,,
,,VI-9005-1,Unisex,Title,Default Title,,,,,,,,,,3.90,0.00,1,G,30000,IN,3,3,3,,,VID,Ginger Lemon AW
SPEARMINT AW Mini,"<p class=""MsoNormal""><span lang=""DE-AT"" style=""mso-ansi-language: DE-AT;"">Mach dich bereit für das ultimative Frischeerlebnis mit den brandneuen Mini Pouches von edel! Der edel Spearmint Mini ist eine sorgfältig ausgewählte Kombination aus knackiger Frische und intensiver Minznote – dein perfekter Begleiter für jeden Moment, der nach einen Kick und Frische verlangt.</span><span lang=""DE"" style=""mso-ansi-language: DE;""></span></p>",SPEARMINT AW Mini,Unisex,,,,,,,https://cdn.shopify.com/s/files/1/0072/0646/9679/files/edelsnus_PP_Top_Spearmint-Mini_wo_Shadow_ec55fe19-f59c-459c-afd8-3219fed27915.png,,,,,5.90,,1,G,1,IN,3,3,3,,,,
,,ED-7110-1,Unisex,Title,Default Title,,,,,,,,,,5.90,,1,G,1,IN,3,3,3,,,edel,SPEARMINT AW Mini
Citrus Cooling Strong AW,"<p>Entdecke <a href=""https://snushus.ch/collections/xqs-snus"">XQS</a> Citrus Cooling All White – Dein idealer Begleiter für ein starkes und erfrischendes Nikotinerlebnis. Mit einer Stärke von 4/5 und einem Nikotingehalt von 16 mg/g bietet Dir dieser Snus eine intensive und langanhaltende Wirkung. Die Slim Beutel sind perfekt für diskreten und komfortablen Genuss, während der erfrischende Zitrusgeschmack Deine Sinne belebt.</p>
<p>XQS Citrus Cooling Strong besticht durch seine einzigartige Kombination aus frischem Zitrusgeschmack und einer prickelnden, kühlenden Wirkung. Diese besondere Mischung schafft ein unvergleichliches Erlebnis, das Dir jedes Mal aufs Neue Freude bereitet. Hergestellt in Schweden, steht XQS für erstklassige Qualität und innovative Geschmackserlebnisse.</p>
<p>Geniesse die belebende Frische von XQS Citrus Cooling All White und die Vorteile eines tabakfreien Nikotinerlebnisses. Bestelle jetzt online und entdecke, warum XQS die bevorzugte Wahl für Snus-Liebhaber ist. Gönn Dir diesen erfrischenden und starken Genuss und bringe neue Frische in Deinen Alltag!</p>
<!---->",Citrus Cooling Strong AW,Unisex,,,,,,,https://cdn.shopify.com/s/files/1/0072/0646/9679/files/XQS_Citruscooling_97010f75-aa16-47ae-9d23-34aafac43a84.png,,,,,4.20,0.00,1,G,14,IN,3,3,3,,,,
,,XQ-1115-1,Unisex,Title,Default Title,,,,,,,,,,4.20,0.00,1,G,14,IN,3,3,3,,,XQS,Citrus Cooling Strong AW
Apple Mint AW Slim,Die perfekte Kombination aus Apfel und Minze in einem starken Nikotinbeutel. Apple Mint gibt Ihnen einen frischen und lang anhaltenden Geschmack und befriedigt Deinen Nikotinbedarf.,Apple Mint AW Slim,Unisex,,,,,,,https://cdn.shopify.com/s/files/1/0072/0646/9679/files/KLINT_S5_apple-mint_AW.png,,,,,5.90,0.00,1,G,29,IN,3,3,3,,,,
,,KL-4115-1,Unisex,Title,Default Title,,,,,,,,,,5.90,0.00,1,G,29,IN,3,3,3,,,KLINT,Apple Mint AW Slim
Fresh-Mint AW Slim,"<p data-mce-fragment=""1"">Der Fünfhaus Flavour mit erfrischendem Minzgeschmack sorgt für die nötige Freshness im stressigen Alltag.<br data-mce-fragment=""1""></p>
<p data-mce-fragment=""1"">15 bringt den Fünfhaus Flavour direkt in deine Hosentasche. Die neuen Nicotine Baggies aus dem fünfzehnten Wiener Gemeindebezirk ermöglichen dir rauchfreien Genuss in erfrischenden Geschmacksrichtungen. Ob beim Arbeiten, Trainieren, Feiern oder einfach zum Entspannen: Es gibt mehr als 1150 Gründe, um mit 15 Nicotine Pouches nicht den Fokus zu verlieren. Komm in deinen Flow!</p>",Fresh-Mint AW Slim,Unisex,,,,,,,https://cdn.shopify.com/s/files/1/0072/0646/9679/files/15-Baggies_PackshotFreshMintDarkBG_600x600_62ceae55-2cf2-4c4e-ae9f-fc7f27f53103.png,,,,,7.90,0.00,1,G,12,IN,3,3,3,,,,
,,FH-1010-1,Unisex,Title,Default Title,,,,,,,,,,7.90,0.00,1,G,12,IN,3,3,3,,,15 Nicotine Baggies,Fresh-Mint AW Slim
Habanero Mint Extra Strong AW,"<p data-mce-fragment=""1"">Loop Habanero Mint Extra Strong<strong data-mce-fragment=""1""><span data-mce-fragment=""1""> </span></strong>ist ein starker Nikotinbeutel mit einer Kombination aus scharfer Habanero (Chili) und kühler Minze, wodurch das Erlebnis dieses starken Nikotinbeutels sehr intensiv ist. Die Mischung aus würzigem Chili und kühlender Minze ist genial und köstlich interessant.</p>
<p data-mce-fragment=""1"">Diese Nikotinbeutel enthalten einen Nikotingehalt von 20 mg/g, was stark ist. Sie geben ihren Inhalt dank LOOPs InstantRush-Technologie schnell und kraftvoll ab, was bedeutet, dass der Nikotinkick aus diesen Beuteln stark und unmittelbar ist. Eine Dose kommt mit 24 Beuteln, die schlank und feucht und völlig tropffrei sind.</p>
<p data-mce-fragment=""1"">LOOP ist eine Marke, die das Wort Spaß wirklich verkörpert. Ihre Dosen, ihre Geschmacksrichtungen, ihre Website, alles an ihnen sticht hervor und das ist ein Grund für die Liebe, die sie erhalten haben. Sie sind auch für ihre Intensität und ihren starken Nikotingehalt bekannt, der zwischen 10 mg/g und 20 mg/g liegt</p>",Habanero Mint Extra Strong AW,Unisex,,,,,,,https://cdn.shopify.com/s/files/1/0072/0646/9679/files/loop-habanero-mint-extra-strong-sized-aw.png,,,,,8.90,0.00,1,G,13,IN,3,3,3,,,,
,,LO-2000-1,Unisex,Title,Default Title,,,,,,,,,,8.90,0.00,1,G,13,IN,3,3,3,,,LOOP,Habanero Mint Extra Strong AW
Chai Latte AW Slim,"Chai Latte ist eine Kombination aus Kaffeebohnen, Chai-Gewürzen wie Zimt und Nelken sowie einem köstlichen Geschmack von Vanilleschoten. Sehr grosszügig, unverwechselbar und schwer zu widerstehen.",Chai Latte AW Slim,Unisex,,,,,,,https://cdn.shopify.com/s/files/1/0072/0646/9679/files/FIX_S3_chai-latte_AW.png,,,,,5.40,0.00,1,G,29,IN,3,3,3,,,,
,,FI-2015-1,Unisex,Title,Default Title,,,,,,,,,,5.40,0.00,1,G,29,IN,3,3,3,,,FIX,Chai Latte AW Slim
Röd WP,Inspiriert von Göteborgs Rapé bringt Swedish Match mit dem ONE Röd WP eine weitere Sorte. Dieser White Portion Snus kommt mit einem angenehmen Nikotingehalt von 13 mg/g und dem Aroma von Waldbeeren.,Röd WP,Unisex,,,,,,,https://cdn.shopify.com/s/files/1/0072/0646/9679/products/one_r_d_white_portion.jpg,,,,,4.90,0.00,1,G,20,IN,3,3,3,,,,
,,OE-5005-1,Unisex,Title,Default Title,,,,,,,,,,4.90,0.00,1,G,20,IN,3,3,3,,,ONE,Röd WP
Grön WP,"<meta charset=""utf-8"">
<div class=""item flex"">
<div class=""title"">
<div class=""info"">
<p>Die One-Serie von Swedish Match soll die Klassiker ehren: Der ONE Grön White Portion Snus riecht nach feinen Früchten, Beeren, Kräutern und erinnert dabei an die schwedischen Wälder. Der ""Grüne"" der One-Serie ist dabei ebenfalls an den klassiker Göteborgs Rapé angelehnt und kommt mit 13 mg/g Nikotin.</p>
</div>
</div>
</div>
<div class=""item flex""></div>",Grön WP,Unisex,,,,,,,https://cdn.shopify.com/s/files/1/0072/0646/9679/products/one-gron-white-portion.png,,,,,4.90,0.00,1,G,1,IN,3,3,3,,,,
,,OE-4005-1,Unisex,Title,Default Title,,,,,,,,,,4.90,0.00,1,G,1,IN,3,3,3,,,ONE,Grön WP
Minty Apple Mini AW,"Die neue Geschmacksrichtung der beliebten Marke VID überzeugt nicht nur beim frischen Geschmack. Die auf Pflanzenfasern basierenden Nicotine Pouches mit Nikotinstärke 3/4 sind All-White, deshalb verfärben sie die Zähne nicht. Ausserdem erlaubt das bequeme Mini-Format den diskreten Genuss an fast jedem Ort. Ein Produkthighlight ist auch die nachhaltig hergestellte Dose, in der 20 Portionen Platz finden.",Minty Apple Mini AW,Unisex,,,,,,,https://cdn.shopify.com/s/files/1/0072/0646/9679/products/vid-mini-minty-apple-aw.png,,,,,3.90,0.00,1,G,1,IN,3,3,3,,,,
,,VI-9115-1,Unisex,Title,Default Title,,,,,,,,,,3.90,0.00,1,G,1,IN,3,3,3,,,VID,Minty Apple Mini AW
Salty Liquorice AW,Ein aufregendes Zusammenspiel von einer salzigen Note und dem einzigartigen Lakritze-Geschmack – das wird den Fans von VID Salty Liquorice Slim Strong All White Portion Nikotinbeutel mit Nikotingehalt 12 mg/g geboten.,Salty Liquorice AW,Unisex,,,,,,,https://cdn.shopify.com/s/files/1/0072/0646/9679/products/vid-salty-liquorice-aw.png,,,,,3.90,0.00,1,G,1,IN,3,3,3,,,,
,,VI-1205-1,Unisex,Title,Default Title,,,,,,,,,,3.90,0.00,1,G,1,IN,3,3,3,,,VID,Salty Liquorice AW
Blue Ice Slim AW,"Royal Lifestyle Blue Ice überrascht dich mit einem leckeren Blaubeerengeschmack und einem hauch von coolen kaltem Menthol, was ihn zu einer guten Variante für Geniesser macht.",Blue Ice Slim AW,Unisex,,,,,,,https://cdn.shopify.com/s/files/1/0072/0646/9679/files/royal-lifestyle-blue-iceaw_8f7fe7fe-24fb-48e8-b468-7e1ce7c9ed18.png,,,,,5.90,0.00,1,G,1,IN,3,3,3,,,,
,,RL-7010-1,Unisex,Title,Default Title,,,,,,,,,,5.90,0.00,1,G,1,IN,3,3,3,,,Royal Lifestyle,Blue Ice Slim AW
Spearmint Strong AW,"<p><span>Geniesse den erfrischenden Geschmack von Spearmint mit XQS Spearmint Strong AW. Hergestellt in Schweden, ist dieser All White Snus das perfekte Produkt für alle, die eine starke Alternative zu herkömmlichen Tabakprodukten suchen. Erlebe einen intensiven Minzgeschmack und ein angenehmes Gefühl - probiere XQS Spearmint Strong AW jetzt!</span></p>
<p><span>Mit einer Stärke von 4/5 und einem Nikotingehalt von 16 mg/g bietet dieser Snus eine kraftvolle Erfahrung. Jede Dose enthält 10 g Tabakersatz, und die Beutel sind in der praktischen Slim-Grösse.</span></p>
<!---->",Spearmint Strong AW,Unisex,,,,,,,https://cdn.shopify.com/s/files/1/0072/0646/9679/files/XQS_Spearmint_03_75950912-8b25-482f-aeee-a42a3d37581e.png,,,,,4.20,0.00,1,G,1,IN,3,3,3,,,,
,,XQ-2115-1,Unisex,Title,Default Title,,,,,,,,,,4.20,0.00,1,G,1,IN,3,3,3,,,XQS,Spearmint Strong AW
Sweet Tea Mini AW,"Die neue Geschmacksrichtung der beliebten Marke VID überzeugt nicht nur beim frischen Geschmack. Die auf Pflanzenfasern basierenden Nicotine Pouches mit Nikotinstärke 3/4 sind All-White, deshalb verfärben sie die Zähne nicht. Ausserdem erlaubt das bequeme Mini-Format den diskreten Genuss an fast jedem Ort. Ein Produkthighlight ist auch die nachhaltig hergestellte Dose, in der 20 Portionen Platz finden.",Sweet Tea Mini AW,Unisex,,,,,,,https://cdn.shopify.com/s/files/1/0072/0646/9679/products/vid-mini-sweet-tea-aw.png,,,,,3.90,0.00,1,G,1,IN,3,3,3,,,,
,,VI-9315-1,Unisex,Title,Default Title,,,,,,,,,,3.90,0.00,1,G,1,IN,3,3,3,,,VID,Sweet Tea Mini AW
Breezy Mango AW,"<p><span>Erleben Sie den erfrischenden Sommergeschmack von Breezy Mango AW! Mit dem leckeren Mango-Geschmack und einer extra Portion Energie, ist dieses Velo perfekt für die heissen Tage. Holen Sie sich das perfekte Sommerfeeling mit Breezy Mango AW!</span></p>
<p><span>Der alt bekannte VELO Tropic Breeze wird zum Breezy Mango.</span></p>",Breezy Mango AW,Unisex,,,,,,,https://cdn.shopify.com/s/files/1/0072/0646/9679/files/velo-breezy-mango-2-6.png,https://cdn.shopify.com/s/files/1/0072/0646/9679/files/velo-breezy-mango.png,,,,5.20,0.00,1,G,1,IN,3,3,3,,,,
,,VE-8005-1,Unisex,Title,Default Title,,,,,,,,,,5.20,0.00,1,G,1,IN,3,3,3,,,VELO (SE),Breezy Mango AW
Extreme OP,"Odens Cold Extreme Original Portion ist ein Produkt für traditionelle Snuser.<br data-mce-fragment=""1"">Durch die feuchten Beutel kommt der Nikotingehalt noch besser zur Wirkung als bei vergleichbaren Oden's Produkten.",Extreme OP,Unisex,,,,,,,https://cdn.shopify.com/s/files/1/0072/0646/9679/products/odens_extreme_original_portion.jpg,,,,,4.80,0.00,1,G,20,IN,3,3,3,,,,
,,OD-7105-1,Unisex,Title,Default Title,,,,,,,,,,4.80,0.00,1,G,20,IN,3,3,3,,,Oden's,Extreme OP
Icy Cherry AW,"<p>Erlebe die perfekte Kombination aus Frische und Fruchtigkeit mit <strong>VELO Icy Cherry All White</strong>. Mit einem Nikotingehalt von <strong>14,3 mg/g</strong> und einem köstlichen Kirschgeschmack bietet Dir dieses Snus-Produkt ein angenehmes und dennoch wirkungsvolles Erlebnis. Die Stärke von <strong>3/5</strong> macht es ideal für alle, die eine moderate, aber erfrischende Wirkung suchen. Jede Dose enthält <strong>20 Slim Beutel</strong>, die besonders praktisch für unterwegs sind und in jeder Situation diskret angewendet werden können.</p>
<p>Der VELO Icy Cherry All White verwöhnt Dich mit einem süsslich-erfrischenden Kirschgeschmack, der an reife Kirschen erinnert und gleichzeitig eine eisige Note mit sich bringt. Ob Du auf der Suche nach einem fruchtigen Genuss bist oder einfach nur eine kleine Erfrischung für zwischendurch benötigst – dieses Produkt ist die perfekte Wahl für Dich.</p>
<p>Probiere jetzt den VELO Icy Cherry All White und erlebe ein fruchtig-eisiges Abenteuer.</p>
<!---->",Icy Cherry AW,Unisex,,,,,,,https://cdn.shopify.com/s/files/1/0072/0646/9679/files/Velo_Icy_Cherry.png,,,,,5.20,0.00,1,G,14,IN,3,3,3,,,,
,,VE-8305-1,Unisex,Title,Default Title,,,,,,,,,,5.20,0.00,1,G,14,IN,3,3,3,,,VELO (SE),Icy Cherry AW
Mango Flame AW,"<p>Erlebe den intensiven Geschmack von Mango mit dem neuen Mango Flame AW Velo Snus! Dieser All White Snus bietet mit einer Stärke von 3 von 5 die perfekte Balance zwischen Geschmack und Wirkung. Geniesse den erfrischenden Geschmack von Mango und lass Dich von der Energie dieses Snus inspirieren. Mit einem Nikotingehalt von 14,3 mg/g liefert der Mango Flame AW Velo Snus eine kraftvolle und dennoch angenehme Erfahrung.</p>
<p>Jede Dose enthält 14 g Tabakersatz, verteilt auf 20 Slim-Beutel, die sich diskret und bequem verwenden lassen. Der fruchtige Mangogeschmack macht diesen Snus zu einer köstlichen und erfrischenden Alternative zu herkömmlichen Tabakprodukten. Probiere ihn jetzt aus und erlebe den ultimativen Genuss!</p>
<!---->",Mango Flame AW,Unisex,,,,,,,https://cdn.shopify.com/s/files/1/0072/0646/9679/files/MangoFlame.png,,,,,5.20,0.00,1,G,14,IN,3,3,3,,,,
,,VE-2115-1,Unisex,Title,Default Title,,,,,,,,,,5.20,0.00,1,G,14,IN,3,3,3,,,VELO (SE),Mango Flame AW
Elderflower Strong AW,"<p>Entdecke <a href=""https://snushus.ch/collections/xqs-snus"">XQS</a> Elderflower All White – Dein erfrischender Begleiter für ein sanftes und belebendes Nikotinerlebnis. Die Slim Beutel bieten Dir eine angenehme Stärke von 4/5 und enthalten 16 mg/g Nikotin, was perfekt für den täglichen Gebrauch geeignet ist.</p>
<p>XQS Elderflower Strong kombiniert botanische Noten von Holunderblüten mit schneidenden Zitrustönen und bietet Dir ein einzigartiges Geschmackserlebnis, das besonders an heissen Tagen erfrischt. Jeder Beutel enthält 8 mg Nikotin, was für einen fortgeschrittenen Konsumenten ideal ist und einen extra Kick verleiht.</p>
<p>Geniesse die erfrischende Kombination aus Holunderblüten und Zitrus und erlebe die Vorteile eines tabakfreien Nikotinerlebnisses mit XQS Elderflower All White. Bestelle jetzt online und entdecke, warum XQS die bevorzugte Wahl für Snus-Liebhaber ist. Gönn Dir diesen erfrischenden und leichten Genuss und bringe neue Frische in Deinen Alltag!</p>
<!---->",Elderflower Strong AW,Unisex,,,,,,,https://cdn.shopify.com/s/files/1/0072/0646/9679/files/XQS_Elderflower_strong.png,,,,,4.20,0.00,1,G,14,IN,3,3,3,,,,
,,XQ-4115-1,Unisex,Title,Default Title,,,,,,,,,,4.20,0.00,1,G,14,IN,3,3,3,,,XQS,Elderflower Strong AW
Gul WP,"<meta charset=""utf-8"">
<div class=""item flex"">
<div class=""title"">
<div class=""info"">
<p>Die One-Serie von Swedish Match soll die Klassiker ehren: Bei diesem Snus hat sich der Hersteller von General inspirieren lassen und dem traditionellen Tabakgeschmack eine Zitrus-Note hinzugegeben. Das Resultat ist der ONE Gul White Portion mit 13 mg/g Nikotin. Ein Produkt für Liebhaber!</p>
</div>
</div>
</div>
<div class=""item flex""></div>",Gul WP,Unisex,,,,,,,https://cdn.shopify.com/s/files/1/0072/0646/9679/products/one-gul-white-portion.png,,,,,4.90,0.00,1,G,1,IN,3,3,3,,,,
,,OE-2005-1,Unisex,Title,Default Title,,,,,,,,,,4.90,0.00,1,G,1,IN,3,3,3,,,ONE,Gul WP
Strong No.33 Loose,"Skruf Strong Loose Snus - Dies ist ein loser Snus mit einem sauberen und milden Tabakgeschmack. Der Geschmack hat einen Hauch von Bergamotte und Rosenöl. Um einen stärkeren Charakter zu erreichen, wurde ein größerer Anteil an Tabakblättern verwendet.<br data-mce-fragment=""1""><br data-mce-fragment=""1"">",Strong No.33 Loose,Unisex,,,,,,,https://cdn.shopify.com/s/files/1/0072/0646/9679/files/skruf-strong-loose-no33.png,,,,,5.90,0.00,1,G,42,IN,3,3,3,,,,
,,SK-9005-1,Unisex,Title,Default Title,,,,,,,,,,5.90,0.00,1,G,42,IN,3,3,3,,,Skruf,Strong No.33 Loose
Fig Raspberry AW Slim,"Die aromatische, reizvolle und süsse Kirschblüte, die wir aus Japan kennen, ist eine perfekte Kombination mit sonnengereiften Kirschen und zarten roten Himbeeren.",Fig Raspberry AW Slim,Unisex,,,,,,,https://cdn.shopify.com/s/files/1/0072/0646/9679/files/FIX_S3_fig-raspberry_AW.png,,,,,5.40,0.00,1,G,29,IN,3,3,3,,,,
,,FI-1015-1,Unisex,Title,Default Title,,,,,,,,,,5.40,0.00,1,G,29,IN,3,3,3,,,FIX,Fig Raspberry AW Slim
Cola Lime AW Slim,Das Beste aus zwei Welten - der klassische Geschmack von Cola und die belebende Frische von Limette. Unterstützt von würzigem Zimt und dunklem kubanischem Rum wird er Deine Sinne verführen.,Cola Lime AW Slim,Unisex,,,,,,,https://cdn.shopify.com/s/files/1/0072/0646/9679/files/KLINT_S4_cola-lime_AW.png,,,,,5.90,0.00,1,G,29000,IN,3,3,3,,,,
,,KL-1115-1,Unisex,Title,Default Title,,,,,,,,,,5.90,0.00,1,G,29000,IN,3,3,3,,,KLINT,Cola Lime AW Slim
Menthol AW Slim,"<p data-mce-fragment=""1"">Cool bleiben – mit dem Fünfhaus Flavour Menthol hast du immer ein Baggie in der Tasche für den schnellen Frische-Kick.</p>
<p data-mce-fragment=""1"">15 bringt den Fünfhaus Flavour direkt in deine Hosentasche. Die neuen Nicotine Baggies aus dem fünfzehnten Wiener Gemeindebezirk ermöglichen dir rauchfreien Genuss in erfrischenden Geschmacksrichtungen. Ob beim Arbeiten, Trainieren, Feiern oder einfach zum Entspannen: Es gibt mehr als 1150 Gründe, um mit 15 Nicotine Pouches nicht den Fokus zu verlieren. Komm in deinen Flow!</p>",Menthol AW Slim,Unisex,,,,,,,https://cdn.shopify.com/s/files/1/0072/0646/9679/files/15-Baggies_PackshotMentholDarkBG_600x600_1e9c6679-4170-4167-8890-196c564947dd.png,,,,,7.90,0.00,1,G,12,IN,3,3,3,,,,
,,FH-2010-1,Unisex,Title,Default Title,,,,,,,,,,7.90,0.00,1,G,12,IN,3,3,3,,,15 Nicotine Baggies,Menthol AW Slim
Menthol AW,"<p>Ein eiskalter Spritzer purer Minzigkeit. Der kraftvolle grosse Bruder des klassischen Helwits Mint-Geschmack. </p>
<p><span>Die Helwit Menthol bietet einen authentischen Geschmack, der anhaltend ist. Darüber hinaus gewährleistet die Pouch eine hohe Nikotinstärke von 4 von 5 und eine langanhaltende Wirkung. Das schlanke Format eignet sich perfekt für den diskreten Genuss unterwegs. Eine handliche Dose mit 20 Portionen sorgt jederzeit für die benötigte Versorgung. Dank der All-White Herstellung bleiben die Zähne frei von Verfärbungen.</span></p>",Menthol AW,Unisex,,,,,,,https://cdn.shopify.com/s/files/1/0072/0646/9679/files/Helwit_Menthol_sized.png,,,,,4.95,0.00,1,G,10,IN,3,3,3,,,,
,,HW-1015-1,Unisex,Title,Default Title,,,,,,,,,,4.95,0.00,1,G,10,IN,3,3,3,,,Helwit,Menthol AW
Lash Glacier Mint AW Slim,"<span>Dieser Nico Snus ist einer der stärksten tabakfreien Nikotinbeutel, welche es auf dem Markt gibt.</span><br><span>The Snus Factory kombiniert bei diesem Snus scharfe, Schweizer Pfefferminze mit eisigem Menthol.</span><br><br><span>Diese Nikotinbeutel geben einen erfrischend, minzigen Geschmack, der von einem extra starken Nikotinkick verstärkt wird.</span>",Lash Glacier Mint AW Slim,Unisex,,,,,,,https://cdn.shopify.com/s/files/1/0072/0646/9679/products/NICO_Lash_sized.jpg,,,,,5.20,0.00,1,G,16,IN,3,3,3,,,,
,,NI-1000-1,Unisex,Title,Default Title,,,,,,,,,,5.20,0.00,1,G,16,IN,3,3,3,,,Nico,Lash Glacier Mint AW Slim
Icing WDP,"<p>PUCK ICING Extreme Strong von The Snusfactory ist ein Snus, der Nikotin-Kicks mit der Stärke eines kräftigen Slap-Shots zusammen mit einem eiskalten Minzegeschmack liefert. Er enthält einen extrem hohen Nikotingehalt (45mg/g) und liefert einen unglaublich frischen Geschmack von Schweizer Menthol und Pfefferminze.</p>
<p>Seine bequemen Portionen sind so gestaltet, dass sie eine sofortige Freisetzung sowohl von Nikotin als auch von Geschmack ermöglichen. Ihre trockene Oberfläche sorgt für ein geringes Laufen, was wiederum dafür sorgt, dass diese stimulierende und erfrischende Freisetzung zufriedenstellend lange anhält.</p>",Icing WDP,Unisex,,,,,,,https://cdn.shopify.com/s/files/1/0072/0646/9679/files/PUCK_ICING_Peppermint_sized.png,,,,,5.20,0.00,1,G,16,IN,3,3,3,,,,
,,PU-2000-1,Unisex,Title,Default Title,,,,,,,,,,5.20,0.00,1,G,16,IN,3,3,3,,,Puck,Icing WDP
Spearing WDP Slim,"<p>PUCK SPEARING Extra Strong Slim von The SnusFactory, ein Snus nach Mass für diejenigen, die den ultimativen Kältekick erleben wollen, den nur ein eisiger Minzgeschmack und extra starke Kicks bieten können!</p>
<p>Seine modernen Portionen haben die gleichen Eigenschaften wie White Dry Portionen. Das bedeutet, dass sie so optimiert sind, dass sie nur gering saften, was wiederum die beinahe sofortige Freisetzung sowohl des Geschmacks als auch des Nikotins fördert.</p>",Spearing WDP Slim,Unisex,,,,,,,https://cdn.shopify.com/s/files/1/0072/0646/9679/products/Puck_Spearing_Extra_Strong_Slim_sized.jpg,,,,,5.20,0.00,1,G,13,IN,3,3,3,,,,
,,PU-1010-1,Unisex,Title,Default Title,,,,,,,,,,5.20,0.00,1,G,13,IN,3,3,3,,,Puck,Spearing WDP Slim
Pink Grapefruit AW Slim,"Eine perfekte Mischung aus süssen und herben Noten, die die Essenz des Saftes und den erfrischenden Geschmack der reifen rosa Grapefruit einfängt. Unterstützt von Noten von Guave und Rhabarber.",Pink Grapefruit AW Slim,Unisex,,,,,,,https://cdn.shopify.com/s/files/1/0072/0646/9679/files/KLINT_S4_pink-grapefruit_AW.png,,,,,5.90,0.00,1,G,29,IN,3,3,3,,,,
,,KL-2115-1,Unisex,Title,Default Title,,,,,,,,,,5.90,0.00,1,G,29,IN,3,3,3,,,KLINT,Pink Grapefruit AW Slim
Passion Fruit AW Slim,"Ein sonniges und saftiges Erlebnis mit einem süssen und attraktiven Geschmack. Das Passionsfrucht-Aroma ist von einem Hauch anderer exotischer Früchte umgeben, die den Geschmack anhaltend machen.",Passion Fruit AW Slim,Unisex,,,,,,,https://cdn.shopify.com/s/files/1/0072/0646/9679/files/KLINT_S2_passionfruit_AW.png,,,,,5.90,0.00,1,G,29,IN,3,3,3,,,,
,,KL-4015-1,Unisex,Title,Default Title,,,,,,,,,,5.90,0.00,1,G,29,IN,3,3,3,,,KLINT,Passion Fruit AW Slim
No.10 Tangerine Spritz AW,"<p>Entdecke <a href=""https://snushus.ch/collections/apres-snus"" data-mce-href=""https://snushus.ch/collections/apres-snus"">Après</a> No.10 Tangerine Spritz All White – Dein perfekter Begleiter für ein leichtes und erfrischendes Nikotinerlebnis. Mit einem köstlichen Mandarinen-Geschmack und einer angenehmen Stärke von 2/5 bietet Dir dieser Snus eine sanfte und langanhaltende Wirkung. Die Dose enthält enthält 8 mg/g Nikotin.</p>
<p>Geniesse den erfrischenden Mandarinen-Geschmack von Après No.10 Tangerine Spritz All White und erlebe die perfekte Kombination aus Innovation und Qualität. Bestelle jetzt online und entdecke, warum Après die bevorzugte Wahl für anspruchsvolle Snus-Liebhaber ist. Gönn Dir diesen leichten und fruchtigen Genuss und bringe frische Abwechslung in Deinen Alltag!</p>
<!---->",No.10 Tangerine Spritz AW,Unisex,,,,,,,https://cdn.shopify.com/s/files/1/0072/0646/9679/files/apres-no-10-tangerine-spritz-aw.png,,,,,5.20,0.00,1,G,11,IN,3,3,3,,,,
,,AP-1205-1,Unisex,Title,Default Title,,,,,,,,,,5.20,0.00,1,G,11,IN,3,3,3,,,Après,No.10 Tangerine Spritz AW
Salty Violet AW,"<p>Der neueste tabakfreie Snus in der vielseitigen Lakritzfamilie von Fumi. Lakritze und Veilchen sind traditionelle und sehr geschätzte schwedische Bonbongeschmacksrichtungen, die nun endlich als Snus erhältlich sind. Es sind kindliche, erwachsene Aromen, die perfekt zusammenpassen und von denen wir überzeugt sind, dass viele sie lieben werden. Ein Produkt für alle, die Lakritz lieben, aber zwischen verschiedenen aufregenden Geschmacksrichtungen wechseln möchten. Fumi Salty Violet hat die gleiche schnelle Freisetzung und lang anhaltende Geschmackserfahrung wie andere Fumi-Produkte.</p>
<p>Die Dose enthält 20 schlanke Beutel aus dem exklusiv weichen und weissen Vliesmaterial, das alle Fumi-Produkte kennzeichnet. Die Nikotinstärke beträgt 8,4 mg/Beutel.</p>",Salty Violet AW,Unisex,,,,,,,https://cdn.shopify.com/s/files/1/0072/0646/9679/files/Fumi_Salty_Violet_sized.png,,,,,5.90,0.00,1,G,1,IN,3,3,3,,,,
,,FU-2015-1,Unisex,Title,Default Title,,,,,,,,,,5.90,0.00,1,G,1,IN,3,3,3,,,FUMI,Salty Violet AW
Red WDP,"<span>VIKA Red hat einen Hauch von gefrorenem Minzaroma, welches einen Freeze-Faktor und einen intensiven Geschmack bringt. Der gut ausbalancierte Nikotinkick kommt etwa nach 30 Sekunden und hält mindestens 20 erfrischende Minuten an.</span>",Red WDP,Unisex,,,,,,,https://cdn.shopify.com/s/files/1/0072/0646/9679/products/VIKA_RED_sized.jpg,,,,,5.20,0.00,1,G,13,IN,3,3,3,,,,
,,VK-2000-1,Unisex,Title,Default Title,,,,,,,,,,5.20,0.00,1,G,13,IN,3,3,3,,,Vika,Red WDP
Lofty Liquorice AW,"<p>Erlebe <a href=""https://snushus.ch/collections/velo-snus"">VELO</a> Lofty Liquorice All White – Dein idealer Begleiter für ein einzigartiges und genussvolles Nikotinerlebnis. Mit einem ausgewogenen Geschmack von Lakritze und Anis bietet Dir dieser Snus eine angenehme Stärke von 3/5. Die 14,3 mg/g Nikotin sorgen für ein langanhaltendes und befriedigendes Erlebnis.</p>
<p>Die VELO Beutel im Slim Format sind auf einer aromatisierten Zellulosebasis hergestellt und völlig frei von Tabak. Das bedeutet kein Tabakgeruch und keine Tabakschadstoffe – weltweit gibt es aktuell keine weniger schädliche Art, Nikotin zu konsumieren. </p>
<p>VELO Lofty Liquorice All White kombiniert den intensiven Geschmack von Lakritze und Anis zu einem unvergleichlichen Aroma, das Deine Sinne verführt und belebt. Diese Nikotinbeutel sind ideal für den täglichen Gebrauch und bieten Dir eine diskrete und praktische Möglichkeit, Nikotin zu geniessen.</p>
<p>Bestelle jetzt Deinen VELO Lofty Liquorice All White online und entdecke die perfekte Balance aus Geschmack und Stärke. VELO Snus kaufen in der Schweiz war noch nie so einfach und bequem. Gönn Dir diesen einzigartigen Genuss und bereichere Deinen Alltag mit einem besonderen Snus-Erlebnis!</p>
<!---->",Lofty Liquorice AW,Unisex,,,,,,,https://cdn.shopify.com/s/files/1/0072/0646/9679/files/Velo-Lofty-Liquorice_9a96b568-0141-464e-972c-3d367359d263.png,,,,,5.20,0.00,1,G,14,IN,3,3,3,,,,
,,VE-8205-1,Unisex,Title,Default Title,,,,,,,,,,5.20,0.00,1,G,14,IN,3,3,3,,,VELO (SE),Lofty Liquorice AW
Menthol Mini AW,"<span>Die neue Geschmacksrichtung der beliebten Marke VID überzeugt nicht nur beim frischen Geschmack. Die auf Pflanzenfasern basierenden Nicotine Pouches mit Nikotinstärke 3/4 sind All-White, deshalb verfärben sie die Zähne nicht. Ausserdem erlaubt das bequeme Mini-Format den diskreten Genuss an fast jedem Ort. Ein Produkthighlight ist auch die nachhaltig hergestellte Dose, in der 20 Portionen Platz finden.</span>",Menthol Mini AW,Unisex,,,,,,,https://cdn.shopify.com/s/files/1/0072/0646/9679/products/vid-mini-menthol-aw.png,,,,,3.90,0.00,1,G,1,IN,3,3,3,,,,
,,VI-9215-1,Unisex,Title,Default Title,,,,,,,,,,3.90,0.00,1,G,1,IN,3,3,3,,,VID,Menthol Mini AW
Arctic Mint AW Slim,"Extra starke Minze. Dieses Produkt ist nur für erfahrene Konsumenten, die die höhere Nikotindosis vertragen können. Nicht für Anfänger geeignet.",Arctic Mint AW Slim,Unisex,,,,,,,https://cdn.shopify.com/s/files/1/0072/0646/9679/files/KLINT_S5_arctic-mint_AW.png,,,,,5.90,0.00,1,G,29,IN,3,3,3,,,,
,,KL-3115-1,Unisex,Title,Default Title,,,,,,,,,,5.90,0.00,1,G,29,IN,3,3,3,,,KLINT,Arctic Mint AW Slim
Sweet Peach Strong AW Mini,"<p><span>Erlebe den fruchtigen Geschmack von süssem Pfirsich mit unserem speziellen Snus für Frauen. Dieser All White Snus bietet eine perfekte Balance aus Geschmack und Wirkung, ideal für diejenigen, die eine sanfte, aber dennoch befriedigende Alternative zu herkömmlichen Tabakprodukten suchen. Mit einer Stärke von 3/5 und einem Nikotingehalt von 15 mg/g bietet dieser Snus eine angenehme und kraftvolle Erfahrung. Jede Dose enthält 8 g Tabakersatz, verteilt auf 20 Mini-Beutel, die sich diskret und bequem verwenden lassen. </span></p>
<p><span>Alle unsere Nikotinbeutel sind leicht feucht. Diese Feuchtigkeit zusammen mit einem Hauch von Süsse sorgt dafür, dass der Geschmack hervorgehoben wird und länger anhält. Probiere jetzt unseren Pfirsich-Snus und geniesse das erfrischende und fruchtige Erlebnis!</span></p>",Sweet Peach Strong AW Mini,Unisex,,,,,,,https://cdn.shopify.com/s/files/1/0072/0646/9679/files/Kelly_White_Sweet_Peach_sized.png,,,,,5.20,0.00,1,G,1,IN,3,3,3,,,,
,,KW-4115-1,Unisex,Title,Default Title,,,,,,,,,,5.20,0.00,1,G,1,IN,3,3,3,,,Kelly White,Sweet Peach Strong AW Mini
Icemint AW,"<p>Ein extrem starker tabakfreier Snus für alle, die einen aussergewöhnlich starken Nikotinkick wollen. Sein unverwechselbarer Geschmack von natürlicher Minze gibt ein eisig frisches und atemberaubendes Gefühl. Die schnelle Freisetzung mit lang anhaltenden Aromen macht Sie gut fühlen und von anderen geschätzt werden.</p>
<p>Die Dose enthält 20 schlanke Beutel aus exklusivem, weichem und weissem Vliesmaterial. Die Nikotinstärke beträgt 11,2 mg/Beutel.</p>",Icemint AW,Unisex,,,,,,,https://cdn.shopify.com/s/files/1/0072/0646/9679/files/Fumi_Icemint_sized.png,,,,,5.90,0.00,1,G,1,IN,3,3,3,,,,
,,FU-4015-1,Unisex,Title,Default Title,,,,,,,,,,5.90,0.00,1,G,1,IN,3,3,3,,,FUMI,Icemint AW
Honeymelon AW Slim,Die Geschmeidigkeit und Süsse von frischer Honigmelone. Abgerundet mit belebenden Spritzern von reifen tropischen Früchten für ein köstliches und erfrischendes Geschmackserlebnis.,Honeymelon AW Slim,Unisex,,,,,,,https://cdn.shopify.com/s/files/1/0072/0646/9679/files/KLINT_S2_honeymelon_AW.png,,,,,5.90,0.00,1,G,29,IN,3,3,3,,,,
,,KL-5015-1,Unisex,Title,Default Title,,,,,,,,,,5.90,0.00,1,G,29,IN,3,3,3,,,KLINT,Honeymelon AW Slim
Breeze Mint AW Slim,"Ein frischer Hauch von Minze mit dem süssen und beruhigenden Geschmack von Pfefferminze und einem Hauch von Kräuterextrakten, die eine kühlende Wirkung und lang anhaltende Frische bieten.",Breeze Mint AW Slim,Unisex,,,,,,,https://cdn.shopify.com/s/files/1/0072/0646/9679/files/KLINT_S2_breeze-mint_AW.png,,,,,5.90,0.00,1,G,29,IN,3,3,3,,,,
,,KL-2015-1,Unisex,Title,Default Title,,,,,,,,,,5.90,0.00,1,G,29,IN,3,3,3,,,KLINT,Breeze Mint AW Slim
Spearing WDP,"<p>PUCK SPEARING Extra Strong Portion von The SnusFactory, ein Snus nach Mass für diejenigen, die den ultimativen Kältekick erleben wollen, den nur ein eisiger Minzgeschmack und extra starke Kicks bieten können!</p>
<p>Seine modernen Portionen haben die gleichen Eigenschaften wie White Dry Portionen. Das bedeutet, dass sie so optimiert sind, dass sie nur gering saften, was wiederum die beinahe sofortige Freisetzung sowohl des Geschmacks als auch des Nikotins fördert.</p>",Spearing WDP,Unisex,,,,,,,https://cdn.shopify.com/s/files/1/0072/0646/9679/files/PUCK_ICING_Spearmint_sized.png,,,,,5.20,0.00,1,G,16,IN,3,3,3,,,,
,,PU-1000-1,Unisex,Title,Default Title,,,,,,,,,,5.20,0.00,1,G,16,IN,3,3,3,,,Puck,Spearing WDP
Kelly Collection Glitzerdose,"<p>Kelly Collection ist eine Kollektion von glitzernden Dosen von Kelly White, speziell für stilbewusste Frauen, die Nikotin konsumieren. Diese eleganten Dosen sind in den verführerischen Farbvarianten Silber (Sparkling Kelly), Schwarz (Nightlife Kelly), Gold (Golden Kelly) und Rosé (Rose Kelly) erhältlich. Die Glitzerdosen können einzeln oder zusammen mit unseren aromatisierten Nikotinbeuteln gekauft werden.</p>
<p>Jede Dose ist nicht nur ein modisches Accessoire, sondern auch wiederverwendbar und kann mit sämtlichen Snus Produkten deiner Wahl gefüllt werden.</p>
<!---->",Kelly Collection Glitzerdose,Unisex,,,,,,,https://cdn.shopify.com/s/files/1/0072/0646/9679/files/kelly_white_kelly_collection_sparkling_kelly_can.png,https://cdn.shopify.com/s/files/1/0072/0646/9679/files/kelly-white-kelly-collection-nightclub-kelly-can.png,https://cdn.shopify.com/s/files/1/0072/0646/9679/files/kelly-white-kelly-collection-golden-kelly-can.png,https://cdn.shopify.com/s/files/1/0072/0646/9679/files/kelly-white-kelly-collection-rose-kelly-can.png,,29.90,0.00,1,G,1,IN,3,3,3,,,,
,,ZU-KC01-1,Unisex,Color,Sparkling Kelly à CHF 29.90,,,,,,,,,,29.90,0.00,1,G,1,IN,3,3,3,,,Kelly White,Kelly Collection Glitzerdose
,,ZU-KC02-1,Unisex,Color,Nightclub Kelly à CHF 29.90,,,,,,,,,,29.90,0.00,1,G,1,IN,3,3,3,,,Kelly White,Kelly Collection Glitzerdose
,,ZU-KC03-1,Unisex,Color,Golden Kelly à CHF 29.90,,,,,,,,,,29.90,0.00,1,G,1,IN,3,3,3,,,Kelly White,Kelly Collection Glitzerdose
,,ZU-KC04-1,Unisex,Color,Rose Kelly à CHF 29.90,,,,,,,,,,29.90,0.00,1,G,1,IN,3,3,3,,,Kelly White,Kelly Collection Glitzerdose
Super White Red Rhuby #3 AW,"<meta charset=""utf-8"">
<div class=""item flex "">
<div class=""title""></div>
</div>
<div class=""item flex "">
<div class=""info"">
<p>Auf aromatisierter Zellulosebasis und völlig frei von Tabak kommen auch die Skruf Super White Beutel im Slim Format. Ohne Tabak bedeutet ohne gewöhnungsbedürftigen Tabakgeruch sowie ohne jegliche Tabakschadstoffe - aktuell gibt es weltweit keine weniger schädliche Art, Nikotin zu konsumieren. All White Snus / Nicotine Pouches bietet sich deshalb vor allem Rauchern an, welche mit Rauchentwöhnung wie Nikotinpflaster, Nikotinkaugummi oder Nikotinspray nichts anfangen können.<br></p>
</div>
<div class=""info"">
<div class=""info"">
<div class=""item flex "">
<div class=""title"">
<p> </p>
<p>Der Skruf Super White Red Rhuby<span> schmeckt nach frischem Rhabarber </span>und hat einen durchschnittlichen<span> </span>Nikotingehalt.</p>
</div>
<div class=""title""><br></div>
</div>
</div>
</div>
</div>",Super White Red Rhuby #3 AW,Unisex,,,,,,,https://cdn.shopify.com/s/files/1/0072/0646/9679/products/skruf-red-rhuby-3-super-white.png,,,,,5.20,,1,G,30,IN,3,3,3,,,,
,,SK-5005-1,Unisex,Title,Default Title,,,,,,,,,,5.20,,1,G,30,IN,3,3,3,,,Skruf,Super White Red Rhuby #3 AW
Cool Ice X-Strong AW,"<p>Erlebe den erfrischenden Kick von XQS ice cool - ein All White Snus, der Dir ein intensives Geschmackserlebnis bietet. Mit einer Stärke von 5 von 5 und einem Nikotingehalt von 16 mg/g ist dieser Snus genau das Richtige für Dich, wenn Du nach einer starken Wirkung suchst.</p>
<p>Der frische Mentholgeschmack sorgt für einen deutlichen Kühlungseffekt, der Deine Sinne belebt, während ein Hauch von Süsse dem Genuss eine angenehme Note verleiht. Jede Dose enthält 12 g hochwertigen Tabakersatz, aufgeteilt auf 20 schlanke Beutel, die sich bequem transportieren und diskret verwenden lassen.</p>
<p>Egal, ob Du schon Erfahrung mit Snus hast oder diesen erfrischenden Geschmack zum ersten Mal probierst, XQS ice cool wird deine Erwartungen übertreffen. Tauche ein in die Welt des All White Snus und geniesse den intensiven Genuss!</p>
<!---->",Cool Ice X-Strong AW,Unisex,,,,,,,https://cdn.shopify.com/s/files/1/0072/0646/9679/files/XQS_Cool_Ice_03_4c052629-fd6b-42bb-9333-a6e5506eee4a.png,,,,,4.20,0.00,1,G,1,IN,3,3,3,,,,
,,XQ-8015-1,Unisex,Title,Default Title,,,,,,,,,,4.20,0.00,1,G,1,IN,3,3,3,,,XQS,Cool Ice X-Strong AW
Sparkling Strawberry AW Slim,"<p>Erlebe den verlockenden Geschmack von Erdbeeren. Mit einem Aroma von frischen Erdbeeren und einem Hauch von Champagner bietet dieser All White Snus ein erfrischendes und luxuriöses Geschmackserlebnis. Die Stärke von 2/5 und ein Nikotingehalt von 10 mg/g sorgen für eine sanfte, aber dennoch befriedigende Wirkung. Jede Dose enthält 10 g Tabakersatz, verteilt auf 20 Slim-Beutel.</p>
<p>Alle unsere Nikotinbeutel sind leicht feucht. Die Feuchtigkeit zusammen mit einem Hauch von Süsse bedeutet, dass der Geschmack hervorgehoben wird und länger anhält. Probiere Strawberry Champagner jetzt und geniesse das exquisite, fruchtige Erlebnis!</p>",Sparkling Strawberry AW Slim,Unisex,,,,,,,https://cdn.shopify.com/s/files/1/0072/0646/9679/files/Kelly_White_Sparkling_Strawberry_sized.png,,,,,5.20,0.00,1,G,1,IN,3,3,3,,,,
,,KW-3015-1,Unisex,Title,Default Title,,,,,,,,,,5.20,0.00,1,G,1,IN,3,3,3,,,Kelly White,Sparkling Strawberry AW Slim
Cool Mint AW Slim,"<p>Geniesse den erfrischenden Geschmack von <a href=""https://snushus.ch/collections/kelly-white-snus"">Kelly White</a> Cool Mint All White. Hergestellt in Schweden, ist dieser All White Snus das perfekte Produkt für alle, die eine starke Alternative zu herkömmlichen Tabakprodukten suchen. Kühl, intensiv und frisch – erlebe einen klaren Minzgeschmack von kühlem Menthol, kräuteriger Pfefferminze und einem Hauch von Süsse. Mit einer Stärke von 3/5 und einem Nikotingehalt von 14 mg/g bietet dieser Snus eine angenehme, aber kraftvolle Erfahrung. Jede Dose enthält 10 g Tabakersatz, verteilt auf 20 Slim-Beutel.</p>
<p>Alle unsere Nikotinbeutel sind leicht feucht. Die Feuchtigkeit zusammen mit einem Hauch von Süsse bedeutet, dass der Geschmack hervorgehoben wird und länger anhält. Probiere Kelly White Cool Mint Strong AW jetzt und erlebe einen intensiven Geschmack und ein angenehmes Gefühl!</p>",Cool Mint AW Slim,Unisex,,,,,,,https://cdn.shopify.com/s/files/1/0072/0646/9679/files/Kelly_White_Cool_Mint_sized.png,,,,,5.20,0.00,1,G,1,IN,3,3,3,,,,
,,KW-1015-1,Unisex,Title,Default Title,,,,,,,,,,5.20,0.00,1,G,1,IN,3,3,3,,,Kelly White,Cool Mint AW Slim
Freeze Mint AW Slim,"Die maximale Geschmackswirkung von Minze und eiskaltem Menthol, die Dir einen angenehmen Kühleffekt und eine besonders lang anhaltende Frische verleiht.",Freeze Mint AW Slim,Unisex,,,,,,,https://cdn.shopify.com/s/files/1/0072/0646/9679/files/KLINT_S4_freeze-mint_AW.png,,,,,5.90,0.00,1,G,29,IN,3,3,3,,,,
,,KL-9015-1,Unisex,Title,Default Title,,,,,,,,,,5.90,0.00,1,G,29,IN,3,3,3,,,KLINT,Freeze Mint AW Slim
Fresh Lime AW Slim,"Schmecke die unglaubliche Frische der Limette. Der reichhaltige und süsse Zitrusgeschmack sorgt für ein erfrischendes Gefühl, während der leicht pikante Geschmack ein lang anhaltendes Vergnügen bereitet.",Fresh Lime AW Slim,Unisex,,,,,,,https://cdn.shopify.com/s/files/1/0072/0646/9679/files/KLINT_S2_fresh-lime_AW.png,,,,,5.90,0.00,1,G,29,IN,3,3,3,,,,
,,KL-3015-1,Unisex,Title,Default Title,,,,,,,,,,5.90,0.00,1,G,29,IN,3,3,3,,,KLINT,Fresh Lime AW Slim
Watermelon 600mg,"<p>Erlebe den erfrischenden Genuss von <a href=""https://snushus.ch/collections/voon-snus"">Voon</a> Watermelon 600 mg – Deine perfekte Wahl für ein entspannendes und nikotinfreies Snus-Erlebnis! Diese Mini Pouches bieten Dir nicht nur einen köstlichen Geschmack nach Wassermelone, sondern auch eine kraftvolle Dosis CBD. Jeder Beutel enthält 40 mg CBD, was Dir ein entspanntes und angenehmes Gefühl verleiht.</p>
<p>Voon Watermelon 600 mg ist ideal für alle CBD Snus Liebhaber, die auf der Suche nach einem hochwertigen und erfrischenden Produkt sind. Die Mini Pouches sind diskret und angenehm zu tragen, sodass Du Deinen Snus jederzeit und überall geniessen kannst. Die praktische 6,6 g Dose enthält 15 Beutel.</p>
<p>Diese besondere Edition von Voon bietet Dir ein einzigartiges Geschmackserlebnis mit dem fruchtigen Aroma von Wassermelone und der beruhigenden Wirkung von CBD. Erlebe die erfrischende Kombination, die Deine Geschmacksknospen verwöhnt und Dir ein unvergleichliches Gefühl der Entspannung bietet.</p>
<p>Bestelle jetzt Deinen Voon Watermelon 600 mg und entdecke die perfekte Verbindung von Geschmack und CBD. Gönn Dir diesen besonderen Genuss und erfahre, warum Voon die bevorzugte Wahl für CBD Snus Liebhaber ist!</p>
<!---->",Watermelon 600mg,Unisex,,,,,,,https://cdn.shopify.com/s/files/1/0072/0646/9679/files/voon-watermelone-cbd-pouches_e8752287-9932-4bbc-9ae6-0790b61d0e7a.png,,,,,8.90,0.00,1,G,1,IN,3,3,3,,,,
,,VO-6000-1,Unisex,Title,Default Title,,,,,,,,,,8.90,0.00,1,G,1,IN,3,3,3,,,Voon,Watermelon 600mg
Raspberry Lemon AW Mini,"<p>Erlebe den erfrischenden Geschmack von <a href=""https://snushus.ch/collections/kelly-white-snus"">Kelly White</a> Raspberry Lemon, der sich am besten als Himbeersorbet beschreiben lässt. Zuerst wird man von einer angenehmen Kühle begrüsst, gefolgt von süssen Himbeeren und einem Unterton von Zitrone. Dieser All White Snus bietet eine Stärke von 2/5 und einen Nikotingehalt von 15 mg/g, was für eine sanfte, aber dennoch befriedigende Erfahrung sorgt. Jede Dose enthält 8 g Tabakersatz, verteilt auf 20 Mini-Beutel.</p>
<p>Alle unsere Nikotinbeutel sind leicht feucht. Die Feuchtigkeit zusammen mit einem Hauch von Süsse bedeutet, dass der Geschmack mehr betont wird und länger anhält. Probiere Raspberry Lemon jetzt und geniesse das fruchtige, erfrischende Erlebnis!</p>",Raspberry Lemon AW Mini,Unisex,,,,,,,https://cdn.shopify.com/s/files/1/0072/0646/9679/files/Kelly_White_Raspberry_Lemon_sized_253961d5-7753-4211-89b9-3a4d7b8e6f55.png,,,,,5.20,0.00,1,G,1,IN,3,3,3,,,,
,,KW-5115-1,Unisex,Title,Default Title,,,,,,,,,,5.20,0.00,1,G,1,IN,3,3,3,,,Kelly White,Raspberry Lemon AW Mini
Polar Mint AW Slim,"<span>Die schwedischen Beutel bieten einen Minzgeschmack für lang anhaltende Frische. Geniesse den Geschmack von Schweden mit jedem Beutel. Mache Dich bereit, erstaunt zu sein!</span>",Polar Mint AW Slim,Unisex,,,,,,,https://cdn.shopify.com/s/files/1/0072/0646/9679/files/KLINT_S3_polar-mint_AW.png,,,,,5.90,0.00,1,G,29,IN,3,3,3,,,,
,,KL-7015-1,Unisex,Title,Default Title,,,,,,,,,,5.90,0.00,1,G,29,IN,3,3,3,,,KLINT,Polar Mint AW Slim
Mint AW Slim,"Ein beruhigendes Minzaroma, das die Sinne verwöhnt. Die Süsse und Frische der Minze mit einem Hauch von Kräutern und einer lang anhaltenden kühlenden Wirkung.",Mint AW Slim,Unisex,,,,,,,https://cdn.shopify.com/s/files/1/0072/0646/9679/files/KLINT_S1_mint_AW.png,,,,,5.90,0.00,1,G,29,IN,3,3,3,,,,
,,KL-1015-1,Unisex,Title,Default Title,,,,,,,,,,5.90,0.00,1,G,29,IN,3,3,3,,,KLINT,Mint AW Slim
Blåklint AW Slim,"Eine Komposition aus Blaubeeren und leckeren schwarzen Beeren, mit einem Hauch von Veilchen gibt dem starken Nikotinbeutel seine einzigartige Fülle und seinen köstlichen Geschmack.",Blåklint AW Slim,Unisex,,,,,,,https://cdn.shopify.com/s/files/1/0072/0646/9679/files/KLINT_S5_blaklint_AW.png,,,,,5.90,0.00,1,G,29,IN,3,3,3,,,,
,,KL-5115-1,Unisex,Title,Default Title,,,,,,,,,,5.90,0.00,1,G,29,IN,3,3,3,,,KLINT,Blåklint AW Slim
Pomegranate AW Slim,Der frische Geschmack von reifem und saftigem Granatapfel. Ein perfektes Gleichgewicht zwischen süss und sauer mit einem Hauch von zarter Bitterkeit - ein wahrhaft köstlicher Genuss für die Sinne.,Pomegranate AW Slim,Unisex,,,,,,,https://cdn.shopify.com/s/files/1/0072/0646/9679/files/KLINT_S2_pomegranate_AW.png,,,,,5.90,0.00,1,G,29,IN,3,3,3,,,,
,,KL-6015-1,Unisex,Title,Default Title,,,,,,,,,,5.90,0.00,1,G,29,IN,3,3,3,,,KLINT,Pomegranate AW Slim
Cool Ice AW Mini,"<p>Wenn Du nach einem erfrischenden Snus mit frischem Mentholgeschmack, einem deutlich kühlenden Effekt und einem Hauch von Süsse suchst, dann ist All White Snus die perfekte Wahl für Dich! Mit einer Stärke von 2 von 5 und einem Nikotingehalt von 12 mg/g bietet er ein angenehm mildes Erlebnis. Jede Dose enthält 7 g Tabakersatz, verteilt auf 20 Mini Beutel, die perfekt für unterwegs sind.</p>
<p>Dieser Snus aus Schweden ist die perfekte Wahl für alle, die ein intensives und erfrischendes Geschmackserlebnis suchen. Probiere ihn jetzt aus und erlebe die einzigartige Qualität und den Geschmack, für den Snus aus Schweden bekannt ist!</p>
<!---->",Cool Ice AW Mini,Unisex,,,,,,,https://cdn.shopify.com/s/files/1/0072/0646/9679/files/XQS_Cool_Ice_Mini_03_e0667e10-4c2c-424b-8afd-f6ec6c6709b3.png,,,,,4.20,0.00,1,G,1,IN,3,3,3,,,,
,,XQ-8115-1,Unisex,Title,Default Title,,,,,,,,,,4.20,0.00,1,G,1,IN,3,3,3,,,XQS,Cool Ice AW Mini
Sweet Melon Mint AW Slim,"<div data-scroll-anchor=""false"" data-testid=""conversation-turn-22"" dir=""auto"" class=""w-full text-token-text-primary"">
<div class=""py-2 juice:py-[18px] px-3 text-base md:px-4 m-auto md:px-5 lg:px-1 xl:px-5"">
<div class=""mx-auto flex flex-1 gap-3 text-base juice:gap-4 juice:md:gap-6 md:max-w-3xl lg:max-w-[40rem] xl:max-w-[48rem]"">
<div class=""group/conversation-turn relative flex w-full min-w-0 flex-col"">
<div class=""flex-col gap-1 md:gap-3"">
<div class=""flex flex-grow flex-col max-w-full"">
<div class=""min-h-[20px] text-message flex flex-col items-start whitespace-pre-wrap break-words [.text-message+&amp;]:mt-5 juice:w-full juice:items-end overflow-x-auto gap-2"" dir=""auto"" data-message-id=""aaa2567a-cb79-4e1b-a40f-57047ba0fbda"" data-message-author-role=""user"">
<div class=""flex w-full flex-col gap-1 juice:empty:hidden items-end rtl:items-start"">
<div class=""relative max-w-[70%] rounded-3xl bg-[#f4f4f4] px-5 py-2.5 dark:bg-token-main-surface-secondary"">Erlebe den erfrischenden Geschmack von <a href=""https://snushus.ch/collections/kelly-white-snus"">Kelly White</a> Sweet Melon Mint. Genau wie es klingt, vereint dieser All White Snus einen süssen Minzgeschmack mit fruchtiger Melone, was für ein einzigartiges und erfrischendes Erlebnis sorgt. Mit einer Stärke von 2/5 und einem Nikotingehalt von 10 mg/g bietet dieser Snus eine sanfte, aber dennoch befriedigende Wirkung. Jede Dose enthält 10 g Tabakersatz, verteilt auf 20 Slim-Beutel. </div>
<div class=""relative max-w-[70%] rounded-3xl bg-[#f4f4f4] px-5 py-2.5 dark:bg-token-main-surface-secondary"">
<span></span><br>
</div>
<div class=""relative max-w-[70%] rounded-3xl bg-[#f4f4f4] px-5 py-2.5 dark:bg-token-main-surface-secondary""><span>Alle unsere Nikotinbeutel sind leicht feucht. Die Feuchtigkeit zusammen mit einem Hauch von Süsse bedeutet, dass der Geschmack hervorgehoben wird und länger anhält. Probiere Sweet Melon Mint jetzt und geniesse die perfekte Kombination aus süsser Minze und fruchtiger Melone!</span></div>
</div>
</div>
</div>
</div>
</div>
</div>
</div>
</div>",Sweet Melon Mint AW Slim,Unisex,,,,,,,https://cdn.shopify.com/s/files/1/0072/0646/9679/files/Kelly_White_Sweet_Melon_Mint_sized.png,,,,,5.20,0.00,1,G,1,IN,3,3,3,,,,
,,KW-2015-1,Unisex,Title,Default Title,,,,,,,,,,5.20,0.00,1,G,1,IN,3,3,3,,,Kelly White,Sweet Melon Mint AW Slim
Orange Bubblegum 600mg,"<p>Entdecke <a href=""https://snushus.ch/collections/voon-snus"">Voon</a> Orange Bubblegum 600 mg – Deine ideale Wahl für ein erfrischendes und nikotinfreies Snus-Erlebnis! Diese limitierten Mini Beutel bieten Dir nicht nur einen köstlichen Geschmack nach Orangenkaugummi, sondern auch die doppelte Stärke im Vergleich zu herkömmlichen Voon-Produkten. Jeder Beutel enthält 40 mg CBD, was Dir ein entspanntes und angenehmes Gefühl verleiht.</p>
<p>Bestelle jetzt Deinen Voon Orange Bubblegum 600 mg online und entdecke die perfekte Verbindung von Geschmack und CBD. Gönn Dir diesen besonderen Genuss und erfahre, warum Voon eine gute Wahl für nikotinfreien Snus ist!</p>
<!---->",Orange Bubblegum 600mg,Unisex,,,,,,,https://cdn.shopify.com/s/files/1/0072/0646/9679/files/voon-bubbelgum-cbd-pouches_a329acbe-0ca0-4e7f-a5e8-aa59c698008b.png,,,,,8.90,0.00,1,G,1,IN,3,3,3,,,,
,,VO-5000-1,Unisex,Title,Default Title,,,,,,,,,,8.90,0.00,1,G,1,IN,3,3,3,,,Voon,Orange Bubblegum 600mg
Liquorice AW Slim,"Verwöhne Deine Sinne mit der salzigen Explosion von süsser Lakritze. Ein Ausbruch von<br data-mce-fragment=""1"">Süsse, abgerundet mit einem einzigartigen Hauch von Bitterkeit, der wirklich befriedigend ist.",Liquorice AW Slim,Unisex,,,,,,,https://cdn.shopify.com/s/files/1/0072/0646/9679/files/KLINT_S3_liquorice_AW.png,,,,,5.90,0.00,1,G,29,IN,3,3,3,,,,
,,KL-8015-1,Unisex,Title,Default Title,,,,,,,,,,5.90,0.00,1,G,29,IN,3,3,3,,,KLINT,Liquorice AW Slim
Grape Ice Strong AW,"<p>Entdecke <a href=""https://snushus.ch/collections/xo-snus"">XO</a> Grape Ice Strong All White Slim – Dein idealer Begleiter für ein intensives und erfrischendes Nikotinerlebnis! Mit einem Nikotingehalt von 16 mg/g und Slim Beuteln bietet Dir dieser All White Snus einen starken und lang anhaltenden Kick. Der erfrischende Geschmack nach kühlen Trauben verleiht jedem Beutel ein einzigartiges und belebendes Aroma. </p>
<p>XO Grape Ice Strong All White Slim ist die perfekte Wahl für alle, die auf der Suche nach einem starken und erfrischenden Snus sind. Die All White Nikotinbeutel sorgen dafür, dass Dein Lächeln strahlend weiss bleibt, während Du den intensiven Geschmack geniessen kannst. Die schlanken Beutel sind diskret und angenehm zu tragen, sodass Du Deinen Snus jederzeit und überall geniessen kannst. Die praktische 10g Dose enthält 20 Beutel und bietet Dir somit ausreichend Vorrat für viele genussvolle Momente.</p>
<p>Geniesse den kühlen Traubengeschmack von XO Grape Ice Strong All White Slim und erlebe, wie dieser All White Snus Deinen Tag belebt. Einfach einen Beutel entnehmen und das erfrischende Nikotinerlebnis geniessen.</p>
<!---->",Grape Ice Strong AW,Unisex,,,,,,,https://cdn.shopify.com/s/files/1/0072/0646/9679/files/XO_Grapce_Ice_a8ddf2bb-6bc0-40d1-8643-3fdcb037dc49.png,,,,,4.90,0.00,1,G,1,IN,3,3,3,,,,
,,XO-3015-1,Unisex,Title,Default Title,,,,,,,,,,4.90,0.00,1,G,1,IN,3,3,3,,,XO,Grape Ice Strong AW
Original,"<meta charset=""utf-8"">
<div class=""item flex "">
<div class=""title"">
<div class=""info"">
<p><span>Ein rauchloses Tabakprodukt aus Dänemark. Geeignet als Ersatzprodukt für Zigaretten. Die kleinen Oliver Twist Tabakdragees entfalten ihre Wirkung unter der Lippe und stillen die Lust zu Rauchen.</span></p>
</div>
</div>
</div>
<div class=""item flex ""></div>",Original,Unisex,,,,,,,https://cdn.shopify.com/s/files/1/0072/0646/9679/products/original.png,,,,,6.40,,1,G,30,IN,3,3,3,,,,
,,OT-1000-1,Unisex,Menge auswählen,1 Dose à 6.40,,,,,,,,,,6.40,,1,G,30,IN,3,3,3,,,Oliver Twist,Original
Forest Fruits AW Slim,"<p>Erlebe den unvergleichlichen Genuss von <a href=""https://snushus.ch/collections/red-muule-snus"">Red Muule</a> Forest Fruits – der italienische Snus, der Dir den Geschmack des Waldes in jedem Beutel bietet. Diese Premium-Marke aus Italien überzeugt mit einer mittleren Stärke von 3/5 und einer Nikotinkonzentration von 14 mg/g, perfekt für gelegentliche Snuser, die einen ausgewogenen und dennoch intensiven Genuss bevorzugen.</p>
<p>Der Red Muule Forest Fruits Snus begeistert mit seinem verlockenden Geschmack nach Waldfrüchten. Die Slim Beutel sind besonders diskret und angenehm zu tragen, sodass Du Deinen Snus jederzeit und überall geniessen kannst. Mit 10 g Tabakersatz pro Dose bietet dieser All White Snus eine erfrischende Alternative ohne Verfärbung Deiner Zähne.</p>
<p>Dieser hochwertige Snus aus Italien ist ideal für alle, die einen gelegentlichen Nikotinkick suchen, ohne auf Geschmack und Qualität zu verzichten. Die sorgfältig ausgewählten Zutaten und die erstklassige Verarbeitung garantieren ein gleichmässiges und befriedigendes Snus-Erlebnis.</p>
<p>Bestelle jetzt Deinen Red Muule Forest Fruits Snus online und geniesse den fruchtigen Geschmack und die angenehme Nikotinstärke. Erlebe die Qualität und den erfrischenden Geschmack von Red Muule Forest Fruits und finde heraus, warum dieser Snus so besonders ist.</p>
<!---->",Forest Fruits AW Slim,Unisex,,,,,,,https://cdn.shopify.com/s/files/1/0072/0646/9679/files/redmuule_forest_fruits.png,,,,,4.90,0.00,1,G,10,IN,3,3,3,,,,
,,RM-2015-1,Unisex,Title,Default Title,,,,,,,,,,4.90,0.00,1,G,10,IN,3,3,3,,,Red Muule,Forest Fruits AW Slim
Watermelon Chili Strong AW,"<p>Entdecke <a href=""https://snushus.ch/collections/xo-snus"">XO</a> Watermelon Chili Strong All White Snus – Dein erfrischender Begleiter für ein aufregendes Nikotinerlebnis! Mit einem intensiven Nikotingehalt von 16 mg/g und Slim Pouches bietet Dir dieser Snus eine starke und lang anhaltende Erfahrung. Der erfrischende Wassermelonengeschmack kombiniert mit einem Hauch von Chili sorgt für ein einzigartiges und belebendes Aroma, das Deine Sinne weckt.</p>
<p>XO Watermelon Chili Strong All White Snus ist die ideale Wahl für alle, die ein kraftvolles und erfrischendes Snus-Erlebnis suchen. Die Slim Pouches sind diskret und angenehm zu tragen, sodass Du Deinen Snus jederzeit und überall geniessen kannst. Die praktische 10g Dose enthält 20 Beutel und bietet Dir somit ausreichend Vorrat für viele genussvolle Momente.</p>
<p>Mit einer Stärke von 4/5 ist XO Watermelon Chili Strong perfekt für erfahrene Snuser, die eine intensive Nikotinstärke und einen aussergewöhnlichen Geschmack bevorzugen. Dieser Snus, hergestellt nach höchsten Qualitätsstandards, garantiert ein erstklassiges Geschmackserlebnis.</p>
<p>Bestelle jetzt Deinen XO Watermelon Chili Strong All White Snus online und lass Dich von dieser einzigartigen Geschmackskombination überzeugen. Probiere es aus und erlebe die perfekte Verbindung von Frische und Schärfe!</p>
<!---->",Watermelon Chili Strong AW,Unisex,,,,,,,https://cdn.shopify.com/s/files/1/0072/0646/9679/files/XO_Watermelon_Chili_755a873f-fd6b-4393-becc-83b9e1bccb85.png,,,,,4.90,0.00,1,G,1,IN,3,3,3,,,,
,,XO-5015-1,Unisex,Title,Default Title,,,,,,,,,,4.90,0.00,1,G,1,IN,3,3,3,,,XO,Watermelon Chili Strong AW
Red Berries AW Slim,"<p>Entdecke <a href=""https://snushus.ch/collections/red-muule-snus"">Red Muule</a><a href=""https://snushus.ch/collections/red-muule""></a> Red Berries All White Slim – Dein perfekter Begleiter für ein intensives und erfrischendes Nikotinerlebnis! Mit einem Nikotingehalt von 14 mg/g und Slim Beuteln bietet Dir dieser Snus eine ausgewogene und lang anhaltende Erfahrung. Die All White Nikotinbeutel sorgen für einen erfrischenden und fruchtigen Geschmack nach roten Beeren.</p>
<p>Red Muule Red Berries All White Slim ist die ideale Wahl für alle, die Diskretion und Komfort schätzen. Dank der fortschrittlichen Technologie zur Geschmacksverstärkung erlebst Du ein intensives Aroma, das langanhaltende Zufriedenheit garantiert. Die schlanken Beutel sind diskret und angenehm zu konsumieren, sodass Du Deinen Snus jederzeit und überall geniessen kannst. Die 20g Dose bietet Dir ausreichend Vorrat für viele genussvolle Momente.</p>
<p>Gönn Dir den unvergleichlichen Genuss von Red Muule Red Berries All White Slim. Bestelle jetzt online und erfahre, wie dieser Snus Dir eine perfekte Mischung aus Fruchtigkeit, Diskretion und lang anhaltender Zufriedenheit bietet. Entdecke den Unterschied und bereichere Deinen Alltag mit einem intensiven Geschmackserlebnis!</p>
<!---->",Red Berries AW Slim,Unisex,,,,,,,https://cdn.shopify.com/s/files/1/0072/0646/9679/files/redmuule_red_berries_3e772af2-8902-476e-a37d-79f8f39a02ea.png,,,,,4.90,0.00,1,G,10,IN,3,3,3,,,,
,,RM-4015-1,Unisex,Title,Default Title,,,,,,,,,,4.90,0.00,1,G,10,IN,3,3,3,,,Red Muule,Red Berries AW Slim
Lime Cactus AW Slim,"<p>Tauche ein in das erfrischende Erlebnis von <a href=""https://snushus.ch/collections/red-muule-snus"">Red Muule</a> Lime Cactus – die ideale Wahl für alle, die nach einem exotischen und spritzigen Snus suchen. Mit einem Nikotingehalt von 14 mg/g bietet dieser Snus eine ausgewogene und kräftige Wirkung, die sich perfekt für Snus-Liebhaber eignet.</p>
<p>Red Muule Lime Cactus vereint den einzigartigen Geschmack von Kaktus mit der frischen Note von Limette. Die schlanken Beutel sind besonders unauffällig und angenehm zu tragen, sodass Du Deinen Snus diskret und komfortabel geniessen kannst.</p>
<p>Die hochwertigen Zutaten und die exzellente Verarbeitung sorgen für ein gleichmässiges und zufriedenstellendes Snus-Erlebnis. Red Muule Lime Cactus steht für erfrischenden Genuss und ein exotisches Aroma, das jeden Moment aufwertet.</p>
<p>Sichere Dir jetzt Deinen Red Muule Lime Cactus Snus online und erlebe die harmonische Mischung aus Kaktus und Limette. Gönne Dir diesen besonderen Snus und entdecke, warum Red Muule Lime Cactus die perfekte Wahl für Snus-Liebhaber ist.</p>
<!---->",Lime Cactus AW Slim,Unisex,,,,,,,https://cdn.shopify.com/s/files/1/0072/0646/9679/files/redmuule_lime_cactus.png,,,,,4.90,0.00,1,G,10,IN,3,3,3,,,,
,,RM-5015-1,Unisex,Title,Default Title,,,,,,,,,,4.90,0.00,1,G,10,IN,3,3,3,,,Red Muule,Lime Cactus AW Slim
Mango AW Slim,"<p>Erlebe die tropische Frische mit <a href=""https://snushus.ch/collections/red-muule-snus"">Red Muule</a> Mango All White – Deinem idealen Begleiter für einen fruchtigen Snus-Genuss. Mit einem Nikotingehalt von 14 mg/g und praktischen Slim Beuteln bietet dieser Snus eine perfekt abgestimmte Nikotindosis für mittlere Snus-Gewohnte.</p>
<p>Red Muule Mango begeistert mit seinem exotischen Mango-Geschmack, der Deine Sinne verwöhnt und ein angenehmes, fruchtiges Aroma hinterlässt. Die 10 g Nikotinersatz pro Dose sind in praktischen All White Pouches verpackt, die sich durch ihre Diskretion und einfache Handhabung auszeichnen. Diese Beutel sind so gestaltet, dass sie keine Verfärbungen hinterlassen und stets ein sauberes Gefühl vermitteln.</p>
<p>Jetzt ist der perfekte Zeitpunkt, Red Muule Mango auszuprobieren und Dich von der tropischen Frische dieser Snus-Marke zu überzeugen. Geniesse den exotischen Geschmack und die perfekte Nikotindosis, wo immer Du bist.</p>
<!---->",Mango AW Slim,Unisex,,,,,,,https://cdn.shopify.com/s/files/1/0072/0646/9679/files/redmuule_mango.png,,,,,4.90,0.00,1,G,10,IN,3,3,3,,,,
,,RM-3015-1,Unisex,Title,Default Title,,,,,,,,,,4.90,0.00,1,G,10,IN,3,3,3,,,Red Muule,Mango AW Slim
Spearmint Strong AW,"<p>Entdecke <a href=""https://snushus.ch/collections/xo-snus"">XO</a> Spearmint Strong AW – Dein idealer Begleiter für ein intensives und erfrischendes Nikotinerlebnis! Mit einem Nikotingehalt von 16 mg/g und Slim Beuteln bietet Dir dieser All White Snus eine starke und lang anhaltende Erfahrung. Der erfrischende Geschmack nach Pfefferminze sorgt für ein belebendes Aroma, das Deine Sinne erfrischt.</p>
<p>XO Spearmint Strong AW ist die perfekte Wahl für alle, die auf der Suche nach einem starken und erfrischenden Snus sind. Die Slim Beutel sind diskret und angenehm zu tragen, sodass Du Deinen Snus jederzeit und überall geniessen kannst. Die praktische 10 g Dose enthält 20 Beutel und bietet Dir somit ausreichend Vorrat für viele genussvolle Momente.</p>
<p>Hergestellt in Schweden, gehört XO Spearmint Strong AW zu einer renommierten schwedischen Snus Marke, die für ihre hohe Qualität und exzellenten Geschmack bekannt ist.</p>
<!---->",Spearmint Strong AW,Unisex,,,,,,,https://cdn.shopify.com/s/files/1/0072/0646/9679/files/XO_Spearmint_d01deb41-5228-4b38-9750-e6cd52e3d97d.png,,,,,4.90,0.00,1,G,1,IN,3,3,3,,,,
,,XO-4015-1,Unisex,Title,Default Title,,,,,,,,,,4.90,0.00,1,G,1,IN,3,3,3,,,XO,Spearmint Strong AW
Ice Cool Strong AW,"<p>Erlebe den intensiven Genuss von <a href=""https://snushus.ch/collections/xo-snus"">XO</a> Ice Cool Strong Snus – der perfekte Begleiter für erfahrene Snuser, die einen starken Kick suchen. Mit einem erfrischenden Minzgeschmack und einer hohen Nikotinkonzentration von 16 mg/g bietet dieser Snus ein kraftvolles und belebendes Erlebnis, das Deine Sinne weckt.</p>
<p>XO Ice Cool Strong überzeugt mit seinem frischen Minzgeschmack, der Dich bei jedem Gebrauch erfrischt. Die 20 Slim Beutel pro Dose sind besonders diskret und angenehm zu tragen, sodass Du Deinen Snus jederzeit und überall geniessen kannst. Jeder Beutel ist präzise portioniert, um Dir einen konstanten und intensiven Geschmack sowie die gewünschte Nikotindosis zu liefern.</p>
<p>Dieser starke Snus ist ideal für gewohnte Snuser, die einen kräftigen und langanhaltenden Genuss bevorzugen. Die hochwertige Verarbeitung und die sorgfältig ausgewählten Inhaltsstoffe garantieren ein erstklassiges Snus-Erlebnis. Mit XO Ice Cool Strong erhältst Du nicht nur den gewünschten Nikotin-Kick, sondern auch eine erfrischende Minzbrise, die Deinen Tag belebt.</p>
<p>Bestelle jetzt Deine XO Ice Cool Strong Snus Dose online und geniesse den unvergleichlichen Geschmack und die starke Wirkung. Dein idealer Snus-Genuss wartet auf Dich – und das zu einem attraktiven Preis.</p>
<!---->",Ice Cool Strong AW,Unisex,,,,,,,https://cdn.shopify.com/s/files/1/0072/0646/9679/files/XO_Ice_Cool_54c63bca-f5b9-4613-97f1-13d2248adfda.png,,,,,4.90,0.00,1,G,1,IN,3,3,3,,,,
,,XO-2015-1,Unisex,Title,Default Title,,,,,,,,,,4.90,0.00,1,G,1,IN,3,3,3,,,XO,Ice Cool Strong AW
Mint AW Slim,"<p>Entdecke <a href=""https://snushus.ch/collections/red-muule-snus"">Red Muule</a><a href=""https://snushus.ch/collections/red-muule""> </a>Mint All White Slim – Deine perfekte Wahl für ein erfrischendes Nikotinerlebnis! Mit einem Nikotingehalt von 14 mg/g und schlanken Beuteln bietet Dir dieser Snus eine ausgewogene und intensive Erfahrung. Die All White Nikotinbeutel sorgen für einen frischen Minzgeschmack, der Deine Sinne belebt.</p>
<p>Red Muule Mint AW Slim, die auf der Suche nach einem hochwertigen und erfrischenden Produkt sind. Die schlanken Beutel sind diskret und angenehm zu tragen, sodass Du Deinen Snus jederzeit und überall geniessen kannst. Die 20g Dose bietet Dir ausreichend Vorrat für langanhaltenden Genuss.</p>
<p>Geniesse den frischen Minzgeschmack von Red Muule Mint AW Slim und erlebe, wie dieser All White Snus Deinen Tag belebt. Einfach einen Beutel entnehmen und das erfrischende Nikotinerlebnis geniessen.</p>
<p>Bestelle jetzt Deinen Red Muule Mint AW Slim online und entdecke die erfrischende Welt von Red Muule.</p>
<!---->",Mint AW Slim,Unisex,,,,,,,https://cdn.shopify.com/s/files/1/0072/0646/9679/files/redmuule_mint_5fcea3f5-3992-4c97-a01b-68b7c3989889.png,,,,,4.90,0.00,1,G,10,IN,3,3,3,,,,
,,RM-1015-1,Unisex,Title,Default Title,,,,,,,,,,4.90,0.00,1,G,10,IN,3,3,3,,,Red Muule,Mint AW Slim
Brown -80 Degrees OP,"<div class=""item flex"">
<div class=""title"">
<div class=""info"">
<p>Siberia Braun Original Portion ist der traditionelle Bruder des <a href=""https://snushus.ch/products/siberia-snus-rot-80-degrees-white-dry-portion"">roten Siberia</a>. Ein Portion Snus mit Minz Aroma und den bekannten 43 mg/g Nikotin! </p>
</div>
</div>
</div>
<div class=""item flex""><br></div>",Brown -80 Degrees OP,Unisex,,,,,,,https://cdn.shopify.com/s/files/1/0072/0646/9679/products/1636398926398455_siberia-brown-original-portion.jpg,,,,,5.20,0.00,1,G,1,IN,3,3,3,,,,
,,SI-5005-1,Unisex,Title,Default Title,,,,,,,,,,5.20,0.00,1,G,1,IN,3,3,3,,,Siberia,Brown -80 Degrees OP
Blueberry Strong AW,"<p>Entdecke den <a href=""https://snushus.ch/collections/xo-snus"">XO</a><a href=""https://snushus.ch/collections/xo""></a> Blueberry Snus – Deine perfekte Wahl für einen erfrischend süssen Blaubeergeschmack. Speziell entwickelt für Personen, die eine hohe Snus-Stärke bevorzugen, bietet dieser All White Snus ein intensives Aroma und eine angenehme Nikotinstärke, die Deine Sinne belebt.</p>
<p>Der XO Blueberry Snus überzeugt mit seinem süssen Blaubeergeschmack, der jedes Mal aufs Neue begeistert. Die Slim Pouches sind besonders diskret und komfortabel zu tragen, sodass Du jederzeit und überall Dein Snus-Erlebnis geniessen kannst. Jede Dose enthält 10 g feinsten Snus, verteilt auf 20 Beutel – perfekt portioniert für eine langanhaltende Frische.</p>
<p>Mit den hochwertigen All White Snus Pouches bleibt Dein Lächeln strahlend weiss, da sie keine Verfärbungen verursachen. Der XO Blueberry Snus kombiniert höchsten Genuss mit praktischer Handhabung.</p>
<p>Ob Du unterwegs bist oder einfach nur eine erfrischende Pause einlegen möchtest, der XO Blueberry Snus ist stets bereit, Dir das ultimative Snus-Erlebnis zu bieten. Bestelle jetzt Deinen XO Blueberry Snus online und erlebe den süssen Geschmack der Blaubeere in jeder Slim Pouch.</p>
<!---->",Blueberry Strong AW,Unisex,,,,,,,https://cdn.shopify.com/s/files/1/0072/0646/9679/files/XO_Blueberry_e01ed586-60b8-4d62-a13f-e8c64eb3e3c5.png,,,,,4.90,0.00,1,G,1,IN,3,3,3,,,,
,,XO-1015-1,Unisex,Title,Default Title,,,,,,,,,,4.90,0.00,1,G,1,IN,3,3,3,,,XO,Blueberry Strong AW
Tobacco Strong Mix Slim,"<p>Probiere Dich quer durch die Vielfalt unserer stärksten Tabak Slim Portion Snus Sorten!</p>
<p>Sämtliche Produkte dieses Bundles sind Tabak Snus Sorten mit Slim Beuteln und beinhalten einen Nikotingehalt zwischen 22 mg/g und 45 mg/g und kommen mit einem Minz / Menthol / Eukalyptus Aroma. <br>P.S.: wir haben einen Snus ohne Tabak in diesen Hus Mix reingeschmuggelt - findest Du heraus welchen? ;-)</p>
<p>Dieses Bundle enthaltet:</p>
<p><em>1x <a href=""https://snushus.ch/products/soldat-extreme-wdp-slim?_pos=1&amp;_sid=3259180a0&amp;_ss=r""><u class=""text-underline"">SOLDAT Extreme Slim</u></a></em><br><em>1x <a href=""https://snushus.ch/products/siberia-snus-rot-slim-80-degrees-white-dry-portion""><u class=""text-underline"">Siberia Rot -80 Degrees Slim</u></a></em><br><em>1x <a href=""https://snushus.ch/products/skruf-fresh-ultra-stark-slim-wp?_pos=2&amp;_sid=a3f743f2f&amp;_ss=r"">SKRUF Ultra Fresh No. 05</a></em><br><em>1x <a href=""https://snushus.ch/products/odens-snus-cold-extreme-white-dry-slim""><u class=""text-underline"">Odens Cold Extreme WDP Slim</u></a></em><br><em>1x <a href=""https://snushus.ch/products/royal-lifestyle-classic-slim-wdp?_pos=1&amp;_sid=566885c74&amp;_ss=r""><u class=""text-underline"">Royal Lifestyle Classic Original Slim</u></a></em></p>
<p>Spare beim Kauf von diesem Bundle 16% auf den regulären Preis! <br>Ist dieses Bundle nichts für Dich? Schau mal ob ein anderes <a href=""https://snushus.ch/collections/hus-mix-1""><u class=""text-underline"">Mix-Pack</u></a> Dir mehr zusagt. </p>
<!---->",Tobacco Strong Mix Slim,Unisex,,,,,,,https://cdn.shopify.com/s/files/1/0072/0646/9679/files/Tobacco-Strong-Slim-Mixpack.png,,,,,23.80,20.90,1,G,1,IN,3,3,3,,,,
,,MIX-TBS02,Unisex,Title,Default Title,,,,,,,,,,23.80,20.90,1,G,1,IN,3,3,3,,,Hus Mix,Tobacco Strong Mix Slim
Tobacco Strong Mix,"<p bis_size=""{'x':11,'y':9,'w':565,'h':19,'abs_x':409,'abs_y':289}"">Probiere Dich quer durch die Vielfalt unserer stärksten Tabak Portion Snus Sorten!</p>
<p bis_size=""{'x':11,'y':45,'w':565,'h':97,'abs_x':409,'abs_y':325}"">Sämtliche Produkte dieses Bundles sind Tabak Snus Sorten mit grossen Beuteln und beinhalten einen Nikotingehalt zwischen 22 mg/g und 45 mg/g und kommen mit einem Minz / Menthol / Eukalyptus Aroma. <br bis_size=""{'x':238,'y':84,'w':0,'h':18,'abs_x':636,'abs_y':364}"">P.S.: wir haben einen Snus ohne Tabak in diesen Hus Mix reingeschmuggelt - findest Du heraus welchen? ;-)</p>
<p bis_size=""{'x':11,'y':159,'w':565,'h':19,'abs_x':409,'abs_y':439}"">Dieses Bundle enthaltet:</p>
<p bis_size=""{'x':11,'y':194,'w':565,'h':97,'abs_x':409,'abs_y':474}""><em class=""text-italic"" bis_size=""{'x':11,'y':194,'w':123,'h':18,'abs_x':409,'abs_y':474}"">1x  <a href=""https://snushus.ch/products/vale-iced-mint-tobacco-wdp"">¡Vale! Iced-Mint Tobacco WDP</a></em><br bis_size=""{'x':135,'y':194,'w':0,'h':18,'abs_x':533,'abs_y':474}""><em class=""text-italic"" bis_size=""{'x':11,'y':214,'w':159,'h':18,'abs_x':409,'abs_y':494}"">1x <a href=""https://snushus.ch/products/siberia-snus-rot-80-degrees-white-dry-portion"" bis_size=""{'x':29,'y':214,'w':141,'h':18,'abs_x':427,'abs_y':494}"" data-mce-href=""https://snushus.ch/products/siberia-snus-rot-80-degrees-white-dry-portion""><u class=""text-underline"" bis_size=""{'x':29,'y':214,'w':141,'h':18,'abs_x':427,'abs_y':494}"">Siberia Rot -80 Degrees</u></a></em><br bis_size=""{'x':171,'y':214,'w':0,'h':18,'abs_x':569,'abs_y':494}""><em class=""text-italic"" bis_size=""{'x':11,'y':233,'w':186,'h':18,'abs_x':409,'abs_y':513}"">1x<span bis_size=""{'x':25,'y':233,'w':3,'h':18,'abs_x':423,'abs_y':513}""> </span><a href=""https://snushus.ch/products/skruf-xtra-stark-wp?_pos=3&amp;_sid=845311e75&amp;_ss=r"" bis_size=""{'x':29,'y':233,'w':168,'h':18,'abs_x':427,'abs_y':513}"" data-mce-href=""https://snushus.ch/products/skruf-xtra-stark-wp?_pos=3&amp;_sid=845311e75&amp;_ss=r"">SKRUF Xtra Stark No.24 WP</a></em><br bis_size=""{'x':198,'y':233,'w':0,'h':18,'abs_x':596,'abs_y':513}""><em class=""text-italic"" bis_size=""{'x':11,'y':253,'w':139,'h':18,'abs_x':409,'abs_y':533}"">1x<span bis_size=""{'x':25,'y':253,'w':3,'h':18,'abs_x':423,'abs_y':533}""> </span><a href=""https://snushus.ch/products/odens-snus-cold-extreme-white-dry"" bis_size=""{'x':29,'y':253,'w':122,'h':18,'abs_x':427,'abs_y':533}"" data-mce-href=""https://snushus.ch/products/odens-snus-cold-extreme-white-dry""><u class=""text-underline"" bis_size=""{'x':29,'y':253,'w':122,'h':18,'abs_x':427,'abs_y':533}"">Odens Cold Extreme</u></a></em><br bis_size=""{'x':151,'y':253,'w':0,'h':18,'abs_x':549,'abs_y':533}""><em class=""text-italic"" bis_size=""{'x':11,'y':273,'w':201,'h':18,'abs_x':409,'abs_y':553}"">1x<span bis_size=""{'x':25,'y':273,'w':3,'h':18,'abs_x':423,'abs_y':553}""> </span><a href=""https://snushus.ch/products/royal-lifestyle-classic-original-wdp?_pos=2&amp;_sid=e8ced1480&amp;_ss=r"" bis_size=""{'x':29,'y':273,'w':183,'h':18,'abs_x':427,'abs_y':553}"" data-mce-href=""https://snushus.ch/products/royal-lifestyle-classic-original-wdp?_pos=2&amp;_sid=e8ced1480&amp;_ss=r""><u class=""text-underline"" bis_size=""{'x':29,'y':273,'w':183,'h':18,'abs_x':427,'abs_y':553}"">Royal Lifestyle Classic Original</u></a></em></p>
<p bis_size=""{'x':11,'y':308,'w':565,'h':39,'abs_x':409,'abs_y':588}"">Spare beim Kauf von diesem Bundle 16% auf den regulären Preis! <br bis_size=""{'x':419,'y':308,'w':0,'h':18,'abs_x':817,'abs_y':588}"">Ist dieses Bundle nichts für Dich? Schau mal ob ein anderes <a href=""https://snushus.ch/collections/hus-mix-1"" bis_size=""{'x':380,'y':328,'w':55,'h':18,'abs_x':778,'abs_y':608}"" data-mce-href=""https://snushus.ch/collections/hus-mix-1""><u class=""text-underline"" bis_size=""{'x':380,'y':328,'w':55,'h':18,'abs_x':778,'abs_y':608}"">Mix-Pack</u></a> Dir mehr zusagt. </p>
<!---->",Tobacco Strong Mix,Unisex,,,,,,,https://cdn.shopify.com/s/files/1/0072/0646/9679/files/Tobacco-Strong-Mixpacka_new_ad1671d2-6a93-402a-acc3-e4b2785a1e1c.png,,,,,27.00,20.90,1,G,1,IN,3,3,3,,,,
,,MIX-TBS01,Unisex,Title,Default Title,,,,,,,,,,27.00,20.90,1,G,1,IN,3,3,3,,,Hus Mix,Tobacco Strong Mix
COCO Mighty Range Mix,"<p><span data-mce-fragment=""1"">Entdecke die neue Reihe von COCO - Mighty Range! Mit mehr Stärke und gleichzeitig intensivem Geschmack ist dieses 4er Pack ein Muss für alle Fans von COCO! </span></p>
<p>Dieses Bundle enthaltet:<strong><em></em></strong></p>
<p><em>1x <a rel=""noopener"" href=""https://snushus.ch/products/coco-mighty-mango"" target=""_blank"">COCO Mighty Mango</a></em><br><em>1x <a href=""https://snushus.ch/products/coco-mighty-fresh?_pos=1&amp;_sid=0641b9eb3&amp;_ss=r"">COCO Mighty  Fresh</a></em><br><em>1x <a href=""https://snushus.ch/products/coco-mighty-colada"">COCO Mighty Colada</a></em><br><em>1x <a href=""https://snushus.ch/products/coco-mighty-lemonade?_pos=4&amp;_sid=620dd5d41&amp;_ss=r"">COCO Mighty Lemonade</a></em><em class=""text-italic""><br></em></p>
<p>Spare beim Kauf von diesem Bundle 16% auf den regulären Preis! </p>
<p><em class=""text-italic""><br></em>Hast Du den passenden COCO gefunden? Hier findest Du alle Produkte von<span> </span><a href=""https://snushus.ch/collections/coco"" rel=""noopener"" target=""_blank""><u class=""text-underline"">COCO</u></a>!</p>
<!---->",COCO Mighty Range Mix,Unisex,,,,,,,https://cdn.shopify.com/s/files/1/0072/0646/9679/files/COCO-Mighty-MixPack.png,,,,,23.60,19.90,1,G,1,IN,3,3,3,,,,
,,MIX-CO02,Unisex,Title,Default Title,,,,,,,,,,23.60,19.90,1,G,1,IN,3,3,3,,,COCO,COCO Mighty Range Mix
All White Fruit Mix,"<p bis_size='{""x"":11,""y"":9,""w"":565,""h"":19,""abs_x"":668,""abs_y"":289}'>Probiere Dich quer durch die Vielfalt unserer fruchtigen All White Snus Sorten!</p>
<p bis_size='{""x"":11,""y"":45,""w"":565,""h"":78,""abs_x"":668,""abs_y"":325}'>Sämtliche Produkte dieses Bundles sind frei von Tabak und beinhalten einen Nikotingehalt zwischen 8 mg/g und 20 mg/g. <br bis_size='{""x"":208,""y"":64,""w"":0,""h"":18,""abs_x"":865,""abs_y"":344}'>Dieser Hus Mix soll Dir die fruchtige Vielfalt der neusten Snuskategorie ""All White"" aufzeigen. Von Pfirsich, über Zitrus bis hin zu Beeren deckt dieses Pack alles ab.</p>
<p bis_size='{""x"":11,""y"":139,""w"":565,""h"":19,""abs_x"":668,""abs_y"":419}'>Dieses Bundle enthaltet:</p>
<p bis_size='{""x"":11,""y"":175,""w"":565,""h"":97,""abs_x"":668,""abs_y"":455}'><em class=""text-italic"" bis_size='{""x"":11,""y"":175,""w"":168,""h"":77,""abs_x"":668,""abs_y"":455}'>1x <a href=""https://snushus.ch/products/edel-snus-citrus-all-white"" bis_size='{""x"":29,""y"":175,""w"":100,""h"":18,""abs_x"":686,""abs_y"":455}'><u class=""text-underline"" bis_size='{""x"":29,""y"":175,""w"":100,""h"":18,""abs_x"":686,""abs_y"":455}'>edelsnus CITRUS</u></a><br bis_size='{""x"":129,""y"":175,""w"":0,""h"":18,""abs_x"":786,""abs_y"":455}'>1x<span bis_size='{""x"":25,""y"":194,""w"":3,""h"":18,""abs_x"":682,""abs_y"":474}'> </span><a href=""https://snushus.ch/products/edel-snus-melon-all-white"" bis_size='{""x"":29,""y"":194,""w"":100,""h"":18,""abs_x"":686,""abs_y"":474}'><u class=""text-underline"" bis_size='{""x"":29,""y"":194,""w"":100,""h"":18,""abs_x"":686,""abs_y"":474}'>edelsnus MELON</u></a><br bis_size='{""x"":130,""y"":194,""w"":0,""h"":18,""abs_x"":787,""abs_y"":474}'>1x<span bis_size='{""x"":25,""y"":214,""w"":3,""h"":18,""abs_x"":682,""abs_y"":494}'> </span><u class=""text-underline"" bis_size='{""x"":29,""y"":214,""w"":150,""h"":18,""abs_x"":686,""abs_y"":494}'><a href=""https://snushus.ch/search?type=product&amp;options%5Bprefix%5D=last&amp;options%5Bunavailable_products%5D=last&amp;q=ap-5005"" bis_size='{""x"":29,""y"":214,""w"":90,""h"":18,""abs_x"":686,""abs_y"":494}'>Après No.5 Ice </a><a href=""https://snushus.ch/products/apres-snus-no-5-ice-tea-peach"" bis_size='{""x"":120,""y"":214,""w"":24,""h"":18,""abs_x"":777,""abs_y"":494}'>Tea </a><a href=""https://snushus.ch/search?type=product&amp;options%5Bprefix%5D=last&amp;options%5Bunavailable_products%5D=last&amp;q=ap-5005"" bis_size='{""x"":144,""y"":214,""w"":36,""h"":18,""abs_x"":801,""abs_y"":494}'>Peach</a></u><br bis_size='{""x"":180,""y"":214,""w"":0,""h"":18,""abs_x"":837,""abs_y"":494}'>1x<span bis_size='{""x"":25,""y"":233,""w"":3,""h"":18,""abs_x"":682,""abs_y"":513}'> </span><a href=""https://snushus.ch/products/velo-snus-icy-berries-aw-slim"" bis_size='{""x"":29,""y"":233,""w"":96,""h"":18,""abs_x"":686,""abs_y"":513}'>VELO Icy Berries</a><br bis_size='{""x"":126,""y"":233,""w"":0,""h"":18,""abs_x"":783,""abs_y"":513}'></em><em bis_size='{""x"":11,""y"":253,""w"":140,""h"":18,""abs_x"":668,""abs_y"":533}'>1x <a href=""https://snushus.ch/collections/vale/products/vale-frosted-berry-aw"" bis_size='{""x"":29,""y"":253,""w"":122,""h"":18,""abs_x"":686,""abs_y"":533}'>¡VALE! Frosted Berry</a></em></p>
<p bis_size='{""x"":11,""y"":289,""w"":565,""h"":39,""abs_x"":668,""abs_y"":569}'>Spare beim Kauf von diesem Bundle 16% auf den regulären Preis! <br bis_size='{""x"":419,""y"":289,""w"":0,""h"":18,""abs_x"":1076,""abs_y"":569}'>Ist dieses Bundle nichts für Dich? Schau mal ob ein anderes <a href=""https://snushus.ch/collections/hus-mix-1"" bis_size='{""x"":380,""y"":308,""w"":55,""h"":18,""abs_x"":1037,""abs_y"":588}'><u class=""text-underline"" bis_size='{""x"":380,""y"":308,""w"":55,""h"":18,""abs_x"":1037,""abs_y"":588}'>Mix-Pack</u></a> Dir mehr zusagt. </p>
<!---->",All White Fruit Mix,Unisex,,,,,,,https://cdn.shopify.com/s/files/1/0072/0646/9679/files/All-White-Fruit-Mix_aa6ca0bb-ea23-4f66-8e0d-7f2f05c362ce.png,,,,,30.10,24.90,1,G,1,IN,3,3,3,,,,
,,MIX-AWF01,Unisex,Title,Default Title,,,,,,,,,,30.10,24.90,1,G,1,IN,3,3,3,,,Hus Mix,All White Fruit Mix
All White Strong Mix,"<p bis_size='{""x"":11,""y"":9,""w"":565,""h"":19,""abs_x"":668,""abs_y"":289}'>Probiere Dich quer durch die Vielfalt unserer stärksten All White Snus Sorten!</p>
<p bis_size='{""x"":11,""y"":45,""w"":565,""h"":39,""abs_x"":668,""abs_y"":325}'>Sämtliche Produkte dieses Bundles sind frei von Tabak und beinhalten einen Nikotingehalt zwischen 14 mg/g und 25 mg/g und sind mit einem Minz / Menthol / Eukalyptus Aroma.</p>
<p bis_size='{""x"":11,""y"":100,""w"":565,""h"":19,""abs_x"":668,""abs_y"":380}'>Dieses Bundle enthaltet:</p>
<p bis_size='{""x"":11,""y"":135,""w"":565,""h"":97,""abs_x"":668,""abs_y"":415}'><em class=""text-italic"" bis_size='{""x"":11,""y"":135,""w"":108,""h"":18,""abs_x"":668,""abs_y"":415}'>1x<span bis_size='{""x"":25,""y"":135,""w"":3,""h"":18,""abs_x"":682,""abs_y"":415}'> </span><u class=""text-underline"" bis_size='{""x"":29,""y"":135,""w"":91,""h"":18,""abs_x"":686,""abs_y"":415}'><a href=""https://snushus.ch/products/edel-snus-cold-all-white"" bis_size='{""x"":29,""y"":135,""w"":55,""h"":18,""abs_x"":686,""abs_y"":415}'>edelsnus </a><a href=""https://snushus.ch/products/edel-weiss-cold?_pos=1&amp;_sid=5795d0fc4&amp;_ss=r"" bis_size='{""x"":85,""y"":135,""w"":35,""h"":18,""abs_x"":742,""abs_y"":415}'>COLD</a></u></em><br bis_size='{""x"":120,""y"":135,""w"":0,""h"":18,""abs_x"":777,""abs_y"":415}'><em class=""text-italic"" bis_size='{""x"":11,""y"":155,""w"":110,""h"":18,""abs_x"":668,""abs_y"":435}'>1x<span bis_size='{""x"":25,""y"":155,""w"":3,""h"":18,""abs_x"":682,""abs_y"":435}'> </span><a href=""https://snushus.ch/products/edel-snus-onyx-all-white"" bis_size='{""x"":29,""y"":155,""w"":92,""h"":18,""abs_x"":686,""abs_y"":435}'><u class=""text-underline"" bis_size='{""x"":29,""y"":155,""w"":92,""h"":18,""abs_x"":686,""abs_y"":435}'>edelsnus ONYX</u></a></em><br bis_size='{""x"":122,""y"":155,""w"":0,""h"":18,""abs_x"":779,""abs_y"":435}'><em class=""text-italic"" bis_size='{""x"":11,""y"":175,""w"":168,""h"":18,""abs_x"":668,""abs_y"":455}'>1x<span bis_size='{""x"":25,""y"":175,""w"":3,""h"":18,""abs_x"":682,""abs_y"":455}'> </span><a href=""https://snushus.ch/products/velo-snus-mighty-peppermint-aw"" bis_size='{""x"":29,""y"":175,""w"":151,""h"":18,""abs_x"":686,""abs_y"":455}'><u class=""text-underline"" bis_size='{""x"":29,""y"":175,""w"":151,""h"":18,""abs_x"":686,""abs_y"":455}'>VELO Mighty Peppermint</u></a></em><br bis_size='{""x"":180,""y"":175,""w"":0,""h"":18,""abs_x"":837,""abs_y"":455}'><em class=""text-italic"" bis_size='{""x"":11,""y"":194,""w"":129,""h"":18,""abs_x"":668,""abs_y"":474}'>1x <a href=""https://snushus.ch/products/strom-fresh-mint-aw?_pos=2&amp;_sid=65bab12ad&amp;_ss=r"" bis_size='{""x"":29,""y"":194,""w"":111,""h"":18,""abs_x"":686,""abs_y"":474}'>STRÖM Fresh Mint</a></em><br bis_size='{""x"":141,""y"":194,""w"":0,""h"":18,""abs_x"":798,""abs_y"":474}'><em class=""text-italic"" bis_size='{""x"":11,""y"":214,""w"":45,""h"":18,""abs_x"":668,""abs_y"":494}'>1x <a href=""https://snushus.ch/products/ace-x-cool-mint"" bis_size='{""x"":29,""y"":214,""w"":28,""h"":18,""abs_x"":686,""abs_y"":494}'>ACE </a></em><a href=""https://snushus.ch/products/ace-snus-x-cool-mint"" bis_size='{""x"":57,""y"":214,""w"":73,""h"":18,""abs_x"":714,""abs_y"":494}'>X Cool Mint </a></p>
<p bis_size='{""x"":11,""y"":249,""w"":565,""h"":39,""abs_x"":668,""abs_y"":529}'>Spare beim Kauf von diesem Bundle 28% auf den regulären Preis! <br bis_size='{""x"":419,""y"":249,""w"":0,""h"":18,""abs_x"":1076,""abs_y"":529}'>Ist dieses Bundle nichts für Dich? Schau mal ob ein anderes <a href=""https://snushus.ch/collections/hus-mix-1"" bis_size='{""x"":380,""y"":269,""w"":55,""h"":18,""abs_x"":1037,""abs_y"":549}'><u class=""text-underline"" bis_size='{""x"":380,""y"":269,""w"":55,""h"":18,""abs_x"":1037,""abs_y"":549}'>Mix-Pack</u></a> Dir mehr zusagt. </p>
<!---->",All White Strong Mix,Unisex,,,,,,,https://cdn.shopify.com/s/files/1/0072/0646/9679/files/ALL-White-Strong-Mixpack_174fec89-934f-45ac-81d5-07982d5f9737.png,,,,,29.80,24.90,1,G,1,IN,3,3,3,,,,
,,MIX-AWS01,Unisex,Title,Default Title,,,,,,,,,,29.80,24.90,1,G,1,IN,3,3,3,,,Hus Mix,All White Strong Mix
Cannadips Mix,"<p>Du bist Dir nicht sicher welcher Cannadips Geschmack der passende für Dich ist? Kein Problem - mit diesem Mixpack kannst Du Dich durch das Cannadips Sortiment probieren und dabei noch sparen!</p>
<p>Cannadips Hanf CBD-Beutel sind alle natürlich, diskret und schnell wirkend mit ihrem hoch bioverfügbaren wasserlöslichen CBD. Frei von THC, Tabak &amp; Nikotin!</p>
<p>Sämtliche Produkte sind frei von Tabak und Nikotin und basieren auf Kokosfasern. Alle Sorten beinhalten einen CBD Gehalt von 18.75 mg/g.</p>
<p>Geschmacklich geht die Reise von diskreter Minze bis hin zu exotischen Aromen Mango. <br></p>
<p>Dieses Bundle enthaltet:</p>
<p><em>1x <a href=""https://snushus.ch/products/cannadips-natural-mint-150mg?_pos=3&amp;_sid=5370eb0d6&amp;_ss=r"">Cannadips Natural Mint </a></em><br><em>1x <a href=""https://snushus.ch/collections/cannadips/products/cannadips-tropical-mango-150mg""><u class=""text-underline"">Cannadips Tropical Mango</u></a></em><br><em>1x <a href=""https://snushus.ch/collections/cannadips/products/cannadips-tangy-citrus-150mg""><u class=""text-underline"">Cannadips Tangy Citrus</u></a></em><br><em>1x <a href=""https://snushus.ch/collections/cannadips/products/cannadips-american-spice-150mg""><u class=""text-underline"">Cannadips American Spice</u></a></em><br><em data-mce-fragment=""1"">1x <a href=""https://snushus.ch/products/cannadips-fresh-wintergreen-150mg?_pos=3&amp;_sid=361dce438&amp;_ss=r""><u class=""text-underline"" data-mce-fragment=""1"">Cannadips Fresh Wintergreen</u></a></em><br></p>
<p>Spare beim Kauf von diesem Bundle 38% auf den regulären Preis! <br>Hast Du die passende Cannadips Sorte gefunden? Hier findest Du alle Produkte von <a href=""https://snushus.ch/collections/cannadips""><u class=""text-underline"">Cannadips</u></a><em class=""text-italic"">!</em></p>
<!---->",Cannadips Mix,Unisex,,,,,,,https://cdn.shopify.com/s/files/1/0072/0646/9679/files/cannadips-american-cbd-pouches.png,,,,,44.50,27.90,1,G,1,IN,3,3,3,,,,
,,MIX-CD01,Unisex,Title,Default Title,,,,,,,,,,44.50,27.90,1,G,1,IN,3,3,3,,,Cannadips,Cannadips Mix
COCO Mix,"<p><span data-mce-fragment=""1"">Du möchtest COCO Snus probieren? Dann greif zum Hus-Mix den wir für Dich erstellt haben, um Deinen Liebling zu finden.</span></p>
<p><span data-mce-fragment=""1"">Der COCO Mix bietet ein einzigartiges, exotisches Geschmackserlebnis! Probiere alle sanften, kokosfaserbasierten Aromen von COCO und geniesse das unvergleichliche Gefühl. Alle COCO Pouches haben 20 mg/g Nikotin. </span></p>
<p>Dieses Bundle enthaltet:</p>
<p><a href=""https://snushus.ch/products/coco-natural-mint?_pos=2&amp;_sid=88be1a157&amp;_ss=r"" title=""COCO Natural Mint mit Kokosfasern""><em class=""text-italic"">1x COCO Natural Mint</em></a><br><a href=""https://snushus.ch/products/coco-clean-peach"" title=""COCO Clean Peach""><em class=""text-italic"">1x COCO Clean Peach</em></a><br><a href=""https://snushus.ch/products/coco-tropical-mango?_pos=1&amp;_sid=88be1a157&amp;_ss=r"" title=""COCO Snus Tropical Mango""><em class=""text-italic"">1x COCO Tropical Mango</em></a><br><a href=""https://snushus.ch/products/coco-blue-razz?_pos=3&amp;_sid=88be1a157&amp;_ss=r"" title=""COCO Snus Blue Razz""><em class=""text-italic"">1x COCO Blue Razz</em></a></p>
<p>Spare beim Kauf von diesem Bundle 16% auf den regulären Preis! <br>Ist dieses Bundle nichts für Dich? Schau mal ob ein anderes <a href=""https://snushus.ch/collections/hus-mix-1""><u class=""text-underline"">Mix-Pack</u></a> Dir mehr zusagt. </p>
<p>Verwendung:</p>
<p><span data-mce-fragment=""1"">Für eine schnelle Freisetzung von Nikotin und Aromen:</span><br data-mce-fragment=""1""><span data-mce-fragment=""1"">1. Befeuchte den Beutel, indem Du ihn auf die Zunge legst.</span><br data-mce-fragment=""1""><span data-mce-fragment=""1"">2. Sobald der Beutel feucht ist, kaue den Beutel einmal vorsichtig. Achte darauf, den Beutel nicht zu </span><span data-mce-fragment=""1"">öffnen</span><span data-mce-fragment=""1"">.</span><br data-mce-fragment=""1""><span data-mce-fragment=""1"">3. Lege den Beutel unter die Oberlippe und spüre den intensiven Geschmack und die schnelle Nikotinfreisetzung.</span><br data-mce-fragment=""1""><span data-mce-fragment=""1"">4. Geniesse den Kick bis zu einer Stunde lang.</span></p>
<!---->",COCO Mix,Unisex,,,,,,,https://cdn.shopify.com/s/files/1/0072/0646/9679/files/COCO-MixPack_ff5a460c-c13a-4af1-8fbc-dd1d0c8f9fbc.png,,,,,23.60,19.90,1,G,1,IN,3,3,3,,,,
,,MIX-CO01,Unisex,Title,Default Title,,,,,,,,,,23.60,19.90,1,G,1,IN,3,3,3,,,COCO,COCO Mix
XQS Mix,"<p>Du bist Dir nicht sicher welcher XQS der passende für Dich ist? Kein Problem - mit diesem Mixpack kannst Du Dich durch das XQS Sortiment probieren und dabei noch sparen!</p>
<p><span>Entdecke den XQS Mix, das perfekte Produkt für alle, die auf der Suche nach frischen und spannenden Geschmäckern sind! Die Pouches sind in Schweden hergestellt und bieten 16 mg/g Nikotin, für ein intensives und erfüllendes Erlebnis.</span></p>
<p><span>Hol Dir jetzt den XQS Mix und erlebe den perfekten Mix aus Geschmack und Nikotin! Sämtliche Produkte dieses Bundles sind frei von Tabak.</span></p>
<p>Dieses Bundle enthaltet:</p>
<p><em>1x <a href=""https://snushus.ch/products/xqs-snus-black-cherry-strong-all-white"">XQS Black Cherry</a> </em><br><em>1x <a href=""https://snushus.ch/products/xqs-snus-blueberry-mint-strong-all-white"">XQS Blueberry Mint</a></em><br><em>1x <a href=""https://snushus.ch/products/xqs-snus-orange-apple-strong-all-white"">XQS Orange Apple</a></em><br><em>1x <a href=""https://snushus.ch/products/xqs-snus-tropical-strong-all-white"">XQS Tropical</a></em><br><em>1x <a href=""https://snushus.ch/products/xqs-snus-twin-apple-strong-all-white"">XQS Twin Apple</a></em></p>
<p>Spare beim Kauf von diesem Bundle 29% auf den regulären Preis! <em class=""text-italic""><br></em>Hast Du den passenden XQS gefunden? Hier findest Du alle Produkte von<span> </span><a href=""https://snushus.ch/collections/xqs""><span style=""font-size: 0.875rem;"">XQS</span></a><span style=""font-size: 0.875rem;"">!</span></p>
<!---->",XQS Mix,Unisex,,,,,,,https://cdn.shopify.com/s/files/1/0072/0646/9679/files/All-XQS-Mix.png,,,,,21.00,14.90,1,G,1,IN,3,3,3,,,,
,,MIX-XQ01,Unisex,Title,Default Title,,,,,,,,,,21.00,14.90,1,G,1,IN,3,3,3,,,XQS,XQS Mix
Swiss Made All White Mix,"<p>Nur Schweden kann Snus?! Wir beweisen Dir das Gegenteil!<br>Probiere Dich durch die Vielfalt von Schweizer Snus Marken und überzeug Dich selber von der Qualität.</p>
<p>Sämtliche Produkte dieses Bundles sind frei von Tabak und beinhalten einen Nikotingehalt zwischen 10 mg/g und 30 mg/g. <br>Geschmacklich durchquert dieser Hus Mix sämtliche Stufen: von Schweizer Alpenkräutern bis hin zu Traube-Minze ist alles dabei.<br></p>
<p>Dieses Bundle enthaltet:</p>
<p><em class=""text-italic"">1x <a href=""https://snushus.ch/products/edel-snus-mint-all-white"" data-mce-href=""https://snushus.ch/collections/edel-weiss-snus/products/edel-mint"">edelsnus MINT</a><br>1x<span> </span><a href=""https://snushus.ch/collections/7siach/products/7siach-alpachrutli"" data-mce-href=""https://snushus.ch/collections/7siach/products/7siach-alpachrutli"">7Siäch Alpächrütli</a><br>1x<span> </span><a href=""https://snushus.ch/collections/7siach/products/7siach-bergluft"" data-mce-href=""https://snushus.ch/collections/7siach/products/7siach-bergluft"">7Siäch Bergluft</a><br>1x<span> </span><a href=""https://snushus.ch/collections/la-fruteria/products/la-fruteria-traube-minze-aw"" data-mce-href=""https://snushus.ch/collections/la-fruteria/products/la-fruteria-traube-minze-aw"">LaFruteria Traube-Minze</a><br>1x<span> </span><a href=""https://snushus.ch/collections/la-fruteria/products/la-fruteria-orange-jizz-aw"" data-mce-href=""https://snushus.ch/collections/la-fruteria/products/la-fruteria-orange-jizz-aw"">LaFruteria Orange-Jizz</a></em></p>
<p><br>Spare beim Kauf von diesem Bundle 32% auf den regulären Preis! <br>Ist dieses Bundle nichts für Dich? Schau mal ob ein anderes <a href=""https://snushus.ch/collections/hus-mix-1"" data-mce-href=""https://snushus.ch/collections/hus-mix-1""><u class=""text-underline"">Mix-Pack</u></a> Dir mehr zusagt. </p>
<!---->",Swiss Made All White Mix,Unisex,,,,,,,https://cdn.shopify.com/s/files/1/0072/0646/9679/files/All-White-Swiss-Made-Mix_522d9b1c-7e25-41b2-b014-2f33c234b9f4.png,,,,,36.50,24.90,1,G,1,IN,3,3,3,,,,
,,MIX-SM01,Unisex,Title,Default Title,,,,,,,,,,36.50,24.90,1,G,1,IN,3,3,3,,,Hus Mix,Swiss Made All White Mix
edelsnus Mix,"<p>Du bist Dir nicht sicher welcher edelsnus der passende für Dich ist? Kein Problem - mit diesem Mixpack kannst Du Dich durch das edelsnus Sortiment probieren und dabei noch sparen!</p>
<p>Mit schwedischer Unterstützung beim Aufbau der Produktion und lokalen Partnerschaften im Bereich Nikotin- und Aromatechnologie ist es edelsnus gelungen, ein unvergleichliches Snusprodukt zu kreieren. edelsnus verwendet ausschliesslich in der Schweiz hergestellte Rohstoffe um uns in Bezug auf Qualität und Geschmack abzuheben.</p>
<p>Sämtliche Produkte  sind frei von Nikotin und beinhalten einen Nikotingehalt zwischen 10 mg/g und 25 mg/g. <br>Geschmacklich geht die Reise vom beliebtesten Snus Aroma Menthol, über exotische Aromen wie Melone bis hin zu Eukalyptus. <br></p>
<p>Dieses Bundle enthaltet:</p>
<p><em class=""text-italic"">1x <a href=""https://snushus.ch/products/edel-snus-cold-all-white"">edelsnus COLD</a><br>1x<span> </span><a href=""https://snushus.ch/products/edel-snus-citrus-all-white"">edelsnus CITRUS</a><br>1x<span> </span><a href=""https://snushus.ch/products/edel-snus-melon-all-white"">edelsnus MELON</a><br>1x<span> </span><a href=""https://snushus.ch/products/edel-snus-berry-all-white"">edelsnus BERRY</a><br>1x<span> </span><a href=""https://snushus.ch/products/edel-snus-onyx-all-white"">edelsnus ONYX</a></em></p>
<p>Spare beim Kauf von diesem Bundle 28% auf den regulären Preis! <em class=""text-italic""><br></em>Hast Du den passenden edelsnus gefunden? Hier findest Du alle Produkte von<span> </span><a href=""https://snushus.ch/collections/edel-weiss-snus""><u class=""text-underline"">edelsnus</u></a>!</p>
<!---->",edelsnus Mix,Unisex,,,,,,,https://cdn.shopify.com/s/files/1/0072/0646/9679/files/edel-swissmade-allwhite-mixpack_0394b784-e20b-4e37-a81e-4adf8f233c72.png,,,,,34.50,24.90,1,G,1,IN,3,3,3,,,,
,,MIX-ED01,Unisex,Title,Default Title,,,,,,,,,,34.50,24.90,1,G,1,IN,3,3,3,,,edel,edelsnus Mix
Icing WDP Slim,"<p>PUCK ICING Extreme Strong Slim von The Snusfactory ist ein Snus, der Nikotin-Kicks mit der Stärke eines kräftigen Slap-Shots zusammen mit einem eiskalten Minzegeschmack liefert. Er enthält einen extrem hohen Nikotingehalt (45mg/g) und liefert einen unglaublich frischen Geschmack von Schweizer Menthol und Pfefferminze.</p>
<p>Seine bequemen Portionen sind so gestaltet, dass sie eine sofortige Freisetzung sowohl von Nikotin als auch von Geschmack ermöglichen. Ihre trockene Oberfläche sorgt für ein geringes Laufen, was wiederum dafür sorgt, dass diese stimulierende und erfrischende Freisetzung zufriedenstellend lange anhält.</p>",Icing WDP Slim,Unisex,,,,,,,https://cdn.shopify.com/s/files/1/0072/0646/9679/products/Puck_Icing_Extreme_Strong_Slim.jpg,,,,,5.20,0.00,1,G,13,IN,3,3,3,,,,
,,PU-2010-1,Unisex,Title,Default Title,,,,,,,,,,5.20,0.00,1,G,13,IN,3,3,3,,,Puck,Icing WDP Slim
Icing WDP,"<p>PUCK ICING Extreme Strong von The Snusfactory ist ein Snus, der Nikotin-Kicks mit der Stärke eines kräftigen Slap-Shots zusammen mit einem eiskalten Minzegeschmack liefert. Er enthält einen extrem hohen Nikotingehalt (45mg/g) und liefert einen unglaublich frischen Geschmack von Schweizer Menthol und Pfefferminze.</p>
<p>Seine bequemen Portionen sind so gestaltet, dass sie eine sofortige Freisetzung sowohl von Nikotin als auch von Geschmack ermöglichen. Ihre trockene Oberfläche sorgt für ein geringes Laufen, was wiederum dafür sorgt, dass diese stimulierende und erfrischende Freisetzung zufriedenstellend lange anhält.</p>",Icing WDP,Unisex,,,,,,,https://cdn.shopify.com/s/files/1/0072/0646/9679/files/PUCK_ICING_Peppermint_sized.png,,,,,5.20,0.00,1,G,16,IN,3,3,3,,,,
,,PU-2000-1,Unisex,Title,Default Title,,,,,,,,,,5.20,0.00,1,G,16,IN,3,3,3,,,Puck,Icing WDP
Spearing WDP Slim,"<p>PUCK SPEARING Extra Strong Slim von The SnusFactory, ein Snus nach Mass für diejenigen, die den ultimativen Kältekick erleben wollen, den nur ein eisiger Minzgeschmack und extra starke Kicks bieten können!</p>
<p>Seine modernen Portionen haben die gleichen Eigenschaften wie White Dry Portionen. Das bedeutet, dass sie so optimiert sind, dass sie nur gering saften, was wiederum die beinahe sofortige Freisetzung sowohl des Geschmacks als auch des Nikotins fördert.</p>",Spearing WDP Slim,Unisex,,,,,,,https://cdn.shopify.com/s/files/1/0072/0646/9679/products/Puck_Spearing_Extra_Strong_Slim_sized.jpg,,,,,5.20,0.00,1,G,13,IN,3,3,3,,,,
,,PU-1010-1,Unisex,Title,Default Title,,,,,,,,,,5.20,0.00,1,G,13,IN,3,3,3,,,Puck,Spearing WDP Slim
Spearing WDP,"<p>PUCK SPEARING Extra Strong Portion von The SnusFactory, ein Snus nach Mass für diejenigen, die den ultimativen Kältekick erleben wollen, den nur ein eisiger Minzgeschmack und extra starke Kicks bieten können!</p>
<p>Seine modernen Portionen haben die gleichen Eigenschaften wie White Dry Portionen. Das bedeutet, dass sie so optimiert sind, dass sie nur gering saften, was wiederum die beinahe sofortige Freisetzung sowohl des Geschmacks als auch des Nikotins fördert.</p>",Spearing WDP,Unisex,,,,,,,https://cdn.shopify.com/s/files/1/0072/0646/9679/files/PUCK_ICING_Spearmint_sized.png,,,,,5.20,0.00,1,G,16,IN,3,3,3,,,,
,,PU-1000-1,Unisex,Title,Default Title,,,,,,,,,,5.20,0.00,1,G,16,IN,3,3,3,,,Puck,Spearing WDP
Forest Fruits AW Slim,"<p>Erlebe den unvergleichlichen Genuss von <a href=""https://snushus.ch/collections/red-muule-snus"">Red Muule</a> Forest Fruits – der italienische Snus, der Dir den Geschmack des Waldes in jedem Beutel bietet. Diese Premium-Marke aus Italien überzeugt mit einer mittleren Stärke von 3/5 und einer Nikotinkonzentration von 14 mg/g, perfekt für gelegentliche Snuser, die einen ausgewogenen und dennoch intensiven Genuss bevorzugen.</p>
<p>Der Red Muule Forest Fruits Snus begeistert mit seinem verlockenden Geschmack nach Waldfrüchten. Die Slim Beutel sind besonders diskret und angenehm zu tragen, sodass Du Deinen Snus jederzeit und überall geniessen kannst. Mit 10 g Tabakersatz pro Dose bietet dieser All White Snus eine erfrischende Alternative ohne Verfärbung Deiner Zähne.</p>
<p>Dieser hochwertige Snus aus Italien ist ideal für alle, die einen gelegentlichen Nikotinkick suchen, ohne auf Geschmack und Qualität zu verzichten. Die sorgfältig ausgewählten Zutaten und die erstklassige Verarbeitung garantieren ein gleichmässiges und befriedigendes Snus-Erlebnis.</p>
<p>Bestelle jetzt Deinen Red Muule Forest Fruits Snus online und geniesse den fruchtigen Geschmack und die angenehme Nikotinstärke. Erlebe die Qualität und den erfrischenden Geschmack von Red Muule Forest Fruits und finde heraus, warum dieser Snus so besonders ist.</p>
<!---->",Forest Fruits AW Slim,Unisex,,,,,,,https://cdn.shopify.com/s/files/1/0072/0646/9679/files/redmuule_forest_fruits.png,,,,,4.90,0.00,1,G,10,IN,3,3,3,,,,
,,RM-2015-1,Unisex,Title,Default Title,,,,,,,,,,4.90,0.00,1,G,10,IN,3,3,3,,,Red Muule,Forest Fruits AW Slim
Red Berries AW Slim,"<p>Entdecke <a href=""https://snushus.ch/collections/red-muule-snus"">Red Muule</a><a href=""https://snushus.ch/collections/red-muule""></a> Red Berries All White Slim – Dein perfekter Begleiter für ein intensives und erfrischendes Nikotinerlebnis! Mit einem Nikotingehalt von 14 mg/g und Slim Beuteln bietet Dir dieser Snus eine ausgewogene und lang anhaltende Erfahrung. Die All White Nikotinbeutel sorgen für einen erfrischenden und fruchtigen Geschmack nach roten Beeren.</p>
<p>Red Muule Red Berries All White Slim ist die ideale Wahl für alle, die Diskretion und Komfort schätzen. Dank der fortschrittlichen Technologie zur Geschmacksverstärkung erlebst Du ein intensives Aroma, das langanhaltende Zufriedenheit garantiert. Die schlanken Beutel sind diskret und angenehm zu konsumieren, sodass Du Deinen Snus jederzeit und überall geniessen kannst. Die 20g Dose bietet Dir ausreichend Vorrat für viele genussvolle Momente.</p>
<p>Gönn Dir den unvergleichlichen Genuss von Red Muule Red Berries All White Slim. Bestelle jetzt online und erfahre, wie dieser Snus Dir eine perfekte Mischung aus Fruchtigkeit, Diskretion und lang anhaltender Zufriedenheit bietet. Entdecke den Unterschied und bereichere Deinen Alltag mit einem intensiven Geschmackserlebnis!</p>
<!---->",Red Berries AW Slim,Unisex,,,,,,,https://cdn.shopify.com/s/files/1/0072/0646/9679/files/redmuule_red_berries_3e772af2-8902-476e-a37d-79f8f39a02ea.png,,,,,4.90,0.00,1,G,10,IN,3,3,3,,,,
,,RM-4015-1,Unisex,Title,Default Title,,,,,,,,,,4.90,0.00,1,G,10,IN,3,3,3,,,Red Muule,Red Berries AW Slim
Lime Cactus AW Slim,"<p>Tauche ein in das erfrischende Erlebnis von <a href=""https://snushus.ch/collections/red-muule-snus"">Red Muule</a> Lime Cactus – die ideale Wahl für alle, die nach einem exotischen und spritzigen Snus suchen. Mit einem Nikotingehalt von 14 mg/g bietet dieser Snus eine ausgewogene und kräftige Wirkung, die sich perfekt für Snus-Liebhaber eignet.</p>
<p>Red Muule Lime Cactus vereint den einzigartigen Geschmack von Kaktus mit der frischen Note von Limette. Die schlanken Beutel sind besonders unauffällig und angenehm zu tragen, sodass Du Deinen Snus diskret und komfortabel geniessen kannst.</p>
<p>Die hochwertigen Zutaten und die exzellente Verarbeitung sorgen für ein gleichmässiges und zufriedenstellendes Snus-Erlebnis. Red Muule Lime Cactus steht für erfrischenden Genuss und ein exotisches Aroma, das jeden Moment aufwertet.</p>
<p>Sichere Dir jetzt Deinen Red Muule Lime Cactus Snus online und erlebe die harmonische Mischung aus Kaktus und Limette. Gönne Dir diesen besonderen Snus und entdecke, warum Red Muule Lime Cactus die perfekte Wahl für Snus-Liebhaber ist.</p>
<!---->",Lime Cactus AW Slim,Unisex,,,,,,,https://cdn.shopify.com/s/files/1/0072/0646/9679/files/redmuule_lime_cactus.png,,,,,4.90,0.00,1,G,10,IN,3,3,3,,,,
,,RM-5015-1,Unisex,Title,Default Title,,,,,,,,,,4.90,0.00,1,G,10,IN,3,3,3,,,Red Muule,Lime Cactus AW Slim
Mango AW Slim,"<p>Erlebe die tropische Frische mit <a href=""https://snushus.ch/collections/red-muule-snus"">Red Muule</a> Mango All White – Deinem idealen Begleiter für einen fruchtigen Snus-Genuss. Mit einem Nikotingehalt von 14 mg/g und praktischen Slim Beuteln bietet dieser Snus eine perfekt abgestimmte Nikotindosis für mittlere Snus-Gewohnte.</p>
<p>Red Muule Mango begeistert mit seinem exotischen Mango-Geschmack, der Deine Sinne verwöhnt und ein angenehmes, fruchtiges Aroma hinterlässt. Die 10 g Nikotinersatz pro Dose sind in praktischen All White Pouches verpackt, die sich durch ihre Diskretion und einfache Handhabung auszeichnen. Diese Beutel sind so gestaltet, dass sie keine Verfärbungen hinterlassen und stets ein sauberes Gefühl vermitteln.</p>
<p>Jetzt ist der perfekte Zeitpunkt, Red Muule Mango auszuprobieren und Dich von der tropischen Frische dieser Snus-Marke zu überzeugen. Geniesse den exotischen Geschmack und die perfekte Nikotindosis, wo immer Du bist.</p>
<!---->",Mango AW Slim,Unisex,,,,,,,https://cdn.shopify.com/s/files/1/0072/0646/9679/files/redmuule_mango.png,,,,,4.90,0.00,1,G,10,IN,3,3,3,,,,
,,RM-3015-1,Unisex,Title,Default Title,,,,,,,,,,4.90,0.00,1,G,10,IN,3,3,3,,,Red Muule,Mango AW Slim
Mint AW Slim,"<p>Entdecke <a href=""https://snushus.ch/collections/red-muule-snus"">Red Muule</a><a href=""https://snushus.ch/collections/red-muule""> </a>Mint All White Slim – Deine perfekte Wahl für ein erfrischendes Nikotinerlebnis! Mit einem Nikotingehalt von 14 mg/g und schlanken Beuteln bietet Dir dieser Snus eine ausgewogene und intensive Erfahrung. Die All White Nikotinbeutel sorgen für einen frischen Minzgeschmack, der Deine Sinne belebt.</p>
<p>Red Muule Mint AW Slim, die auf der Suche nach einem hochwertigen und erfrischenden Produkt sind. Die schlanken Beutel sind diskret und angenehm zu tragen, sodass Du Deinen Snus jederzeit und überall geniessen kannst. Die 20g Dose bietet Dir ausreichend Vorrat für langanhaltenden Genuss.</p>
<p>Geniesse den frischen Minzgeschmack von Red Muule Mint AW Slim und erlebe, wie dieser All White Snus Deinen Tag belebt. Einfach einen Beutel entnehmen und das erfrischende Nikotinerlebnis geniessen.</p>
<p>Bestelle jetzt Deinen Red Muule Mint AW Slim online und entdecke die erfrischende Welt von Red Muule.</p>
<!---->",Mint AW Slim,Unisex,,,,,,,https://cdn.shopify.com/s/files/1/0072/0646/9679/files/redmuule_mint_5fcea3f5-3992-4c97-a01b-68b7c3989889.png,,,,,4.90,0.00,1,G,10,IN,3,3,3,,,,
,,RM-1015-1,Unisex,Title,Default Title,,,,,,,,,,4.90,0.00,1,G,10,IN,3,3,3,,,Red Muule,Mint AW Slim
Mint-Lime Slim (Joker) AW,Kräftiger Special Snus mit Limettenkick auf Minze- Snus Special Limette/Mint SLIM Super White<br>,Mint-Lime Slim (Joker) AW,Unisex,,,,,,,https://cdn.shopify.com/s/files/1/0072/0646/9679/files/royal-lifestyle-mint-lime-joker-aw_3dd8775c-60bd-40b7-9660-9eb7307ab04a.png,,,,,5.90,0.00,1,G,32,IN,3,3,3,,,,
,,RL-3010-1,Unisex,Title,Default Title,,,,,,,,,,5.90,0.00,1,G,32,IN,3,3,3,,,Royal Lifestyle,Mint-Lime Slim (Joker) AW
Menthol -Mint Slim (Punisher) AW,Royal Lifetsyle Cool Menthol Special Snus mit Minzaroma – Snus Special Menthol/Mint SLIM Super White,Menthol -Mint Slim (Punisher) AW,Unisex,,,,,,,https://cdn.shopify.com/s/files/1/0072/0646/9679/files/royal-lifestyle-menthol-mint-punisher-aw_4eacc539-b34b-4f69-99d9-53e92482b70c.png,,,,,5.90,0.00,1,G,32,IN,3,3,3,,,,
,,RL-6010-1,Unisex,Title,Default Title,,,,,,,,,,5.90,0.00,1,G,32,IN,3,3,3,,,Royal Lifestyle,Menthol -Mint Slim (Punisher) AW
Chill-Mint Slim (Sparten) AW,Cool Chill Mint Special Snus mit verschiedene Minzaroma – Snus Special Chill/Mint SLIM Super White,Chill-Mint Slim (Sparten) AW,Unisex,,,,,,,https://cdn.shopify.com/s/files/1/0072/0646/9679/files/royal-lifestyle-chill-mint-spartan-aw_e5f0d2a2-6bce-4b1d-975b-6ceba3543edb.png,,,,,5.90,0.00,1,G,32,IN,3,3,3,,,,
,,RL-4010-1,Unisex,Title,Default Title,,,,,,,,,,5.90,0.00,1,G,32,IN,3,3,3,,,Royal Lifestyle,Chill-Mint Slim (Sparten) AW
Ice Mint Slim AW,Erfrischender Snus mit vollmundigem Charakter – Snus Super White Ice Mint SLIM,Ice Mint Slim AW,Unisex,,,,,,,https://cdn.shopify.com/s/files/1/0072/0646/9679/files/royal-lifestyle-ice-mint-aw_5b8e9b29-b952-42da-af03-02d47af71218.png,,,,,5.90,0.00,1,G,32,IN,3,3,3,,,,
,,RL-2010-1,Unisex,Title,Default Title,,,,,,,,,,5.90,0.00,1,G,32,IN,3,3,3,,,Royal Lifestyle,Ice Mint Slim AW
Classic Slim WDP,"<p>Intensiver, kräftiger Snus mit frischem ""sibirischer"" Pfefferminze.</p>
<p><span>Bei den White Dry Portions von</span><span> Royal Snus wird an der Stelle von Tabak eine Pflanzenart verwendet, die Damiana genannt wird.</span><br><span>Damiana ist eine Strauchpflanze, die zur Pflanzengattung der Safranmalven (turnera diffusa) gehört. </span><span>Ihr natürliches Verbreitungsgebiet reicht vom südlichen Nordamerika bis nach Argentinien. Vorzugsweise gedeiht Damiana an trockenen, felsigen Standorten – etwa auf Klippen, auf Kalksteinen oder auch in Mischwäldern in Höhenlagen zwischen 500 Metern und 1950 Metern. Dazu wurde Damiana schon seit längerem auch in Mexiko als Tabakersatz verwendet.</span></p>",Classic Slim WDP,Unisex,,,,,,,https://cdn.shopify.com/s/files/1/0072/0646/9679/files/royal-lifestyle-classic-slim-wdp_fb27aa66-a02c-4ccd-a5e8-332463a47b42.png,,,,,5.90,0.00,1,G,36,IN,3,3,3,,,,
,,RL-1010-1,Unisex,Title,Default Title,,,,,,,,,,5.90,0.00,1,G,36,IN,3,3,3,,,Royal Lifestyle,Classic Slim WDP
Eucalyptus Slim AW,Belebender Snus mit vollmundigem Charakter – Snus Super White Eucalypthus SLIM,Eucalyptus Slim AW,Unisex,,,,,,,https://cdn.shopify.com/s/files/1/0072/0646/9679/files/royal-lifestyle-eucalyptus-aw_7f7c7b96-fd4f-4773-af16-6d2e389978eb.png,,,,,5.90,0.00,1,G,32,IN,3,3,3,,,,
,,RL-5010-1,Unisex,Title,Default Title,,,,,,,,,,5.90,0.00,1,G,32,IN,3,3,3,,,Royal Lifestyle,Eucalyptus Slim AW
Classic Original WDP,"<p>Intensiver, kräftiger Snus mit frischem ""sibirischer"" Pfefferminze.</p>
<p>Bei den White Dry Portions von Royal Snus wird an der Stelle von Tabak eine Pflanzenart verwendet, die Damiana genannt wird. <br>Damiana ist eine Strauchpflanze, die zur Pflanzengattung der Safranmalven (turnera diffusa) gehört. Ihr natürliches Verbreitungsgebiet reicht vom südlichen Nordamerika bis nach Argentinien. Vorzugsweise gedeiht Damiana an trockenen, felsigen Standorten – etwa auf Klippen, auf Kalksteinen oder auch in Mischwäldern in Höhenlagen zwischen 500 Metern und 1950 Metern. Dazu wurde Damiana schon seit längerem auch in Mexiko als Tabakersatz verwendet.</p>",Classic Original WDP,Unisex,,,,,,,https://cdn.shopify.com/s/files/1/0072/0646/9679/files/royal-lifestyle-classic-original-wdp_36c0e7fe-6fc0-4ee4-8ba6-c42268343d6a.png,,,,,5.90,0.00,1,G,36,IN,3,3,3,,,,
,,RL-1000-1,Unisex,Title,Default Title,,,,,,,,,,5.90,0.00,1,G,36,IN,3,3,3,,,Royal Lifestyle,Classic Original WDP
Blue Ice Slim AW,"Royal Lifestyle Blue Ice überrascht dich mit einem leckeren Blaubeerengeschmack und einem hauch von coolen kaltem Menthol, was ihn zu einer guten Variante für Geniesser macht.",Blue Ice Slim AW,Unisex,,,,,,,https://cdn.shopify.com/s/files/1/0072/0646/9679/files/royal-lifestyle-blue-iceaw_8f7fe7fe-24fb-48e8-b468-7e1ce7c9ed18.png,,,,,5.90,0.00,1,G,1,IN,3,3,3,,,,
,,RL-7010-1,Unisex,Title,Default Title,,,,,,,,,,5.90,0.00,1,G,1,IN,3,3,3,,,Royal Lifestyle,Blue Ice Slim AW
Witty Spearmint AW,"<p><span>Erlebe mit dem VELO Witty Spearmint AW eine erfrischende Neuheit! Der altbekannte Velo Mint AW wurde aufgewertet und erstrahlt nun unter dem neuen Design. </span></p>
<p>Auf aromatisierter Zellulosebasis und völlig frei von Tabak kommen auch die LYFT Beutel im Slim Format. Ohne Tabak bedeutet ohne gewöhnungsbedürftigen Tabakgeruch sowie ohne jegliche Tabakschadstoffe - aktuell gibt es weltweit keine weniger schädliche Art, Nikotin zu konsumieren. All White Snus / Nicotine Pouches bietet sich deshalb vor allem Rauchern an, welche mit Rauchentwöhnung wie Nikotinpflaster, Nikotinkaugummi oder Nikotinspray nichts anfangen können.<br></p>
<div class=""info"">
<div class=""info"">
<div class=""item flex"">
<div class=""title"">
<p>Der Velo Witty Spearmint kommt mit kühlendem Minzgeschmack und gemässigtem Nikotingehalt. Der klassische Minze Snus von VELO im Slim Format.</p>
<p><span>EPOK, LYFT oder VELO? </span><a href=""https://snushus.ch/blogs/snusbuch/epok-und-lyft-werden-ersetzt-mit-velo"">Hier findest Du alle Informationen zu diesem Thema!</a></p>
</div>
</div>
</div>
</div>",Witty Spearmint AW,Unisex,,,,,,,https://cdn.shopify.com/s/files/1/0072/0646/9679/files/Velo-Witty-Spearmint-2.png,https://cdn.shopify.com/s/files/1/0072/0646/9679/files/VeloWittySpearmint_bff6eb2f-e277-4438-9d39-ed9d72e44cee.png,,,,5.20,,1,G,14,IN,3,3,3,,,,
,,VE-7005-1,Unisex,Title,Default Title,,,,,,,,,,5.20,,1,G,14,IN,3,3,3,,,VELO (SE),Witty Spearmint AW
Africaine Bentchikou,<span>Makla Kautabake werden alle ohne künstliche Aroma- und Zusatzstoffe nach traditionellen Rezepturen hergestellt. Nimm mit den Fingern eine Portion heraus und kneten es zu einer kleinen Kugel. Platziere die Kugel dann unter Deiner Oberlippe. Der Makla Kautabak entfaltet seine volle Wirkung nach ca. 15 bis 60 Minuten. </span><br>,Africaine Bentchikou,Unisex,,,,,,,https://cdn.shopify.com/s/files/1/0072/0646/9679/products/Makla_Africaine_Bentchikousized.png,,,,,5.00,0.00,1,G,30000,IN,3,3,3,,,,
,,MA-1000-1,Unisex,Title,Default Title,,,,,,,,,,5.00,0.00,1,G,30000,IN,3,3,3,,,Makla,Africaine Bentchikou
Mini Spiffy Spearmint AW,"<p><span>Erlebe mit dem VELO Mini Spiffy Spearmint AW eine erfrischende Neuheit! Der altbekannte Velo Mini Easy Mint AW wurde aufgewertet und erstrahlt nun unter dem neuen Design. </span></p>
<p>Auf aromatisierter Zellulosebasis und völlig frei von Tabak kommen die VELO Beutel neu auch im Mini Format. Ohne Tabak bedeutet ohne gewöhnungsbedürftigen Tabakgeruch sowie ohne jegliche Tabakschadstoffe - aktuell gibt es weltweit keine weniger schädliche Art, Nikotin zu konsumieren. All White Snus / Nicotine Pouches bietet sich deshalb vor allem Rauchern an, welche mit Rauchentwöhnung wie Nikotinpflaster, Nikotinkaugummi oder Nikotinspray nichts anfangen können.<br></p>
<div class=""info"">
<div class=""info"">
<div class=""item flex"">
<div class=""title"">
<p>Der VELO Mini Spiffy Spearmint kommt mit süssem Minzgeschmack und tiefem Nikotingehalt.</p>
<p><span>EPOK, LYFT oder VELO? </span><a href=""https://snushus.ch/blogs/snusbuch/epok-und-lyft-werden-ersetzt-mit-velo"">Hier findest Du alle Informationen zu diesem Thema!</a></p>
</div>
</div>
</div>
</div>",Mini Spiffy Spearmint AW,Unisex,,,,,,,https://cdn.shopify.com/s/files/1/0072/0646/9679/files/Velo-Spiffy-spearmint-mini.png,https://cdn.shopify.com/s/files/1/0072/0646/9679/files/velo-spiffy-spearmint-mini1_e1acc026-45e5-4398-a4d0-68ba67917afb.png,,,,5.20,,1,G,10,IN,3,3,3,,,,
,,VE-9005-1,Unisex,Title,Default Title,,,,,,,,,,5.20,,1,G,10,IN,3,3,3,,,VELO (SE),Mini Spiffy Spearmint AW
BERRY AW,"<p class=""MsoNormal""><span lang=""DE-AT"" style=""mso-ansi-language: DE-AT;"">Bist du es leid, immer das Gleiche zu haben? Dann gönn dir doch mal etwas Besonderes mit edel BERRY. Diese Mischung aus köstlichen Waldbeeren und 10 mg/g Nikotin wird deine Sinne verzaubern und ist auch für Neueinsteiger geeignet. Erlebe einen neuen Geschmackshorizont!</span><span lang=""DE"" style=""mso-ansi-language: DE;""></span></p>",BERRY AW,Unisex,,,,,,,https://cdn.shopify.com/s/files/1/0072/0646/9679/files/edelsnus_PP_Top_Berry_wo_Shadow.png,,,,,5.90,0.00,1,G,14000,IN,3,3,3,,,,
,,ED-4010-1,Unisex,Title,Default Title,,,,,,,,,,5.90,0.00,1,G,14000,IN,3,3,3,,,edel,BERRY AW
MINT AW,"<p class=""MsoNormal""><span lang=""DE-AT"" style=""mso-ansi-language: DE-AT;"">Entdecke den neuen Standard von Frische – edel MINT mit einem Hauch von Minze. Der wohl beliebteste Snus-Geschmack ist jetzt auch mit reduziertem Nikotingehalt erhältlich! Mit nur 10 mg/g Nikotin ist der edel MINT der ideale Begleiter für deinen Alltag. Gönn dir einen Moment der Erfrischung, wann immer du willst!</span><span lang=""DE"" style=""mso-ansi-language: DE;""></span></p>",MINT AW,Unisex,,,,,,,https://cdn.shopify.com/s/files/1/0072/0646/9679/files/edelsnus_PP_Top_Mint_wo_Shadow.png,,,,,5.90,0.00,1,G,1,IN,3,3,3,,,,
,,ED-7010-1,Unisex,Title,Default Title,,,,,,,,,,5.90,0.00,1,G,1,IN,3,3,3,,,edel,MINT AW
No.5 Ice Tea Peach AW,"<p>Entdecke Après No.5 Ice Tea Peach All White Slim – Dein köstlicher Begleiter für ein leichtes und erfrischendes Nikotinerlebnis. Mit einem Nikotingehalt von 8 mg/g und einer Stärke von 2/5 bietet Dir dieser Snus eine sanfte und langanhaltende Wirkung. Die Slim Pouches sind ideal für den diskreten und komfortablen Genuss.</p>
<p>Après No.5 Ice Tea Peach ist ein Genuss für die Sinne. Der Geschmack von süssem Pfirsich und einem Hauch von schwarzem Tee sorgt für ein vollmundiges Eistee-Erlebnis. Es ist fast so, als hättest Du eine grosse Karaffe Eistee direkt in einen weichen kleinen Beutel gegossen.</p>",No.5 Ice Tea Peach AW,Unisex,,,,,,,https://cdn.shopify.com/s/files/1/0072/0646/9679/files/apres-no-5-ice-tea-peach-aw-2023.png,,,,,5.20,0.00,1,G,1,IN,3,3,3,,,,
,,AP-5005-1,Unisex,Title,Default Title,,,,,,,,,,5.20,0.00,1,G,1,IN,3,3,3,,,Après,No.5 Ice Tea Peach AW
Blushy Berry AW,"<p>Erlebe die erfrischende Neuheit mit <a href=""https://snushus.ch/collections/velo-snus"">VELO</a> Blushy Berry All White – Dein perfekter Begleiter für ein sanftes und fruchtiges Nikotinerlebnis. Mit einem köstlichen Erdbeergeschmack und einem Nikotingehalt von 8 mg/g bietet Dir dieser Snus eine angenehme und langanhaltende Wirkung. Die Dose enthälten 14g Tabakersatz in Form von Slim Beuteln.</p>
<p><strong>Der altbekannte Velo Ruby Berry All White </strong>wurde aufgewertet und erstrahlt nun unter dem neuen Design als VELO Blushy Berry AW. Auf aromatisierter Zellulosebasis und völlig frei von Tabak kommen auch die VELO Beutel im Slim Format. Ohne Tabak bedeutet ohne gewöhnungsbedürftigen Tabakgeruch sowie ohne jegliche Tabakschadstoffe – weltweit gibt es aktuell keine weniger schädliche Art, Nikotin zu konsumieren.</p>
<p>All White Snus / Nicotine Pouches sind besonders für Raucher geeignet, die mit herkömmlichen Methoden zur Rauchentwöhnung wie Nikotinpflastern, Nikotinkaugummis oder Nikotinsprays nichts anfangen können. Der VELO Blushy Berry AW bietet einen süssen Erdbeergeschmack und kommt, wie alle VELO Produkte, in Slim-Beuteln komplett ohne Tabak.</p>
<p>Geniesse den Geschmack von süssen Erdbeeren und die Vorteile eines tabakfreien Nikotinerlebnisses mit VELO Blushy Berry AW. Bestelle jetzt online und entdecke, warum VELO die bevorzugte Wahl für Snus-Liebhaber ist. Gönn Dir diesen fruchtigen Genuss und bringe Frische in Deinen Alltag!</p>
<div class=""info"">
<div class=""info"">
<div class=""item flex"">
<div class=""title"">
<p><span>EPOK, LYFT oder VELO? </span><a href=""https://snushus.ch/blogs/snusbuch/epok-und-lyft-werden-ersetzt-mit-velo"">Hier findest Du alle Informationen zu diesem Thema!</a></p>
</div>
</div>
</div>
</div>",Blushy Berry AW,Unisex,,,,,,,https://cdn.shopify.com/s/files/1/0072/0646/9679/files/Velo-Blushy-Berry-bameminghongFlame.png,,,,,5.20,0.00,1,G,14,IN,3,3,3,,,,
,,VE-1105-1,Unisex,Title,Default Title,,,,,,,,,,5.20,0.00,1,G,14,IN,3,3,3,,,VELO (SE),Blushy Berry AW
Zesty Elderflower AW,"<p>Erlebe <a href=""https://snushus.ch/collections/velo-snus"">VELO</a>  Zesty Elderflower AW – Dein frischer Begleiter für ein angenehmes Nikotinerlebnis. Mit einem erfrischenden Geschmack von Holunderblüten und Limetten bietet Dir dieser Snus eine ausgewogene Stärke von 3/5 und 10 mg/g Nikotin. Die 14g Dose umfasst insgesamt 20 Slim Beutel, die für ein langanhaltendes Vergnügen sorgen.</p>
<p>Auf aromatisierter Zellulosebasis und völlig frei von Tabak kommen auch die VELO Beutel im Slim Format. Das bedeutet: kein Tabakgeruch und keine Tabakschadstoffe – derzeit gibt es weltweit keine weniger schädliche Art, Nikotin zu konsumieren. All White Snus / Nicotine Pouches sind besonders für Raucher geeignet, die mit traditionellen Rauchentwöhnungsmethoden wie Nikotinpflastern, -kaugummis oder -sprays wenig Erfolg haben.</p>
<p><strong>der altbekannte VELO Elderflower Spritz wird zu VELO Zesty Elderflower. Er bietet Dir einen erfrischenden Geschmack, der an den beliebten VELO Hugo AW erinnert</strong>.</p>
<p>  Die Kombination aus Holunderblüten und Limetten schafft ein einzigartiges Aroma, das Deine Sinne belebt und erfrischt. Diese Nikotinbeutel sind perfekt für den täglichen Gebrauch und bieten Dir eine diskrete und praktische Möglichkeit, Nikotin zu geniessen.</p>
<p>Bestelle jetzt Deinen VELO Zesty Elderflower AW online und entdecke die perfekte Balance aus Geschmack und Stärke. Gönn Dir diesen erfrischenden Genuss und erlebe, warum VELO die bevorzugte Wahl für Snus-Liebhaber ist!</p>
<p><a href=""https://snushus.ch/blogs/snusbuch/epok-und-lyft-werden-ersetzt-mit-velo"">EPOK, LYFT oder VELO? Hier findest Du alle Informationen zu diesem Thema!</a></p>",Zesty Elderflower AW,Unisex,,,,,,,https://cdn.shopify.com/s/files/1/0072/0646/9679/files/velo-zesty-elderflower-3.png,,,,,5.20,0.00,1,G,14,IN,3,3,3,,,,
,,VE-5005-1,Unisex,Title,Default Title,,,,,,,,,,5.20,0.00,1,G,14,IN,3,3,3,,,VELO (SE),Zesty Elderflower AW
Original Portion,"<meta charset=""utf-8"">
<div class=""item flex"">
<div class=""title""></div>
</div>
<div class=""item flex"">
<div class=""info"">
<p>Göteborgs Rapé ist ein absoluter Klassiker aus Schweden und wird dort seit mehr als 100 Jahren hergestellt. Heller Tabakgeschmack mit Spuren von Citrus und Lavendel tragen zum unverwechselbaren Geschmack dieses Produkts bei. Als Original Portion ist dieser Snus feucht und erlaubt somit ein intensiveres Geschmackserlebnis.</p>
</div>
<div class=""info""></div>
</div>",Original Portion,Unisex,,,,,,,https://cdn.shopify.com/s/files/1/0072/0646/9679/files/Goeteborgs_rape_original_portion_sized.png,,,,,5.90,,1,G,30,IN,3,3,3,,,,
,,GR-1005-1,Unisex,Title,Default Title,,,,,,,,,,5.90,,1,G,30,IN,3,3,3,,,Göteborgs Rapé,Original Portion
No.4 Cola AW,"<p>Entdecke Après No.4 Cola All White Slim– Dein neuer Favorit für ein sanftes und erfrischendes Nikotinerlebnis. Mit einer Stärke von 2/5 und einem Nikotingehalt von 8 mg/g bietet Dir dieser Snus eine angenehme und langanhaltende Wirkung. Die Slim Beutel enthalten insgesamt 11g Tabakersatz pro Dose und sind ideal für diskreten und bequemen Genuss.</p>
<p>Après No.4 Cola AW Slim verspricht einen Geschmack, der die Nostalgie von Cola einfängt, wie wir sie alle kennen und lieben. Dieses sinnliche Erlebnis bietet Dir die perfekte Mischung aus vertrautem Cola-Geschmack und belebender Frische, ein Genuss, der am liebsten nie enden sollte.</p>
<p>Geniesse den nostalgischen Cola-Geschmack von Après No.4 Cola All White Slim und erlebe die perfekte Kombination aus Frische und Leichtigkeit. Bestelle jetzt online und entdecke Après für Dich.</p>",No.4 Cola AW,Unisex,,,,,,,https://cdn.shopify.com/s/files/1/0072/0646/9679/files/apres-no-4-cola-aw-2023.png,,,,,5.20,0.00,1,G,1,IN,3,3,3,,,,
,,AP-4005-1,Unisex,Title,Default Title,,,,,,,,,,5.20,0.00,1,G,1,IN,3,3,3,,,Après,No.4 Cola AW
LYCHEE AW,Empfindliche Gaumen aufgepasst: Hier kommt der LYCHEE! Der ausgewogene Geschmack nach Lychee mit einem Hauch von Rosenduft kombiniert mit 5mg/g Nikotin führt zu einer sanften Balance der Sinne - perfekt für Einsteiger.,LYCHEE AW,Unisex,,,,,,,https://cdn.shopify.com/s/files/1/0072/0646/9679/files/edel-snus-lychee-aw.png,,,,,6.90,0.00,1,G,1,IN,3,3,3,,,,
,,ED-8010-1,Unisex,Title,Default Title,,,,,,,,,,6.90,0.00,1,G,1,IN,3,3,3,,,edel,LYCHEE AW
No.2 Mint AW,"<p>Entdecke Après No.2 Mint All White Mint – Dein erfrischender Begleiter für ein leichtes und angenehmes Nikotinerlebnis. Mit einer Stärke von 2/5 und einem Nikotingehalt von 8 mg/g bietet Dir dieser Snus eine sanfte und wohltuende Wirkung. Der frische Minzgeschmack sorgt für ein süsses und belebendes Aroma, das Deine Sinne erfrischt.</p>
<p>Après No.2 Mint schmeckt so, wie eine Minze schmecken sollte – süss, frisch und mit einem Hauch Pfefferminze, der Dir ein anhaltendes Gefühl von Vitalität verleiht. Diese Kombination sorgt für ein langanhaltendes, erfrischendes Erlebnis, das perfekt für den täglichen Gebrauch geeignet ist.</p>
<p>Geniesse den frischen Minzgeschmack von Après No.2 Mint All White Mint und erlebe die perfekte Kombination aus Leichtigkeit und Frische. Bestelle jetzt online und entdecke, warum Après die bevorzugte Wahl für Snus-Liebhaber ist. Gönn Dir diesen erfrischenden und vitalisierenden Genuss und bringe neue Frische in Deinen Alltag!</p>
<!---->",No.2 Mint AW,Unisex,,,,,,,https://cdn.shopify.com/s/files/1/0072/0646/9679/files/apres-no-2-mint-aw.png,,,,,5.20,,1,G,1,IN,3,3,3,,,,
,,AP-2005-1,Unisex,Title,Default Title,,,,,,,,,,5.20,,1,G,1,IN,3,3,3,,,Après,No.2 Mint AW
Super White Fresh Mint No.52 AW,"<meta charset=""utf-8"">
<div class=""item flex"">
<div class=""title""></div>
</div>
<div class=""item flex"">
<div class=""info"">
<p>Auf aromatisierter Zellulosebasis und völlig frei von Tabak kommen auch die Skruf Super White Beutel im Slim Format. Ohne Tabak bedeutet ohne gewöhnungsbedürftigen Tabakgeruch sowie ohne jegliche Tabakschadstoffe - aktuell gibt es weltweit keine weniger schädliche Art, Nikotin zu konsumieren. All White Snus / Nicotine Pouches bietet sich deshalb vor allem Rauchern an, welche mit Rauchentwöhnung wie Nikotinpflaster, Nikotinkaugummi oder Nikotinspray nichts anfangen können.</p>
<div class=""info"">
<p> </p>
<p>Der Skruf Super White Fresh #2 schmeckt nach frischer Minze und gleich wie der Skruf Super White Fresh #4 - einfach mit weniger Nikotin.</p>
</div>
<div class=""info"">
<div class=""info"">
<div class=""item flex"">
<div class=""title""><br></div>
</div>
</div>
</div>
</div>
<div class=""info"">
<div class=""info"">
<div class=""item flex"">
<div class=""title""><br></div>
<div class=""title"">
<span><span>Der Artikel erscheint in einem neuen Design, hat jedoch die selbe Rezeptur wie der alt bekannte Super White Fresh #2 AW</span></span>
<div class=""Polaris-Header-Title__TitleMetadata_19y17""></div>
</div>
</div>
</div>
</div>
</div>",Super White Fresh Mint No.52 AW,Unisex,,,,,,,https://cdn.shopify.com/s/files/1/0072/0646/9679/products/SuperWhiteSlimFresh_2.png,,,,,5.20,,1,G,30,IN,3,3,3,,,,
,,SK-1105-1,Unisex,Title,Default Title,,,,,,,,,,5.20,,1,G,30,IN,3,3,3,,,Skruf,Super White Fresh Mint No.52 AW
No.3 Lemon Curd AW,"<p>Erlebe Après No.3 Lemon Curd All White – Dein erfrischender Begleiter für ein sanftes und belebendes Nikotinerlebnis. Mit einem Nikotingehalt von 8 mg/g und einer Stärke von 2/5 bietet Dir dieser Snus eine angenehme und langanhaltende Wirkung. Die 20 Slim Beutel enthalten insgesamt 11g Tabakersatz und sorgen für einen diskreten und komfortablen Genuss.</p>
<p>Après No.3 Lemon Curd AW wurde entwickelt, um das Gefühl einer frisch gepflückten Zitrone aus den Feldern Argentiniens einzufangen. Der intensive, frische Duft beim Öffnen der Dose sorgt für eine sensorische Explosion und bietet Dir die perfekte Mischung aus süss und sauer.</p>
<p>Geniesse den erfrischenden Zitronengeschmack von Après No.3 Lemon Curd All White. Gönn Dir diesen spritzigen und belebenden Genuss und bringe neue Frische in Deinen Alltag!</p>",No.3 Lemon Curd AW,Unisex,,,,,,,https://cdn.shopify.com/s/files/1/0072/0646/9679/files/apres-no-3-lemon-curd-aw-2023.png,,,,,5.20,0.00,1,G,1,IN,3,3,3,,,,
,,AP-3005-1,Unisex,Title,Default Title,,,,,,,,,,5.20,0.00,1,G,1,IN,3,3,3,,,Après,No.3 Lemon Curd AW
4.0,"<p><span data-mce-fragment=""1"">Feier das 40-jährige Jubiläum mit der Special Edition von Makla - Makla 4.0! Hergestellt aus sonnengetrockneten Rustica Tabakblättern, bietet der Tabak </span><span data-mce-fragment=""1"">einen milden, aber dennoch kraftvollen Kick. Entdecke die einzigartige Kombination aus Qualität und Tradition.</span></p>",4.0,Unisex,,,,,,,https://cdn.shopify.com/s/files/1/0072/0646/9679/files/makla-4.0.png,,,,,5.90,0.00,1,G,1,IN,3,3,3,,,,
,,MA-3000-1,Unisex,Title,Default Title,,,,,,,,,,5.90,0.00,1,G,1,IN,3,3,3,,,Makla,4.0
Super White Indigo Berry No.62 AW,"<meta charset=""utf-8"">
<div class=""item flex"">
<div class=""title""><br></div>
</div>
<div class=""item flex"">
<div class=""info"">
<p><span></span><span>Auf aromatisierter Zellulosebasis und völlig frei von Tabak kommen auch die Skruf Super White Beutel im Slim Format. Ohne Tabak bedeutet ohne gewöhnungsbedürftigen Tabakgeruch sowie ohne jegliche Tabakschadstoffe - aktuell gibt es weltweit keine weniger schädliche Art, Nikotin zu konsumieren. All White Snus / Nicotine Pouches bietet sich deshalb vor allem Rauchern an, welche mit Rauchentwöhnung wie Nikotinpflaster, Nikotinkaugummi oder Nikotinspray nichts anfangen können.<br></span></p>
<p> </p>
<p>Der Skruf Super White Blackberry schmeckt nach süsser Brombeere und hat einen durchschnittlichen Nikotingehalt.</p>
</div>
<div class=""info"">
<div class=""info"">
<div class=""item flex"">
<div class=""title""><br></div>
<div class=""title""><br></div>
</div>
</div>
</div>
</div>",Super White Indigo Berry No.62 AW,Unisex,,,,,,,https://cdn.shopify.com/s/files/1/0072/0646/9679/products/skruf-indigo-berry-no-62-sized.png,,,,,5.20,,1,G,30,IN,3,3,3,,,,
,,SK-3005-1,Unisex,Title,Default Title,,,,,,,,,,5.20,,1,G,30,IN,3,3,3,,,Skruf,Super White Indigo Berry No.62 AW
Ifrikia,"<p><span data-mce-fragment=""1"">Entdecke den köstlichen Makla Ifrikia mit einem Nikotingehalt von 11mg/g. Geniesse den Geschmack von Rauem Tabak in der praktischen 20g Dose. </span></p>
<p><span data-mce-fragment=""1"">Hol Dir jetzt den einzigartigen Genuss von Makla Ifrikia!</span></p>",Ifrikia,Unisex,,,,,,,https://cdn.shopify.com/s/files/1/0072/0646/9679/files/Makla_IFRIKIAsized2024.png,,,,,5.00,0.00,1,G,20,IN,3,3,3,,,,
,,MA-4005-1,Unisex,Title,Default Title,,,,,,,,,,5.00,0.00,1,G,20,IN,3,3,3,,,Makla,Ifrikia
No.5 Ice Tea Peach AW Mini,"<p>Entdecke Après No.5 Ice Tea Peach All White Mini – Dein köstlicher Begleiter für ein leichtes und erfrischendes Nikotinerlebnis. Mit einem Nikotingehalt von 8 mg/g und einer Stärke von 2/5 bietet Dir dieser Snus eine sanfte und langanhaltende Wirkung. Die Mini Pouches sind ideal für den diskreten und komfortablen Genuss.</p>
<p>Après No.5 Ice Tea Peach Mini ist ein Genuss für die Sinne. Der Geschmack von süssem Pfirsich und einem Hauch von schwarzem Tee sorgt für ein vollmundiges Eistee-Erlebnis. Es ist fast so, als hättest Du eine grosse Karaffe Eistee direkt in einen weichen kleinen Beutel gegossen.</p>",No.5 Ice Tea Peach AW Mini,Unisex,,,,,,,https://cdn.shopify.com/s/files/1/0072/0646/9679/files/apres-no-5-ice-tea-peach-mini-aw.png,,,,,5.20,,1,G,26000,IN,3,3,3,,,,
,,AP-5015-1,Unisex,Title,Default Title,,,,,,,,,,5.20,,1,G,26000,IN,3,3,3,,,Après,No.5 Ice Tea Peach AW Mini
No.9 Cactus Lime AW,"<p>Entdecke Après No.9 Cactus Lime All White Slim – Dein erfrischender Begleiter für ein leichtes und belebendes Nikotinerlebnis. Mit einer Stärke von 2/5 und einem Nikotingehalt von 8 mg/g bietet Dir dieser Snus eine sanfte und langanhaltende Wirkung. Die Slim Beutel sorgen für einen diskreten und komfortablen Genuss.</p>
<p>Après No.9 Cactus Lime ist eine einzigartige Mischung aus zwei besonderen Aromen – Kaktus und Limette. Diese Kombination schafft eine perfekte Harmonie zwischen der Trockenheit der Wüste und der Feuchtigkeit des tropischen Waldes. Das Geschmackserlebnis ist unvergleichlich und wird in einem weichen, kleinen Beutel geliefert, der sich perfekt für den täglichen Gebrauch eignet.</p>",No.9 Cactus Lime AW,Unisex,,,,,,,https://cdn.shopify.com/s/files/1/0072/0646/9679/files/apres-no-9-cactus-lime-aw.png,,,,,5.20,0.00,1,G,1,IN,3,3,3,,,,
,,AP-6005-1,Unisex,Title,Default Title,,,,,,,,,,5.20,0.00,1,G,1,IN,3,3,3,,,Après,No.9 Cactus Lime AW
Wild Lavender AW,"<p>Auf aromatisierter Zellulosebasis und völlig frei von Tabak kommen auch die VELO Beutel im Slim Format. Ohne Tabak bedeutet ohne gewöhnungsbedürftigen Tabakgeruch sowie ohne jegliche Tabakschadstoffe - aktuell gibt es weltweit keine weniger schädliche Art, Nikotin zu konsumieren. All White Snus / Nicotine Pouches bietet sich deshalb vor allem Rauchern an, welche mit Rauchentwöhnung wie Nikotinpflaster, Nikotinkaugummi oder Nikotinspray nichts anfangen können.</p>
<p>VELO Wild Lavendel Limited Edition. Inspiriert von Wildblumenfeldern und voll von der krautigen Rundheit des Lavendels.<br data-mce-fragment=""1""><br data-mce-fragment=""1"">EPOK, LYFT oder VELO? Hier findest Du alle Informationen zu diesem Thema!</p>",Wild Lavender AW,Unisex,,,,,,,https://cdn.shopify.com/s/files/1/0072/0646/9679/files/velo-wild-lavender-strong-aw.png,,,,,5.20,0.00,1,G,14,IN,3,3,3,,,,
,,VE-1905-1,Unisex,Title,Default Title,,,,,,,,,,5.20,0.00,1,G,14,IN,3,3,3,,,VELO (SE),Wild Lavender AW
Spicy Pineapple AW,"<p>Auf aromatisierter Zellulosebasis und völlig frei von Tabak kommen auch die VELO Beutel im Slim Format. Ohne Tabak bedeutet ohne gewöhnungsbedürftigen Tabakgeruch sowie ohne jegliche Tabakschadstoffe - aktuell gibt es weltweit keine weniger schädliche Art, Nikotin zu konsumieren. All White Snus / Nicotine Pouches bietet sich deshalb vor allem Rauchern an, welche mit Rauchentwöhnung wie Nikotinpflaster, Nikotinkaugummi oder Nikotinspray nichts anfangen können.<br></p>
<p>VELO Spicy Pineapple ist die Geschmacksrichtung mit einem Hauch von feurig-scharfem Chili, der der Süsse der Ananas eine besondere Note verleiht.<br data-mce-fragment=""1""><br data-mce-fragment=""1"">EPOK, LYFT oder VELO? Hier findest Du alle Informationen zu diesem Thema!</p>",Spicy Pineapple AW,Unisex,,,,,,,https://cdn.shopify.com/s/files/1/0072/0646/9679/files/velo-spicy-pineapple-strong-aw.png,,,,,5.20,0.00,1,G,14,IN,3,3,3,,,,
,,VE-3005-1,Unisex,Title,Default Title,,,,,,,,,,5.20,0.00,1,G,14,IN,3,3,3,,,VELO (SE),Spicy Pineapple AW
Cold Portion OP,"<meta charset=""utf-8"">
<div class=""item flex"">
<div class=""title""></div>
</div>
<div class=""item flex"">
<div class=""info"">
<p>Der Odens Cold bietet, wie der Name es bereits sagt, ein kaltes Gefühl. Der Tabak wird optimal mit dem Minzgeschmack ausgeglichen und mit seinen 9 mg/g Nikotin zählt dieser <a href=""https://snushus.ch/collections/original-portion"">Original Portion</a> Snus, zu den schwachen Sorten der Marke <a href=""https://snushus.ch/collections/odens"">Oden's</a>.</p>
</div>
<div class=""info""></div>
<div class=""info"">
<div class=""info"">
<div class=""item flex""></div>
</div>
</div>
</div>",Cold Portion OP,Unisex,,,,,,,https://cdn.shopify.com/s/files/1/0072/0646/9679/products/1636397421938446_odens-cold-portion.jpg,,,,,4.80,0.00,1,G,1,IN,3,3,3,,,,
,,OD-1105-1,Unisex,Title,Default Title,,,,,,,,,,4.80,0.00,1,G,1,IN,3,3,3,,,Oden's,Cold Portion OP
No.7 Very Berry AW,"<p>Entdecke Après No.7 Very Berry All White – Dein fruchtiger Begleiter für ein leichtes und erfrischendes Nikotinerlebnis. Mit einer Stärke von 2/5 und einem Nikotingehalt von 8 mg/g bietet Dir dieser Snus eine angenehme und langanhaltende Wirkung. Der köstliche Beerengeschmack sorgt für ein erfrischendes und fruchtiges Aroma, das Deine Sinne belebt.</p>
<p>Geniesse den einzigartigen Geschmack von No.7 Very Berry. Die aromatische Mischung aus verschiedenen Beerennoten verleiht Dir ein unvergleichliches Geschmackserlebnis. Lass Dich vom fruchtigen Aroma verzaubern und erlebe eine neue Art des tabakfreien Nikotingenusses.</p>
<p>Bestelle jetzt Deinen Après No.7 Very Berry All White online und entdecke die perfekte Kombination aus Frische und Fruchtigkeit. Erfahre, warum Après die bevorzugte Wahl für Snus-Liebhaber ist. Gönn Dir diesen erfrischenden und belebenden Genuss und bringe neue Frische in Deinen Alltag!</p>",No.7 Very Berry AW,Unisex,,,,,,,https://cdn.shopify.com/s/files/1/0072/0646/9679/files/apres-no-7-Very-Berry-aw.png,,,,,5.20,0.00,1,G,13,IN,3,3,3,,,,
,,AP-1105-1,Unisex,Title,Default Title,,,,,,,,,,5.20,0.00,1,G,13,IN,3,3,3,,,Après,No.7 Very Berry AW
No.4 Après Cola AW Mini,"<p>Entdecke Après No.4 Cola All White Mini – Dein neuer Favorit für ein sanftes und erfrischendes Nikotinerlebnis. Mit einer Stärke von 2/5 und einem Nikotingehalt von 8 mg/g bietet Dir dieser Snus eine angenehme und langanhaltende Wirkung. Die Mini Beutel enthalten insgesamt 8g Tabakersatz pro Dose und sind ideal für diskreten und bequemen Genuss.</p>
<p>Après No.4 Cola Mini verspricht einen Geschmack, der die Nostalgie von Cola einfängt, wie wir sie alle kennen und lieben. Dieses sinnliche Erlebnis bietet Dir die perfekte Mischung aus vertrautem Cola-Geschmack und belebender Frische, ein Genuss, der am liebsten nie enden sollte.</p>
<p>Geniesse den nostalgischen Cola-Geschmack von Après No.4 Cola All White Mini und erlebe die perfekte Kombination aus Frische und Leichtigkeit. Bestelle jetzt online und entdecke Après für Dich.</p>",No.4 Après Cola AW Mini,Unisex,,,,,,,https://cdn.shopify.com/s/files/1/0072/0646/9679/files/apres-no-4-cola-mini-aw.png,,,,,5.20,0.00,1,G,26000,IN,3,3,3,,,,
,,AP-4015-1,Unisex,Title,Default Title,,,,,,,,,,5.20,0.00,1,G,26000,IN,3,3,3,,,Après,No.4 Après Cola AW Mini
No.6 Appletini AW,"<p>Entdecke Après No.6 Appletini All White – Dein idealer Begleiter für ein erfrischendes und sanftes Nikotinerlebnis. Mit einer Stärke von 2/5 und einem Nikotingehalt von 8 mg/g bietet Dir dieser Snus eine angenehme und langanhaltende Wirkung.</p>
<p>Gib Deiner Nacht einen Cocktail-Kick mit Appletini von Après. Geniesse den unglaublichen Geschmack saftiger Äpfel und probiere den knackigen und fruchtig-kräftigen Extrakt. Dieses erfrischende Aroma sorgt dafür, dass Deine Nacht zu einem unvergesslichen Erlebnis wird!</p>
<p>Geniesse den fruchtigen Apfelgeschmack von Après No.6 Appletini All White und erlebe die perfekte Kombination aus Frische und Leichtigkeit. Gönn Dir diesen spritzigen und belebenden Genuss.</p>",No.6 Appletini AW,Unisex,,,,,,,https://cdn.shopify.com/s/files/1/0072/0646/9679/files/apres-no-6-appletini-extra-strong-aw.png,,,,,5.20,,1,G,1,IN,3,3,3,,,,
,,AP-9105-1,Unisex,Title,Default Title,,,,,,,,,,5.20,,1,G,1,IN,3,3,3,,,Après,No.6 Appletini AW
Lemon WP,"<meta charset=""utf-8"">
<div class=""item flex"">
<div class=""title""></div>
</div>
<div class=""item flex"">
<div class=""info"">
<p>GN Tobacco kann auch anders! Mit dem Oden's Lemon White Portion wird der Tabak ausgezeichnet mit einem Citrus-Aroma vermischt. Das Produkt kommt mit 9 mg/g Nikotin in normalgrossen Portionen.</p>
</div>
<div class=""info""></div>
<div class=""info"">
<div class=""info"">
<div class=""item flex""></div>
</div>
</div>
</div>",Lemon WP,Unisex,,,,,,,https://cdn.shopify.com/s/files/1/0072/0646/9679/products/odens-lemon-white-portion.png,,,,,4.80,0.00,1,G,1,IN,3,3,3,,,,
,,OD-8005-1,Unisex,Title,Default Title,,,,,,,,,,4.80,0.00,1,G,1,IN,3,3,3,,,Oden's,Lemon WP
No.8 Raspberry Liqorice AW,"<p>Entdecke Après No.8 Raspberry-Liquorice All White Slim – Dein starker Begleiter für ein einzigartiges und belebendes Nikotinerlebnis. Mit einem Nikotingehalt von 8 mg/g und einer Stärke von 3/5 bietet Dir dieser Snus eine kraftvolle und langanhaltende Wirkung. Die 20 Slim Beutel sorgen für einen diskreten und komfortablen Genuss.</p>
<p>Après No.8 Himbeer-Lakritz vereint die bewährte Geschmackskombination aus süssen Himbeeren und würzigem Lakritz. Dieses harmonische Zusammenspiel verleiht Dir ein unvergleichliches Geschmackserlebnis.</p>
<p>Geniesse die perfekte Balance aus Himbeeren und Lakritz mit Après No.8 Himbeer-Lakritz und erlebe die Vorteile eines tabakfreien Nikotinerlebnisses. </p>",No.8 Raspberry Liqorice AW,Unisex,,,,,,,https://cdn.shopify.com/s/files/1/0072/0646/9679/files/apres-no-8-Raspberry-Liqorice-aw_479f4086-edc1-4843-87e3-fec337a346d2.png,,,,,5.20,0.00,1,G,26000,IN,3,3,3,,,,
,,AP-8005-1,Unisex,Title,Default Title,,,,,,,,,,5.20,0.00,1,G,26000,IN,3,3,3,,,Après,No.8 Raspberry Liqorice AW
Loose,"<p><span data-mce-fragment=""1""><strong><a href=""https://snushus.ch/collections/ettan"">Ettan</a> </strong>ist Tradition und eine der ältesten Snusmarken Schwedens. Das Rezept wurde seit 1822 im Grossen und Ganzen nicht verändert. Der traditionelle Tabak-Geschmack ist hier etwas milder, weshalb die rauchigen Aromen gut zur Geltung kommen, des Weiteren können Einschläge von Heu, Teer, Malz und auch ein Hauch dunkler Schokolade erahnt werden. </span></p>
<p><span data-mce-fragment=""1"">Bestelle jetzt den klassischen Ettan <strong><a href=""https://snushus.ch/collections/loose"">Loose Snus</a></strong> bei uns – den ältesten Snus auf dem Markt! Geniesse den einzigartigen Tabak Geschmack und das intensive Aroma. Lasse Dich von ihm begeistern!</span></p>
<p><br></p>",Loose,Unisex,,,,,,,https://cdn.shopify.com/s/files/1/0072/0646/9679/files/ettan-loose.png,,,,,5.90,0.00,1,G,1,IN,3,3,3,,,,
,,ET-1105-1,Unisex,Title,Default Title,,,,,,,,,,5.90,0.00,1,G,1,IN,3,3,3,,,Ettan,Loose
No.1 Menthol AW Mini,"<p>Entdecke <a href=""https://snushus.ch/collections/apres-snus"">Après</a> No.1 Menthol All White Mini – Dein erfrischender Begleiter für ein sanftes und belebendes Nikotinerlebnis. Mit einer Stärke von 1/5 und einem Nikotingehalt von 8 mg/g bietet Dir dieser Snus eine leichte und langanhaltende Wirkung. Die Mini Beutel sind ideal für diskreten und komfortablen Genuss, jede Dose enthält 8g Tabakersatz.</p>
<p>Après No.1 Menthol Mini ist genau das, wonach Du suchst – ein erfrischendes Mentholerlebnis, das ein frisches Gefühl auf den Lippen hinterlässt. Klappe den Deckel auf, lehne Dich zurück und geniesse die Kraft der Zermatter Bergwelt. Die einzigartige Kombination aus Menthol und dem praktischen Mini-Format macht diesen Snus zur perfekten Wahl für jeden Moment.</p>
<p>Geniesse den erfrischenden Mentholgeschmack von Après No.1 Menthol All White Mini und erlebe die perfekte Kombination aus Leichtigkeit und Frische. Bestelle jetzt online und entdecke, warum Après die bevorzugte Wahl für Snus-Liebhaber ist. Gönn Dir diesen sanften und belebenden Genuss und bringe Frische in Deinen Alltag!</p>",No.1 Menthol AW Mini,Unisex,,,,,,,https://cdn.shopify.com/s/files/1/0072/0646/9679/files/apres-no-1-mentol-mini-aw.png,,,,,5.20,0.00,1,G,1,IN,3,3,3,,,,
,,AP-1015-1,Unisex,Title,Default Title,,,,,,,,,,5.20,0.00,1,G,1,IN,3,3,3,,,Après,No.1 Menthol AW Mini
No.8 Raspberry Liqorice AW Mini,"<p>Entdecke Après No.8 Raspberry-Liquorice AW Mini – Dein starker Begleiter für ein einzigartiges und belebendes Nikotinerlebnis. Mit einem Nikotingehalt von 8 mg/g und einer Stärke von 3/5 bietet Dir dieser Snus eine kraftvolle und langanhaltende Wirkung. Die 20 Slim Beutel sorgen für einen diskreten und komfortablen Genuss.</p>
<p>Après No.8 Himbeer-Lakritz vereint die bewährte Geschmackskombination aus süssen Himbeeren und würzigem Lakritz. Dieses harmonische Zusammenspiel verleiht Dir ein unvergleichliches Geschmackserlebnis.</p>
<p>Geniesse die perfekte Balance aus Himbeeren und Lakritz mit Après No.8 Himbeer-Lakritz und erlebe die Vorteile eines tabakfreien Nikotinerlebnisses. </p>
<div class=""info"">
<div class=""info"">
<div class=""item flex"">
<div class=""title""><br></div>
</div>
</div>
</div>",No.8 Raspberry Liqorice AW Mini,Unisex,,,,,,,https://cdn.shopify.com/s/files/1/0072/0646/9679/files/apres-no-8-Raspberry-Liqorice-mini-aw.png,,,,,5.20,0.00,1,G,26,IN,3,3,3,,,,
,,AP-8015-1,Unisex,Title,Default Title,,,,,,,,,,5.20,0.00,1,G,26,IN,3,3,3,,,Après,No.8 Raspberry Liqorice AW Mini
Mint WP,"<meta charset=""utf-8"">
<div class=""item flex"">
<div class=""title""></div>
</div>
<div class=""item flex"">
<div class=""info"">
<p>Oden's Mint White Portion besticht mit seiner Minz-Note, wobei der Tabak nicht zu kurz kommt. Ein White Portion Snus mit 9 mg/g Nikotin. </p>
</div>
<div class=""info""></div>
<div class=""info"">
<div class=""info"">
<div class=""item flex""></div>
</div>
</div>
</div>",Mint WP,Unisex,,,,,,,https://cdn.shopify.com/s/files/1/0072/0646/9679/products/odens-mint-white-portion.png,,,,,4.80,0.00,1,G,1,IN,3,3,3,,,,
,,OD-9005-1,Unisex,Title,Default Title,,,,,,,,,,4.80,0.00,1,G,1,IN,3,3,3,,,Oden's,Mint WP
Whip Alpine Mint AW Slim,<span>Nico Whip Alpine Mint Strong Nicotine Pouches schmecken frisch nach kühler alpinen Minze. Der hohe Nikotingehalt von 10 mg/g sorgt für ein kraftvollesGefühl. Die Füllung der bequemen Slim-Portionen besteht aus Pflanzenfasern und ist daher komplett tabakfrei. Zudem laufen die Nicotine Pouches kaum und schmecken so richtig lang. Die belebende Wirkung des Nikotins ist ebenfalls lange zu spüren.</span>,Whip Alpine Mint AW Slim,Unisex,,,,,,,https://cdn.shopify.com/s/files/1/0072/0646/9679/products/NICO_Whip_sized.jpg,,,,,5.20,0.00,1,G,16,IN,3,3,3,,,,
,,NI-2000-1,Unisex,Title,Default Title,,,,,,,,,,5.20,0.00,1,G,16,IN,3,3,3,,,Nico,Whip Alpine Mint AW Slim
SPEARMINT AW Mini,"<p class=""MsoNormal""><span lang=""DE-AT"" style=""mso-ansi-language: DE-AT;"">Mach dich bereit für das ultimative Frischeerlebnis mit den brandneuen Mini Pouches von edel! Der edel Spearmint Mini ist eine sorgfältig ausgewählte Kombination aus knackiger Frische und intensiver Minznote – dein perfekter Begleiter für jeden Moment, der nach einen Kick und Frische verlangt.</span><span lang=""DE"" style=""mso-ansi-language: DE;""></span></p>",SPEARMINT AW Mini,Unisex,,,,,,,https://cdn.shopify.com/s/files/1/0072/0646/9679/files/edelsnus_PP_Top_Spearmint-Mini_wo_Shadow_ec55fe19-f59c-459c-afd8-3219fed27915.png,,,,,5.90,,1,G,1,IN,3,3,3,,,,
,,ED-7110-1,Unisex,Title,Default Title,,,,,,,,,,5.90,,1,G,1,IN,3,3,3,,,edel,SPEARMINT AW Mini
Strong No.33 Loose,"Skruf Strong Loose Snus - Dies ist ein loser Snus mit einem sauberen und milden Tabakgeschmack. Der Geschmack hat einen Hauch von Bergamotte und Rosenöl. Um einen stärkeren Charakter zu erreichen, wurde ein größerer Anteil an Tabakblättern verwendet.<br data-mce-fragment=""1""><br data-mce-fragment=""1"">",Strong No.33 Loose,Unisex,,,,,,,https://cdn.shopify.com/s/files/1/0072/0646/9679/files/skruf-strong-loose-no33.png,,,,,5.90,0.00,1,G,42,IN,3,3,3,,,,
,,SK-9005-1,Unisex,Title,Default Title,,,,,,,,,,5.90,0.00,1,G,42,IN,3,3,3,,,Skruf,Strong No.33 Loose
Passion Fruit AW Slim,"Ein sonniges und saftiges Erlebnis mit einem süssen und attraktiven Geschmack. Das Passionsfrucht-Aroma ist von einem Hauch anderer exotischer Früchte umgeben, die den Geschmack anhaltend machen.",Passion Fruit AW Slim,Unisex,,,,,,,https://cdn.shopify.com/s/files/1/0072/0646/9679/files/KLINT_S2_passionfruit_AW.png,,,,,5.90,0.00,1,G,29,IN,3,3,3,,,,
,,KL-4015-1,Unisex,Title,Default Title,,,,,,,,,,5.90,0.00,1,G,29,IN,3,3,3,,,KLINT,Passion Fruit AW Slim
No.10 Tangerine Spritz AW,"<p>Entdecke <a href=""https://snushus.ch/collections/apres-snus"" data-mce-href=""https://snushus.ch/collections/apres-snus"">Après</a> No.10 Tangerine Spritz All White – Dein perfekter Begleiter für ein leichtes und erfrischendes Nikotinerlebnis. Mit einem köstlichen Mandarinen-Geschmack und einer angenehmen Stärke von 2/5 bietet Dir dieser Snus eine sanfte und langanhaltende Wirkung. Die Dose enthält enthält 8 mg/g Nikotin.</p>
<p>Geniesse den erfrischenden Mandarinen-Geschmack von Après No.10 Tangerine Spritz All White und erlebe die perfekte Kombination aus Innovation und Qualität. Bestelle jetzt online und entdecke, warum Après die bevorzugte Wahl für anspruchsvolle Snus-Liebhaber ist. Gönn Dir diesen leichten und fruchtigen Genuss und bringe frische Abwechslung in Deinen Alltag!</p>
<!---->",No.10 Tangerine Spritz AW,Unisex,,,,,,,https://cdn.shopify.com/s/files/1/0072/0646/9679/files/apres-no-10-tangerine-spritz-aw.png,,,,,5.20,0.00,1,G,11,IN,3,3,3,,,,
,,AP-1205-1,Unisex,Title,Default Title,,,,,,,,,,5.20,0.00,1,G,11,IN,3,3,3,,,Après,No.10 Tangerine Spritz AW
Honeymelon AW Slim,Die Geschmeidigkeit und Süsse von frischer Honigmelone. Abgerundet mit belebenden Spritzern von reifen tropischen Früchten für ein köstliches und erfrischendes Geschmackserlebnis.,Honeymelon AW Slim,Unisex,,,,,,,https://cdn.shopify.com/s/files/1/0072/0646/9679/files/KLINT_S2_honeymelon_AW.png,,,,,5.90,0.00,1,G,29,IN,3,3,3,,,,
,,KL-5015-1,Unisex,Title,Default Title,,,,,,,,,,5.90,0.00,1,G,29,IN,3,3,3,,,KLINT,Honeymelon AW Slim
Breeze Mint AW Slim,"Ein frischer Hauch von Minze mit dem süssen und beruhigenden Geschmack von Pfefferminze und einem Hauch von Kräuterextrakten, die eine kühlende Wirkung und lang anhaltende Frische bieten.",Breeze Mint AW Slim,Unisex,,,,,,,https://cdn.shopify.com/s/files/1/0072/0646/9679/files/KLINT_S2_breeze-mint_AW.png,,,,,5.90,0.00,1,G,29,IN,3,3,3,,,,
,,KL-2015-1,Unisex,Title,Default Title,,,,,,,,,,5.90,0.00,1,G,29,IN,3,3,3,,,KLINT,Breeze Mint AW Slim
Sparkling Strawberry AW Slim,"<p>Erlebe den verlockenden Geschmack von Erdbeeren. Mit einem Aroma von frischen Erdbeeren und einem Hauch von Champagner bietet dieser All White Snus ein erfrischendes und luxuriöses Geschmackserlebnis. Die Stärke von 2/5 und ein Nikotingehalt von 10 mg/g sorgen für eine sanfte, aber dennoch befriedigende Wirkung. Jede Dose enthält 10 g Tabakersatz, verteilt auf 20 Slim-Beutel.</p>
<p>Alle unsere Nikotinbeutel sind leicht feucht. Die Feuchtigkeit zusammen mit einem Hauch von Süsse bedeutet, dass der Geschmack hervorgehoben wird und länger anhält. Probiere Strawberry Champagner jetzt und geniesse das exquisite, fruchtige Erlebnis!</p>",Sparkling Strawberry AW Slim,Unisex,,,,,,,https://cdn.shopify.com/s/files/1/0072/0646/9679/files/Kelly_White_Sparkling_Strawberry_sized.png,,,,,5.20,0.00,1,G,1,IN,3,3,3,,,,
,,KW-3015-1,Unisex,Title,Default Title,,,,,,,,,,5.20,0.00,1,G,1,IN,3,3,3,,,Kelly White,Sparkling Strawberry AW Slim
Fresh Lime AW Slim,"Schmecke die unglaubliche Frische der Limette. Der reichhaltige und süsse Zitrusgeschmack sorgt für ein erfrischendes Gefühl, während der leicht pikante Geschmack ein lang anhaltendes Vergnügen bereitet.",Fresh Lime AW Slim,Unisex,,,,,,,https://cdn.shopify.com/s/files/1/0072/0646/9679/files/KLINT_S2_fresh-lime_AW.png,,,,,5.90,0.00,1,G,29,IN,3,3,3,,,,
,,KL-3015-1,Unisex,Title,Default Title,,,,,,,,,,5.90,0.00,1,G,29,IN,3,3,3,,,KLINT,Fresh Lime AW Slim
Mint AW Slim,"Ein beruhigendes Minzaroma, das die Sinne verwöhnt. Die Süsse und Frische der Minze mit einem Hauch von Kräutern und einer lang anhaltenden kühlenden Wirkung.",Mint AW Slim,Unisex,,,,,,,https://cdn.shopify.com/s/files/1/0072/0646/9679/files/KLINT_S1_mint_AW.png,,,,,5.90,0.00,1,G,29,IN,3,3,3,,,,
,,KL-1015-1,Unisex,Title,Default Title,,,,,,,,,,5.90,0.00,1,G,29,IN,3,3,3,,,KLINT,Mint AW Slim
Pomegranate AW Slim,Der frische Geschmack von reifem und saftigem Granatapfel. Ein perfektes Gleichgewicht zwischen süss und sauer mit einem Hauch von zarter Bitterkeit - ein wahrhaft köstlicher Genuss für die Sinne.,Pomegranate AW Slim,Unisex,,,,,,,https://cdn.shopify.com/s/files/1/0072/0646/9679/files/KLINT_S2_pomegranate_AW.png,,,,,5.90,0.00,1,G,29,IN,3,3,3,,,,
,,KL-6015-1,Unisex,Title,Default Title,,,,,,,,,,5.90,0.00,1,G,29,IN,3,3,3,,,KLINT,Pomegranate AW Slim
Sweet Melon Mint AW Slim,"<div data-scroll-anchor=""false"" data-testid=""conversation-turn-22"" dir=""auto"" class=""w-full text-token-text-primary"">
<div class=""py-2 juice:py-[18px] px-3 text-base md:px-4 m-auto md:px-5 lg:px-1 xl:px-5"">
<div class=""mx-auto flex flex-1 gap-3 text-base juice:gap-4 juice:md:gap-6 md:max-w-3xl lg:max-w-[40rem] xl:max-w-[48rem]"">
<div class=""group/conversation-turn relative flex w-full min-w-0 flex-col"">
<div class=""flex-col gap-1 md:gap-3"">
<div class=""flex flex-grow flex-col max-w-full"">
<div class=""min-h-[20px] text-message flex flex-col items-start whitespace-pre-wrap break-words [.text-message+&amp;]:mt-5 juice:w-full juice:items-end overflow-x-auto gap-2"" dir=""auto"" data-message-id=""aaa2567a-cb79-4e1b-a40f-57047ba0fbda"" data-message-author-role=""user"">
<div class=""flex w-full flex-col gap-1 juice:empty:hidden items-end rtl:items-start"">
<div class=""relative max-w-[70%] rounded-3xl bg-[#f4f4f4] px-5 py-2.5 dark:bg-token-main-surface-secondary"">Erlebe den erfrischenden Geschmack von <a href=""https://snushus.ch/collections/kelly-white-snus"">Kelly White</a> Sweet Melon Mint. Genau wie es klingt, vereint dieser All White Snus einen süssen Minzgeschmack mit fruchtiger Melone, was für ein einzigartiges und erfrischendes Erlebnis sorgt. Mit einer Stärke von 2/5 und einem Nikotingehalt von 10 mg/g bietet dieser Snus eine sanfte, aber dennoch befriedigende Wirkung. Jede Dose enthält 10 g Tabakersatz, verteilt auf 20 Slim-Beutel. </div>
<div class=""relative max-w-[70%] rounded-3xl bg-[#f4f4f4] px-5 py-2.5 dark:bg-token-main-surface-secondary"">
<span></span><br>
</div>
<div class=""relative max-w-[70%] rounded-3xl bg-[#f4f4f4] px-5 py-2.5 dark:bg-token-main-surface-secondary""><span>Alle unsere Nikotinbeutel sind leicht feucht. Die Feuchtigkeit zusammen mit einem Hauch von Süsse bedeutet, dass der Geschmack hervorgehoben wird und länger anhält. Probiere Sweet Melon Mint jetzt und geniesse die perfekte Kombination aus süsser Minze und fruchtiger Melone!</span></div>
</div>
</div>
</div>
</div>
</div>
</div>
</div>
</div>",Sweet Melon Mint AW Slim,Unisex,,,,,,,https://cdn.shopify.com/s/files/1/0072/0646/9679/files/Kelly_White_Sweet_Melon_Mint_sized.png,,,,,5.20,0.00,1,G,1,IN,3,3,3,,,,
,,KW-2015-1,Unisex,Title,Default Title,,,,,,,,,,5.20,0.00,1,G,1,IN,3,3,3,,,Kelly White,Sweet Melon Mint AW Slim
Rot -80 Degrees WDP,"<meta charset=""utf-8"">
<div class=""item flex"">
<div class=""title"">
<div class=""info"">
<p>Siberia White Dry ist ein Portionssnus mit einem sehr deutlichen Minzgeschmack und erscheint in trockenen Portionen mit niedrigerem Feuchtigkeitsgehalt, weshalb er auch weniger rinnt. Dieser Snus hat einen extrem hohen Nikotingehalt und eine Portion enthält mehr als fünfmal so viel Nikotin wie normal starker Snus (8 mg/g). Wird Menschen, die Nikotin gegenüber empfindlich sind, weniger empfohlen. Siberia zählt zusammen mit <a href=""https://snushus.ch/collections/odens"" title=""Odens"">Oden‘s</a> zu den beliebtesten Snusmarken der Schweiz. <span>Bei Fragen, Wünschen oder Anregungen </span><span>kannst du </span><span>uns </span><span>gerne auf der </span><span></span><a href=""https://snushus.ch/pages/kontakt"" title=""Kontakt"">Kontaktseite</a><span> s</span><span>chreiben</span><span>.</span></p>
</div>
</div>
</div>
<div class=""item flex""></div>",Rot -80 Degrees WDP,Unisex,,,,,,,https://cdn.shopify.com/s/files/1/0072/0646/9679/files/Snus_Container_Top_View_Siberia_White_Dry.png,,,,,5.20,,1,G,30,IN,3,3,3,,,,
,,SI-1005-1,Unisex,Title,Default Title,,,,,,,,,,5.20,,1,G,30,IN,3,3,3,,,Siberia,Rot -80 Degrees WDP
Rot -80 Degrees WDP Slim,"<div class=""info"">
<div class=""info"">
<p>Siberia White Dry ist ein Portionssnus mit einem sehr deutlichen Minzgeschmack und erscheint in trockenen Portionen mit niedrigerem Feuchtigkeitsgehalt, weshalb er auch weniger rinnt. Dieser Snus hat einen extrem hohen Nikotingehalt und eine Portion enthält mehr als fünfmal so viel Nikotin wie normal starker Snus (8 mg/g). Wird Menschen, die Nikotin gegenüber empfindlich sind, weniger empfohlen. Siberia zählt zusammen mit <a href=""https://snushus.ch/collections/odens"" title=""Oden´s"">Oden‘s</a> zu den beliebtesten Snusmarken der Schweiz.<span> Bei Fragen, Wünschen oder Anregungen kannst du uns gerne auf der </span><span></span><a href=""https://snushus.ch/pages/kontakt"" title=""Kontakt"">Kontaktseite<span> </span></a><span>schreiben. </span></p>
</div>
<div class=""info"">
<div class=""info"">
<div class=""item flex ""></div>
</div>
</div>
</div>
<div class=""info"">
<div class=""info"">
<div class=""item flex ""></div>
</div>
</div>",Rot -80 Degrees WDP Slim,Unisex,,,,,,,https://cdn.shopify.com/s/files/1/0072/0646/9679/files/siberia-red-white-dry-slim-portion.png,,,,,5.20,,1,G,30,IN,3,3,3,,,,
,,SI-1015-1,Unisex,Title,Default Title,,,,,,,,,,5.20,,1,G,30,IN,3,3,3,,,Siberia,Rot -80 Degrees WDP Slim
Rot -80 Degrees WDP Mini,"<div class=""info"">
<div class=""info""><p>Siberia White Dry ist ein Portionssnus mit einem sehr deutlichen Minzgeschmack und erscheint in trockenen Portionen mit niedrigerem Feuchtigkeitsgehalt, weshalb er auch weniger rinnt. Dieser Snus hat einen extrem hohen Nikotingehalt und eine Portion enthält mehr als fünfmal so viel Nikotin wie normal starker Snus (8 mg/g). Wird Menschen, die Nikotin gegenüber empfindlich sind, weniger empfohlen. Siberia zählt zusammen mit <a href=""https://snushus.ch/collections/odens"" title=""Oden´s"">Oden‘s</a> zu den beliebtesten Snusmarken der Schweiz.<span> Bei Fragen, Wünschen oder Anregungen kannst du uns gerne auf der </span><span></span><a href=""https://snushus.ch/pages/kontakt"" title=""Kontakt"">Kontaktseite<span> </span></a><span>schreiben. </span></p></div>
<div class=""info""><div class=""info""><div class=""item flex ""></div></div></div>
</div><div class=""info""><div class=""info""><div class=""item flex ""></div></div></div>",Rot -80 Degrees WDP Mini,Unisex,,,,,,,https://cdn.shopify.com/s/files/1/0072/0646/9679/files/Snus_Container_Top_View_Siberia_White_Dry_Mini.png,,,,,4.90,0.00,1,G,9,IN,3,3,3,,,,
,,SI-1115-1,Unisex,Title,Default Title,,,,,,,,,,4.90,0.00,1,G,9,IN,3,3,3,,,Siberia,Rot -80 Degrees WDP Mini
Rot -80 Degrees WDP 500g Box,"<meta charset=""utf-8"">
<div class=""item flex "">
<div class=""title"">
<div class=""info"">
<span>Siberia White Dry ist ein Portionssnus mit einem sehr deutlichen Minzgeschmack und erscheint in trockenen Portionen mit niedrigerem Feuchtigkeitsgehalt, weshalb er auch weniger rinnt. Dieser Snus hat einen extrem hohen Nikotingehalt und eine Portion enthält mehr als fünfmal so viel Nikotin wie normal starker Snus (8 mg/g). Wird Menschen, die Nikotin gegenüber empfindlich sind, weniger empfohlen. Siberia zählt zusammen mit </span><a href=""https://snushus.ch/collections/odens"" title=""Odens"">Oden‘s</a><span> zu den beliebtesten Snusmarken der Schweiz. </span><span>Bei Fragen, Wünschen oder Anregungen </span><span>kannst du </span><span>uns </span><span>gerne auf der </span><span></span><a href=""https://snushus.ch/pages/kontakt"" title=""Kontakt"">Kontaktseite</a><span> s</span><span>chreiben</span><span>.</span><br>
</div>
<div class=""info"">
<div class=""info"">
<div class=""item flex "">
<div class=""title""><br></div>
</div>
</div>
</div>
</div>
</div>
<div class=""item flex ""></div>",Rot -80 Degrees WDP 500g Box,Unisex,,,,,,,https://cdn.shopify.com/s/files/1/0072/0646/9679/files/siberia-red-white-dry-portion-box_69687748-e850-4fc3-9cf0-e1238bdc67a5.png,,,,,129.00,0.00,1,G,600,IN,3,3,3,,,,
,,SI-1025-1,Unisex,Title,Default Title,,,,,,,,,,129.00,0.00,1,G,600,IN,3,3,3,,,Siberia,Rot -80 Degrees WDP 500g Box
Rot -80 Degrees WDP Slim 500g Box,"<meta charset=""utf-8"">
<div class=""item flex"">
<div class=""title"">
<div class=""info"">
<span>Siberia White Dry ist ein Portionssnus mit einem sehr deutlichen Minzgeschmack und erscheint in trockenen Portionen mit niedrigerem Feuchtigkeitsgehalt, weshalb er auch weniger rinnt. Dieser Snus hat einen extrem hohen Nikotingehalt und eine Portion enthält mehr als fünfmal so viel Nikotin wie normal starker Snus (8 mg/g). Wird Menschen, die Nikotin gegenüber empfindlich sind, weniger empfohlen. Siberia zählt zusammen mit </span><a href=""https://snushus.ch/collections/odens"" title=""Odens"">Oden‘s</a><span> zu den beliebtesten Snusmarken der Schweiz. </span><br>
</div>
<div class=""info"">
<div class=""info"">
<div class=""item flex"">
<div class=""title""><br></div>
</div>
</div>
</div>
</div>
</div>
<div class=""item flex""></div>",Rot -80 Degrees WDP Slim 500g Box,Unisex,,,,,,,https://cdn.shopify.com/s/files/1/0072/0646/9679/files/siberia-red-white-dry-portion-slim-box_9816a214-2e04-405a-9b47-983dd17d5d43.png,,,,,129.00,0.00,1,G,500,IN,3,3,3,,,,
,,SI-1125-1,Unisex,Title,Default Title,,,,,,,,,,129.00,0.00,1,G,500,IN,3,3,3,,,Siberia,Rot -80 Degrees WDP Slim 500g Box
Black -80 Degrees OP,"<meta charset=""utf-8"">
<div class=""item flex"">
<div class=""title"">
<div class=""info"">
<p>NEU! Den beliebten Siberia gibt es nun auch in schwarz - schöne Dose und ein gewohnt starker Nikotinkick. Siberia Black -80 Degrees Original Portion ist ein Portionssnus mit einem sehr deutlichen Tabakgeschmack. Dieser Snus hat einen extrem hohen Nikotingehalt und eine Portion enthält mehr als fünfmal so viel Nikotin wie normal starker Snus (8 mg/g). Wird Menschen, die Nikotin gegenüber empfindlich sind, weniger empfohlen. Siberia zählt zusammen mit <a href=""https://snushus.ch/collections/odens"" title=""Odens"">Oden‘s</a> zu den beliebtesten Snusmarken der Schweiz. <span>Bei Fragen, Wünschen oder Anregungen </span><span>kannst du </span><span>uns </span><span>gerne auf der </span><span></span><a href=""https://snushus.ch/pages/kontakt"" title=""Kontakt"">Kontaktseite</a><span> s</span><span>chreiben</span><span>.</span></p>
</div>
</div>
</div>
<div class=""item flex""></div>",Black -80 Degrees OP,Unisex,,,,,,,https://cdn.shopify.com/s/files/1/0072/0646/9679/products/siberia-black-original-portion.png,,,,,5.20,,1,G,30,IN,3,3,3,,,,
,,SI-3005-1,Unisex,Title,Default Title,,,,,,,,,,5.20,,1,G,30,IN,3,3,3,,,Siberia,Black -80 Degrees OP
Black -80 Degrees WDP,"<meta charset=""utf-8"">
<div class=""item flex"">
<div class=""title"">
<div class=""info"">
<p>Den beliebten schwarzen Siberia gibt es nun auch als White Dry Portion - schöne Dose und ein gewohnt starker Nikotinkick, einfach ohne Minz-/Mentholgeschmack. Siberia Black -80 Degrees White Dry Portion ist ein trockener Portionssnus mit einem sehr deutlichen Tabakgeschmack. Dieser Snus hat einen extrem hohen Nikotingehalt und eine Portion enthält mehr als fünfmal so viel Nikotin wie normal starker Snus (8 mg/g). Wird Menschen, die Nikotin gegenüber empfindlich sind, weniger empfohlen. Siberia zählt zusammen mit Oden‘s zu den beliebtesten Snusmarken der Schweiz. </p>
</div>
</div>
</div>
<div class=""item flex""></div>",Black -80 Degrees WDP,Unisex,,,,,,,https://cdn.shopify.com/s/files/1/0072/0646/9679/products/siberia-black-white-dry-portion.png,,,,,5.20,,1,G,30,IN,3,3,3,,,,
,,SI-4005-1,Unisex,Title,Default Title,,,,,,,,,,5.20,,1,G,30,IN,3,3,3,,,Siberia,Black -80 Degrees WDP
Black -80 Degrees WDP Slim,"<meta charset=""utf-8"">
<div class=""item flex"">
<div class=""title"">
<div class=""info"">
<p>Den beliebten schwarzen Siberia gibt es nun auch als White Dry Portion - schöne Dose und ein gewohnt starker Nikotinkick, einfach ohne Minz-/Mentholgeschmack.</p>
</div>
</div>
</div>
<div class=""item flex""></div>",Black -80 Degrees WDP Slim,Unisex,,,,,,,https://cdn.shopify.com/s/files/1/0072/0646/9679/products/siberia-black-white-dry-slim-portion.png,,,,,5.20,,1,G,30,IN,3,3,3,,,,
,,SI-4015-1,Unisex,Title,Default Title,,,,,,,,,,5.20,,1,G,30,IN,3,3,3,,,Siberia,Black -80 Degrees WDP Slim
Blau -80 Degrees WP,"<meta charset=""utf-8"">
<div class=""item flex"">
<div class=""title"">
<div class=""info"">
<div class=""info"">
<p>Siberia White Portion ist ein starker Snus mit hohem Nikotingehalt und Minzgeschmack. Der Snus hat einen Nikotingehalt von 24 mg/g und es gibt ihn nun auch in der Portionsform zu kaufen. Der Snus hat einen würzigen Geschmack nach Minze, der lange anhält. Der hohe Nikotingehalt wird durch einen hohen Feuchtigkeitsgehalt von 45 % ausgeglichen, was unüblich ist für starke Snus-Sorten. Siberia gehört zusammen zu <a title=""Oden´s"" href=""https://snushus.ch/collections/odens"">Oden´s</a> zu den beliebtesten Snus-Marken. <span>Bei Fragen, Wünschen oder Anregungen </span><span>kannst du </span><span>uns </span><span>gerne auf der </span><span></span><a title=""Kontakt"" href=""https://snushus.ch/pages/kontakt"">Kontaktseite</a><span> s</span><span>chreiben</span><span>.</span></p>
</div>
<div class=""info"">
<div class=""info"">
<div class=""item flex""></div>
</div>
</div>
</div>
<div class=""info""></div>
<div class=""info"">
<div class=""info"">
<div class=""item flex""></div>
</div>
</div>
</div>
</div>
<div class=""item flex""></div>",Blau -80 Degrees WP,Unisex,,,,,,,https://cdn.shopify.com/s/files/1/0072/0646/9679/files/Snus_Container_Top_View_Siberia_White_Ice_Cold.png,,,,,5.20,,1,G,30,IN,3,3,3,,,,
,,SI-2005-1,Unisex,Title,Default Title,,,,,,,,,,5.20,,1,G,30,IN,3,3,3,,,Siberia,Blau -80 Degrees WP
Blau -80 Degrees WP Slim,"<meta charset=""utf-8"">
<div class=""item flex "">
<div class=""title"">
<div class=""info"">
<div class=""info"">
<p>Siberia White Portion ist ein starker Snus mit hohem Nikotingehalt und Minzgeschmack. Der Snus hat einen Nikotingehalt von 24 mg/g und es gibt ihn nun auch in der Portionsform zu kaufen. Der Snus hat einen würzigen Geschmack nach Minze, der lange anhält. Der hohe Nikotingehalt wird durch einen hohen Feuchtigkeitsgehalt von 45 % ausgeglichen, was unüblich ist für starke Snus-Sorten. Wie auch <a href=""https://snushus.ch/collections/odens"" title=""Oden´s"">Oden´s</a> gehört Siberia zu den beliebtesten Marken auf dem Markt. Bei Fragen, Wünschen oder Anregungen kannst du uns gerne auf der <a href=""https://snushus.ch/pages/kontakt"" title=""Kontakt"">Kontaktseite </a>schreiben. </p>
</div>
<div class=""info"">
<div class=""info"">
<div class=""item flex "">
<div class=""title""></div>
</div>
</div>
</div>
</div>
</div>
</div>",Blau -80 Degrees WP Slim,Unisex,,,,,,,https://cdn.shopify.com/s/files/1/0072/0646/9679/files/siberia-blue-white-slim-portion.png,,,,,5.20,0.00,1,G,30,IN,3,3,3,,,,
,,SI-2015-1,Unisex,Title,Default Title,,,,,,,,,,5.20,0.00,1,G,30,IN,3,3,3,,,Siberia,Blau -80 Degrees WP Slim
Black -80 Degrees OP Slim,"<meta charset=""utf-8"">
<div class=""item flex"">
<div class=""title"">
<div class=""info"">
<p>Den beliebten Siberia gibt es nun auch in schwarz - schöne Dose und ein gewohnt starker Nikotinkick. Siberia Black -80 Degrees Original Portion ist ein Portionssnus mit einem sehr deutlichen Tabakgeschmack. Dieser Snus hat einen extrem hohen Nikotingehalt und eine Portion enthält mehr als fünfmal so viel Nikotin wie normal starker Snus (8 mg/g). Wird Menschen, die Nikotin gegenüber empfindlich sind, weniger empfohlen. Siberia zählt zusammen mit <a href=""https://snushus.ch/collections/odens"" title=""Odens"">Oden‘s</a> zu den beliebtesten Snusmarken der Schweiz. <span>Bei Fragen, Wünschen oder Anregungen </span><span>kannst du </span><span>uns </span><span>gerne auf der </span><span></span><a href=""https://snushus.ch/pages/kontakt"" title=""Kontakt"">Kontaktseite</a><span> s</span><span>chreiben</span><span>.</span></p>
</div>
</div>
</div>
<div class=""item flex""></div>",Black -80 Degrees OP Slim,Unisex,,,,,,,https://cdn.shopify.com/s/files/1/0072/0646/9679/products/1631821498559209_siberia-black-original-portion-slim.jpg,,,,,5.20,0.00,1,G,1,IN,3,3,3,,,,
,,SI-3015-1,Unisex,Title,Default Title,,,,,,,,,,5.20,0.00,1,G,1,IN,3,3,3,,,Siberia,Black -80 Degrees OP Slim
Brown -80 Degrees OP,"<div class=""item flex"">
<div class=""title"">
<div class=""info"">
<p>Siberia Braun Original Portion ist der traditionelle Bruder des <a href=""https://snushus.ch/products/siberia-snus-rot-80-degrees-white-dry-portion"">roten Siberia</a>. Ein Portion Snus mit Minz Aroma und den bekannten 43 mg/g Nikotin! </p>
</div>
</div>
</div>
<div class=""item flex""><br></div>",Brown -80 Degrees OP,Unisex,,,,,,,https://cdn.shopify.com/s/files/1/0072/0646/9679/products/1636398926398455_siberia-brown-original-portion.jpg,,,,,5.20,0.00,1,G,1,IN,3,3,3,,,,
,,SI-5005-1,Unisex,Title,Default Title,,,,,,,,,,5.20,0.00,1,G,1,IN,3,3,3,,,Siberia,Brown -80 Degrees OP
Siberia Schwarz -80 Degrees WDP Mini,"<meta charset=""utf-8""><div class=""item flex""><div class=""title""><div class=""info""><p>Den beliebten schwarzen Siberia gibt es nun auch als White Dry Portion - schöne Dose und ein gewohnt starker Nikotinkick, einfach ohne Minz-/Mentholgeschmack. Siberia Black -80 Degrees White Dry Portion ist ein trockener Portionssnus mit einem sehr deutlichen Tabakgeschmack. Dieser Snus hat einen extrem hohen Nikotingehalt und eine Portion enthält mehr als fünfmal so viel Nikotin wie normal starker Snus (8 mg/g). Wird Menschen, die Nikotin gegenüber empfindlich sind, weniger empfohlen. Siberia zählt zusammen mit Oden‘s zu den beliebtesten Snusmarken der Schweiz. </p></div></div></div><div class=""item flex""></div>",Siberia Schwarz -80 Degrees WDP Mini,Unisex,,,,,,,https://cdn.shopify.com/s/files/1/0072/0646/9679/products/siberia-black-white-dry-mini-portion.png,,,,,4.90,0.00,1,G,18000,IN,3,3,3,,,,
,,SI-4115-1,Unisex,Title,Default Title,,,,,,,,,,4.90,0.00,1,G,18000,IN,3,3,3,,,Siberia,Siberia Schwarz -80 Degrees WDP Mini
Extremely Strong AW,"<span data-mce-fragment=""1"">Der beliebteste Brand der Schweizer kommt nun auch mit einer All-White Variante daher! Der Siberia Extremely Strong AW kommt mit starken 33 mg/g Nikotin.</span>",Extremely Strong AW,Unisex,,,,,,,https://cdn.shopify.com/s/files/1/0072/0646/9679/products/Siberia-all-white-regular-sized600.jpg,,,,,6.90,0.00,1,G,15,IN,3,3,3,,,,
,,SI-9005-1,Unisex,Title,Default Title,,,,,,,,,,6.90,0.00,1,G,15,IN,3,3,3,,,Siberia,Extremely Strong AW
Extremely Strong AW Slim,Der beliebteste Brand der Schweizer kommt nun auch mit einer All-White Variante daher! Der Siberia Extremely Strong AW kommt mit starken 33 mg/g Nikotin.,Extremely Strong AW Slim,Unisex,,,,,,,https://cdn.shopify.com/s/files/1/0072/0646/9679/products/Siberia-all-white-slim-sized600.jpg,,,,,6.90,,1,G,15,IN,3,3,3,,,,
,,SI-9015-1,Unisex,Title,Default Title,,,,,,,,,,6.90,,1,G,15,IN,3,3,3,,,Siberia,Extremely Strong AW Slim
Extremely Strong  AW Super Slim,"<span data-mce-fragment=""1"">Siberia ist der stärkste Snus der Welt – und nun kannst du Siberia All White Extremely Strong Super Slim kaufen, die tabakfreie Alternative! Gönn dir die Marke mit dem unglaublich hohen Nikotingehalt von 33 mg/g für eine extrem starke belebende Wirkung. Per diskreter Super Slim Portion sind das 21 mg Nikotin! Dazu passt das eiskalte Minzaroma – echt sibirisch kalt!</span>",Extremely Strong  AW Super Slim,Unisex,,,,,,,https://cdn.shopify.com/s/files/1/0072/0646/9679/products/Siberia-Extremly-Strong-super-slim-aw_b94b7e46-18df-49cf-b352-cd0ccb2c1296.jpg,,,,,6.90,,1,G,13,IN,3,3,3,,,,
,,SI-9115-1,Unisex,Title,Default Title,,,,,,,,,,6.90,,1,G,13,IN,3,3,3,,,Siberia,Extremely Strong  AW Super Slim
Extremely Strong AW Mini,"<span data-mce-fragment=""1"">Der beliebteste Brand der Schweizer kommt nun auch mit einer All-White Variante daher! Der Siberia Extremely Strong Mini AW kommt mit starken 33 mg/g Nikotin.</span>",Extremely Strong AW Mini,Unisex,,,,,,,https://cdn.shopify.com/s/files/1/0072/0646/9679/files/siberia-all-white-mini-sized-23.png,,,,,6.90,0.00,1,G,10,IN,3,3,3,,,,
,,SI-9215-1,Unisex,Title,Default Title,,,,,,,,,,6.90,0.00,1,G,10,IN,3,3,3,,,Siberia,Extremely Strong AW Mini
Super White Fresh Mint No.55 AW,"<meta charset=""utf-8"">
<div class=""item flex"">
<div class=""title""></div>
</div>
<div class=""item flex"">
<div class=""info"">
<p> Auf aromatisierter Zellulosebasis und völlig frei von Tabak kommen auch die Skruf Super White Beutel im Slim Format. Ohne Tabak bedeutet ohne gewöhnungsbedürftigen Tabakgeruch sowie ohne jegliche Tabakschadstoffe - aktuell gibt es weltweit keine weniger schädliche Art, Nikotin zu konsumieren. All White Snus / Nicotine Pouches bietet sich deshalb vor allem Rauchern an, welche mit Rauchentwöhnung wie Nikotinpflaster, Nikotinkaugummi oder Nikotinspray nichts anfangen können.</p>
<div class=""info"">
<p> </p>
<p>Der Skruf Super White Fresh #5 schmeckt nach frischer Minze und hat den höchsten Nikotingehalt in der Super White Reihe von Skruf. Unglaubliche 26 mg/g Nikotin!</p>
<p> <br></p>
<div class=""info"">
<p>Der Artikel erscheint in einem neuen Design, hat jedoch die selbe Rezeptur wie der alt bekannte Skruf Super White Fresh #5 AW</p>
</div>
<div class=""info"">
<div class=""info"">
<div class=""item flex"">
<div class=""title""></div>
</div>
</div>
</div>
</div>
</div>
<div class=""info"">
<div class=""info"">
<div class=""item flex"">
<div class=""title""><br></div>
</div>
</div>
</div>
</div>",Super White Fresh Mint No.55 AW,Unisex,,,,,,,https://cdn.shopify.com/s/files/1/0072/0646/9679/products/Skruf_Superwhite_no55_Ultra.jpg,,,,,5.20,0.00,1,G,1,IN,3,3,3,,,,
,,SK-1205-1,Unisex,Title,Default Title,,,,,,,,,,5.20,0.00,1,G,1,IN,3,3,3,,,Skruf,Super White Fresh Mint No.55 AW
Super White Fresh Mint No.54 AW,"<meta charset=""utf-8"">
<div class=""item flex"">
<div class=""title""></div>
</div>
<div class=""item flex"">
<div class=""info"">
<p> </p>
<div class=""info"">
<p><span>Auf aromatisierter Zellulosebasis und völlig frei von Tabak kommen auch die Skruf Super White Beutel im Slim Format. Ohne Tabak bedeutet ohne gewöhnungsbedürftigen Tabakgeruch sowie ohne jegliche Tabakschadstoffe - aktuell gibt es weltweit keine weniger schädliche Art, Nikotin zu konsumieren. All White Snus / Nicotine Pouches bietet sich deshalb vor allem Rauchern an, welche mit Rauchentwöhnung wie Nikotinpflaster, Nikotinkaugummi oder Nikotinspray nichts anfangen können.<br></span></p>
<p> </p>
<p>Der Skruf Super White Fresh schmeckt nach frischer Minze und hat einen hohen Nikotingehalt - den höchsten der Skruf Super White Linie.</p>
<p> </p>
</div>
<div class=""info"">
<div class=""info"">
<div class=""item flex"">
<div class=""title""></div>
</div>
</div>
</div>
</div>
<div class=""info"">
<div class=""info"">
<div class=""item flex"">
<div class=""title"">
<div class=""info"">
<p>Der Artikel erscheint in einem neuen Design, hat jedoch die selbe Rezeptur wie der alt bekannte Skruf Super White Fresh #4 AW</p>
</div>
<div class=""info"">
<div class=""info"">
<div class=""item flex"">
<div class=""title""></div>
</div>
</div>
</div>
</div>
<div class=""title""><br></div>
</div>
</div>
</div>
</div>",Super White Fresh Mint No.54 AW,Unisex,,,,,,,https://cdn.shopify.com/s/files/1/0072/0646/9679/products/Skruf_Superwhite_no54_xtra.jpg,,,,,5.20,,1,G,30,IN,3,3,3,,,,
,,SK-1005-1,Unisex,Title,Default Title,,,,,,,,,,5.20,,1,G,30,IN,3,3,3,,,Skruf,Super White Fresh Mint No.54 AW
Super White Fresh Mint No.52 AW,"<meta charset=""utf-8"">
<div class=""item flex"">
<div class=""title""></div>
</div>
<div class=""item flex"">
<div class=""info"">
<p>Auf aromatisierter Zellulosebasis und völlig frei von Tabak kommen auch die Skruf Super White Beutel im Slim Format. Ohne Tabak bedeutet ohne gewöhnungsbedürftigen Tabakgeruch sowie ohne jegliche Tabakschadstoffe - aktuell gibt es weltweit keine weniger schädliche Art, Nikotin zu konsumieren. All White Snus / Nicotine Pouches bietet sich deshalb vor allem Rauchern an, welche mit Rauchentwöhnung wie Nikotinpflaster, Nikotinkaugummi oder Nikotinspray nichts anfangen können.</p>
<div class=""info"">
<p> </p>
<p>Der Skruf Super White Fresh #2 schmeckt nach frischer Minze und gleich wie der Skruf Super White Fresh #4 - einfach mit weniger Nikotin.</p>
</div>
<div class=""info"">
<div class=""info"">
<div class=""item flex"">
<div class=""title""><br></div>
</div>
</div>
</div>
</div>
<div class=""info"">
<div class=""info"">
<div class=""item flex"">
<div class=""title""><br></div>
<div class=""title"">
<span><span>Der Artikel erscheint in einem neuen Design, hat jedoch die selbe Rezeptur wie der alt bekannte Super White Fresh #2 AW</span></span>
<div class=""Polaris-Header-Title__TitleMetadata_19y17""></div>
</div>
</div>
</div>
</div>
</div>",Super White Fresh Mint No.52 AW,Unisex,,,,,,,https://cdn.shopify.com/s/files/1/0072/0646/9679/products/SuperWhiteSlimFresh_2.png,,,,,5.20,,1,G,30,IN,3,3,3,,,,
,,SK-1105-1,Unisex,Title,Default Title,,,,,,,,,,5.20,,1,G,30,IN,3,3,3,,,Skruf,Super White Fresh Mint No.52 AW
Fresh Ultra Stark No.05 WP Slim,"<meta charset=""utf-8"">
<div class=""item flex"">
<div class=""title""></div>
</div>
<div class=""item flex"">
<div class=""info"">
<p><span>Skruf Slim Fresh Ultra Stark White Portion ist ein starker Snus mit Minz-Geschmack; stärker als andere Skruf Produkte. Als Slim Beutel liegt er angenehm unter der Lippe und gibt so den klassischen Minz-Geschmack ab. Aufgrund der Stärke empfiehlt sich dieses Produkt weniger für empfindliche Snuser.</span><br><span></span></p>
</div>
<div class=""info"">
<div class=""info"">
<div class=""item flex"">
<div class=""title""><span>Der Artikel erscheint in einem neuen Design, hat jedoch die selbe Rezeptur wie der alt bekannte Fresh Ultra Stark WP - Slim</span></div>
</div>
</div>
</div>
</div>",Fresh Ultra Stark No.05 WP Slim,Unisex,,,,,,,https://cdn.shopify.com/s/files/1/0072/0646/9679/products/FreshUltraStarkWP-Slim.png,,,,,5.20,,1,G,30,IN,3,3,3,,,,
,,SK-7005-1,Unisex,Title,Default Title,,,,,,,,,,5.20,,1,G,30,IN,3,3,3,,,Skruf,Fresh Ultra Stark No.05 WP Slim
Xtra Stark No.24 WP,"<meta charset=""utf-8"">
<div class=""item flex"">
<div class=""title""></div>
</div>
<div class=""item flex"">
<div class=""info"">
<p><span></span><span>Skruf Xtra Stark White Portion ist ein starker Snus mit klassischem Tabakgeschmack - und deshalb Liebhabern zu empfehlen. Hergestellt wird dieser Snus von Skruf in Schweden und gehört zu den beliebtesten Produkten des Konzerns.</span></p>
<p> </p>
<p><span>Der Artikel erscheint in einem neuen Design, hat jedoch die selbe Rezeptur wie der alt bekannte Skruf Xtra Stark WP</span></p>
</div>
<div class=""info"">
<div class=""info"">
<div class=""item flex"">
<div class=""title""><br></div>
</div>
</div>
</div>
</div>",Xtra Stark No.24 WP,Unisex,,,,,,,https://cdn.shopify.com/s/files/1/0072/0646/9679/products/skrufXtraStarkWhite.png,,,,,5.20,,1,G,30,IN,3,3,3,,,,
,,SK-6005-1,Unisex,Title,Default Title,,,,,,,,,,5.20,,1,G,30,IN,3,3,3,,,Skruf,Xtra Stark No.24 WP
Super White Polar Eucalyptus Strong No.57 AW,"<meta charset=""utf-8"">
<div class=""item flex"">
<div class=""title""><br></div>
</div>
<div class=""item flex"">
<div class=""info"">
<p><span>Auf aromatisierter Zellulosebasis und völlig frei von Tabak kommen auch die Skruf Super White Beutel im Slim Format. Ohne Tabak bedeutet ohne gewöhnungsbedürftigen Tabakgeruch sowie ohne jegliche Tabakschadstoffe - aktuell gibt es weltweit keine weniger schädliche Art, Nikotin zu konsumieren. All White Snus / Nicotine Pouches bietet sich deshalb vor allem Rauchern an, welche mit Rauchentwöhnung wie Nikotinpflaster, Nikotinkaugummi oder Nikotinspray nichts anfangen können.<br></span></p>
<p> </p>
<p>Der Skruf Super White Polar<span> schmeckt nach Menthol sowie Eukalyptus </span>und hat einen durchschnittlichen<span> </span>Nikotingehalt.</p>
</div>
<div class=""info"">
<div class=""info"">
<div class=""item flex"">
<div class=""title""><br></div>
<div class=""title""><br></div>
</div>
</div>
</div>
</div>",Super White Polar Eucalyptus Strong No.57 AW,Unisex,,,,,,,https://cdn.shopify.com/s/files/1/0072/0646/9679/products/skruf-Polar_eucalyptus-no-57-sized.png,,,,,5.20,,1,G,30,IN,3,3,3,,,,
,,SK-2005-1,Unisex,Title,Default Title,,,,,,,,,,5.20,,1,G,30,IN,3,3,3,,,Skruf,Super White Polar Eucalyptus Strong No.57 AW
Super White Red Rhuby #3 AW,"<meta charset=""utf-8"">
<div class=""item flex "">
<div class=""title""></div>
</div>
<div class=""item flex "">
<div class=""info"">
<p>Auf aromatisierter Zellulosebasis und völlig frei von Tabak kommen auch die Skruf Super White Beutel im Slim Format. Ohne Tabak bedeutet ohne gewöhnungsbedürftigen Tabakgeruch sowie ohne jegliche Tabakschadstoffe - aktuell gibt es weltweit keine weniger schädliche Art, Nikotin zu konsumieren. All White Snus / Nicotine Pouches bietet sich deshalb vor allem Rauchern an, welche mit Rauchentwöhnung wie Nikotinpflaster, Nikotinkaugummi oder Nikotinspray nichts anfangen können.<br></p>
</div>
<div class=""info"">
<div class=""info"">
<div class=""item flex "">
<div class=""title"">
<p> </p>
<p>Der Skruf Super White Red Rhuby<span> schmeckt nach frischem Rhabarber </span>und hat einen durchschnittlichen<span> </span>Nikotingehalt.</p>
</div>
<div class=""title""><br></div>
</div>
</div>
</div>
</div>",Super White Red Rhuby #3 AW,Unisex,,,,,,,https://cdn.shopify.com/s/files/1/0072/0646/9679/products/skruf-red-rhuby-3-super-white.png,,,,,5.20,,1,G,30,IN,3,3,3,,,,
,,SK-5005-1,Unisex,Title,Default Title,,,,,,,,,,5.20,,1,G,30,IN,3,3,3,,,Skruf,Super White Red Rhuby #3 AW
Super White Indigo Berry No.62 AW,"<meta charset=""utf-8"">
<div class=""item flex"">
<div class=""title""><br></div>
</div>
<div class=""item flex"">
<div class=""info"">
<p><span></span><span>Auf aromatisierter Zellulosebasis und völlig frei von Tabak kommen auch die Skruf Super White Beutel im Slim Format. Ohne Tabak bedeutet ohne gewöhnungsbedürftigen Tabakgeruch sowie ohne jegliche Tabakschadstoffe - aktuell gibt es weltweit keine weniger schädliche Art, Nikotin zu konsumieren. All White Snus / Nicotine Pouches bietet sich deshalb vor allem Rauchern an, welche mit Rauchentwöhnung wie Nikotinpflaster, Nikotinkaugummi oder Nikotinspray nichts anfangen können.<br></span></p>
<p> </p>
<p>Der Skruf Super White Blackberry schmeckt nach süsser Brombeere und hat einen durchschnittlichen Nikotingehalt.</p>
</div>
<div class=""info"">
<div class=""info"">
<div class=""item flex"">
<div class=""title""><br></div>
<div class=""title""><br></div>
</div>
</div>
</div>
</div>",Super White Indigo Berry No.62 AW,Unisex,,,,,,,https://cdn.shopify.com/s/files/1/0072/0646/9679/products/skruf-indigo-berry-no-62-sized.png,,,,,5.20,,1,G,30,IN,3,3,3,,,,
,,SK-3005-1,Unisex,Title,Default Title,,,,,,,,,,5.20,,1,G,30,IN,3,3,3,,,Skruf,Super White Indigo Berry No.62 AW
Super White Purple Cassice No.71 AW,"<meta charset=""utf-8"">
<div class=""item flex"">
<div class=""title""></div>
</div>
<div class=""item flex"">
<div class=""info"">
<p> </p>
<p><span>Auf aromatisierter Zellulosebasis und völlig frei von Tabak kommen auch die Skruf Super White Beutel im Slim Format. Ohne Tabak bedeutet ohne gewöhnungsbedürftigen Tabakgeruch sowie ohne jegliche Tabakschadstoffe - aktuell gibt es weltweit keine weniger schädliche Art, Nikotin zu konsumieren. All White Snus / Nicotine Pouches bietet sich deshalb vor allem Rauchern an, welche mit Rauchentwöhnung wie Nikotinpflaster, Nikotinkaugummi oder Nikotinspray nichts anfangen können.<br></span></p>
<p> </p>
<p><span>Der Skruf Super White Cassice schmeckt nach Cassis sowie süsser Johannisbeere und hat einen durchschnittlichen Nikotingehalt.</span></p>
</div>
<div class=""info"">
<div class=""info"">
<div class=""item flex"">
<div class=""title"">
<span>Der Artikel erscheint in einem neuen Design, hat jedoch die selbe Rezeptur wie der alt bekannte </span>Super White Cassice #2 AW</div>
<div class=""title""><br></div>
</div>
</div>
</div>
</div>",Super White Purple Cassice No.71 AW,Unisex,,,,,,,https://cdn.shopify.com/s/files/1/0072/0646/9679/files/skruf-Purple-Cassice-no71.png,,,,,5.20,,1,G,30,IN,3,3,3,,,,
,,SK-4005-1,Unisex,Title,Default Title,,,,,,,,,,5.20,,1,G,30,IN,3,3,3,,,Skruf,Super White Purple Cassice No.71 AW
Super White Fresh Mint MAX No.66 AW,"<meta charset=""utf-8"">
<div class=""item flex"">
<div class=""title""></div>
</div>
<div class=""item flex"">
<div class=""info"">
<p> Auf aromatisierter Zellulosebasis und völlig frei von Tabak kommen auch die Skruf Super White Beutel im Slim Format. Ohne Tabak bedeutet ohne gewöhnungsbedürftigen Tabakgeruch sowie ohne jegliche Tabakschadstoffe - aktuell gibt es weltweit keine weniger schädliche Art, Nikotin zu konsumieren. All White Snus / Nicotine Pouches bietet sich deshalb vor allem Rauchern an, welche mit Rauchentwöhnung wie Nikotinpflaster, Nikotinkaugummi oder Nikotinspray nichts anfangen können.</p>
<div class=""info"">
<p>Der Skruf Super White Fresh MAX #6 schmeckt nach frischer Minze und kommt in tradionellen, normal grossen Beuteln. Der schwarz verpackte All White Snus kommt mit starken 23 mg/g Nikotin!</p>
</div>
<div class=""info"">
<div class=""info"">
<div class=""item flex"">
<div class=""title""></div>
</div>
</div>
</div>
</div>
<div class=""info"">
<div class=""info"">
<div class=""item flex"">
<div class=""title""><br></div>
<div class=""title"">
<div class=""info"">
<p>Der Artikel erscheint in einem neuen Design, hat jedoch die selbe Rezeptur wie der alt bekannte Super White Fresh MAX #6 AW</p>
</div>
<div class=""info"">
<div class=""info"">
<div class=""item flex"">
<div class=""title""></div>
</div>
</div>
</div>
</div>
</div>
</div>
</div>
</div>",Super White Fresh Mint MAX No.66 AW,Unisex,,,,,,,https://cdn.shopify.com/s/files/1/0072/0646/9679/products/SkrufFreshMax_66.png,,,,,5.20,0.00,1,G,35,IN,3,3,3,,,,
,,SK-1305-1,Unisex,Title,Default Title,,,,,,,,,,5.20,0.00,1,G,35,IN,3,3,3,,,Skruf,Super White Fresh Mint MAX No.66 AW
Super White Frozen Mint No.60 AW,"<meta charset=""utf-8"">
<div class=""item flex"">
<div class=""title""></div>
</div>
<div class=""item flex"">
<div class=""info"">
<p><span></span><span>Auf aromatisierter Zellulosebasis und völlig frei von Tabak kommen auch die Skruf Super White Beutel im Slim Format. Ohne Tabak bedeutet ohne gewöhnungsbedürftigen Tabakgeruch sowie ohne jegliche Tabakschadstoffe - aktuell gibt es weltweit keine weniger schädliche Art, Nikotin zu konsumieren. All White Snus / Nicotine Pouches bietet sich deshalb vor allem Rauchern an, welche mit Rauchentwöhnung wie Nikotinpflaster, Nikotinkaugummi oder Nikotinspray nichts anfangen können.<br></span></p>
<p> </p>
<p>Der Artikel erscheint in einem neuen Design, hat jedoch die selbe Rezeptur wie der alt bekannte Skruf Frozen Shot #4 AW</p>
</div>
<div class=""info"">
<div class=""info"">
<div class=""item flex"">
<div class=""title""><br></div>
<div class=""title""><br></div>
</div>
</div>
</div>
</div>",Super White Frozen Mint No.60 AW,Unisex,,,,,,,https://cdn.shopify.com/s/files/1/0072/0646/9679/products/Skruf_Superwhite_frozen_mint_supeslim_no54_xtra.jpg,,,,,5.20,0.00,1,G,30000,IN,3,3,3,,,,
,,SK-1405-1,Unisex,Title,Default Title,,,,,,,,,,5.20,0.00,1,G,30000,IN,3,3,3,,,Skruf,Super White Frozen Mint No.60 AW
Skruf Nordic Liquorice No.58 AW,"<meta charset=""utf-8"">
<div class=""item flex"">
<div class=""title""><br></div>
</div>
<div class=""item flex"">
<div class=""info"">
<p><span></span><span>Auf aromatisierter Zellulosebasis und völlig frei von Tabak kommen auch die Skruf Super White Beutel im Slim Format. Ohne Tabak bedeutet ohne gewöhnungsbedürftigen Tabakgeruch sowie ohne jegliche Tabakschadstoffe - aktuell gibt es weltweit keine weniger schädliche Art, Nikotin zu konsumieren. All White Snus / Nicotine Pouches bietet sich deshalb vor allem Rauchern an, welche mit Rauchentwöhnung wie Nikotinpflaster, Nikotinkaugummi oder Nikotinspray nichts anfangen können.</span></p>
</div>
</div>",Skruf Nordic Liquorice No.58 AW,Unisex,,,,,,,https://cdn.shopify.com/s/files/1/0072/0646/9679/products/skruf-xtra-nordic-liquorice-sized.png,,,,,5.20,0.00,1,G,30,IN,3,3,3,,,,
,,SK-1505-1,Unisex,Title,Default Title,,,,,,,,,,5.20,0.00,1,G,30,IN,3,3,3,,,Skruf,Skruf Nordic Liquorice No.58 AW
Xtra No.29 OP,"Skruf Original Portion no. 29 Xtra Strong - Der Geschmack ist mild und folgt der schwedischen Schnupftabak-Tradition mit dem Geschmack der begehrten Zitrusfrüchte Bergamotte und Rosenöl. Diese Variante ist etwas stärker, da sie mehr Tabak als normaler Snus und auch einen höheren Nikotingehalt enthält.",Xtra No.29 OP,Unisex,,,,,,,https://cdn.shopify.com/s/files/1/0072/0646/9679/products/skruf_xtra_portion_no29_op.jpg,,,,,5.90,0.00,1,G,22,IN,3,3,3,,,,
,,SK-8005-1,Unisex,Title,Default Title,,,,,,,,,,5.90,0.00,1,G,22,IN,3,3,3,,,Skruf,Xtra No.29 OP
Strong No.33 Loose,"Skruf Strong Loose Snus - Dies ist ein loser Snus mit einem sauberen und milden Tabakgeschmack. Der Geschmack hat einen Hauch von Bergamotte und Rosenöl. Um einen stärkeren Charakter zu erreichen, wurde ein größerer Anteil an Tabakblättern verwendet.<br data-mce-fragment=""1""><br data-mce-fragment=""1"">",Strong No.33 Loose,Unisex,,,,,,,https://cdn.shopify.com/s/files/1/0072/0646/9679/files/skruf-strong-loose-no33.png,,,,,5.90,0.00,1,G,42,IN,3,3,3,,,,
,,SK-9005-1,Unisex,Title,Default Title,,,,,,,,,,5.90,0.00,1,G,42,IN,3,3,3,,,Skruf,Strong No.33 Loose
Super White Purple Cassice No.63 Strong AW,Der Skruf Super White Cassice schmeckt nach Cassis sowie süsser Johannisbeere und hat einen durchschnittlichen Nikotingehalt.,Super White Purple Cassice No.63 Strong AW,Unisex,,,,,,,https://cdn.shopify.com/s/files/1/0072/0646/9679/files/skruf-super-white-cassice-strong-no63.png,,,,,5.20,0.00,1,G,1,IN,3,3,3,,,,
,,SK-4105-1,Unisex,Title,Default Title,,,,,,,,,,5.20,0.00,1,G,1,IN,3,3,3,,,Skruf,Super White Purple Cassice No.63 Strong AW
Berry Frost X-Strong AW,"<p>Berry Frost X-Strong heisst neu Icy Berries, <a href=""https://snushus.ch/products/velo-icy-berries-aw-slim"">hier gehts zum neuen Produkt</a>!</p>
<p>Kühlender Geschmack von süssen Himbeeren, Heidelbeeren und Brombeeren mit leicht würzigen Tönen.</p>
<p>EPOK, LYFT oder VELO?! <br>Weitere Informationen dazu findest Du in <a href=""https://snushus.ch/blogs/snusbuch/was-ist-all-white-snus"" target=""_blank"">unserem Blog</a>.</p>",Berry Frost X-Strong AW,Unisex,,,,,,,https://cdn.shopify.com/s/files/1/0072/0646/9679/files/velo-berry-frost-x-strong-aw.png,,,,,6.90,,1,G,14,IN,3,3,3,,,,
,,VE-4205-1,Unisex,Title,Default Title,,,,,,,,,,6.90,,1,G,14,IN,3,3,3,,,VELO (SK),Berry Frost X-Strong AW
BERRY AW,"<p class=""MsoNormal""><span lang=""DE-AT"" style=""mso-ansi-language: DE-AT;"">Bist du es leid, immer das Gleiche zu haben? Dann gönn dir doch mal etwas Besonderes mit edel BERRY. Diese Mischung aus köstlichen Waldbeeren und 10 mg/g Nikotin wird deine Sinne verzaubern und ist auch für Neueinsteiger geeignet. Erlebe einen neuen Geschmackshorizont!</span><span lang=""DE"" style=""mso-ansi-language: DE;""></span></p>",BERRY AW,Unisex,,,,,,,https://cdn.shopify.com/s/files/1/0072/0646/9679/files/edelsnus_PP_Top_Berry_wo_Shadow.png,,,,,5.90,0.00,1,G,14000,IN,3,3,3,,,,
,,ED-4010-1,Unisex,Title,Default Title,,,,,,,,,,5.90,0.00,1,G,14000,IN,3,3,3,,,edel,BERRY AW
Icy Berries AW,"<p><span data-mce-fragment=""1"">VELO Berry Frost X-Strong AW wird zu VELO Icy Berries AW:</span></p>
<p><span data-mce-fragment=""1"">VELO Icy Berries ist eine vollständig weisse Portion mit einem erfrischenden Beerenaroma. Die schlanke Präsentation des Produkts verleiht ihm ein modernes Erscheinungsbild.</span></p>",Icy Berries AW,Unisex,,,,,,,https://cdn.shopify.com/s/files/1/0072/0646/9679/files/Velo_Icy_Berries.png,,,,,5.20,0.00,1,G,14,IN,3,3,3,,,,
,,VE-1305-1,Unisex,Title,Default Title,,,,,,,,,,5.20,0.00,1,G,14,IN,3,3,3,,,VELO (SE),Icy Berries AW
Mini Berry Frost Medium AW,"<p>Kühlender Geschmack von süssen Himbeeren, Heidelbeeren und Brombeeren mit leicht würzigen Tönen.</p>
<p>EPOK, LYFT oder VELO?! <br>Weitere Informationen dazu findest Du in <a href=""https://snushus.ch/blogs/snusbuch/was-ist-all-white-snus"" target=""_blank"" rel=""noopener noreferrer"">unserem Blog</a>.</p>",Mini Berry Frost Medium AW,Unisex,,,,,,,https://cdn.shopify.com/s/files/1/0072/0646/9679/files/velo-mini-berry-frost-medium-aw_88bb7d36-fa14-4e03-ad9d-fb64bb28f1f9.png,,,,,6.90,,1,G,10,IN,3,3,3,,,,
,,VE-2205-1,Unisex,Title,Default Title,,,,,,,,,,6.90,,1,G,10,IN,3,3,3,,,VELO (SK),Mini Berry Frost Medium AW
Blushy Berry AW,"<p>Erlebe die erfrischende Neuheit mit <a href=""https://snushus.ch/collections/velo-snus"">VELO</a> Blushy Berry All White – Dein perfekter Begleiter für ein sanftes und fruchtiges Nikotinerlebnis. Mit einem köstlichen Erdbeergeschmack und einem Nikotingehalt von 8 mg/g bietet Dir dieser Snus eine angenehme und langanhaltende Wirkung. Die Dose enthälten 14g Tabakersatz in Form von Slim Beuteln.</p>
<p><strong>Der altbekannte Velo Ruby Berry All White </strong>wurde aufgewertet und erstrahlt nun unter dem neuen Design als VELO Blushy Berry AW. Auf aromatisierter Zellulosebasis und völlig frei von Tabak kommen auch die VELO Beutel im Slim Format. Ohne Tabak bedeutet ohne gewöhnungsbedürftigen Tabakgeruch sowie ohne jegliche Tabakschadstoffe – weltweit gibt es aktuell keine weniger schädliche Art, Nikotin zu konsumieren.</p>
<p>All White Snus / Nicotine Pouches sind besonders für Raucher geeignet, die mit herkömmlichen Methoden zur Rauchentwöhnung wie Nikotinpflastern, Nikotinkaugummis oder Nikotinsprays nichts anfangen können. Der VELO Blushy Berry AW bietet einen süssen Erdbeergeschmack und kommt, wie alle VELO Produkte, in Slim-Beuteln komplett ohne Tabak.</p>
<p>Geniesse den Geschmack von süssen Erdbeeren und die Vorteile eines tabakfreien Nikotinerlebnisses mit VELO Blushy Berry AW. Bestelle jetzt online und entdecke, warum VELO die bevorzugte Wahl für Snus-Liebhaber ist. Gönn Dir diesen fruchtigen Genuss und bringe Frische in Deinen Alltag!</p>
<div class=""info"">
<div class=""info"">
<div class=""item flex"">
<div class=""title"">
<p><span>EPOK, LYFT oder VELO? </span><a href=""https://snushus.ch/blogs/snusbuch/epok-und-lyft-werden-ersetzt-mit-velo"">Hier findest Du alle Informationen zu diesem Thema!</a></p>
</div>
</div>
</div>
</div>",Blushy Berry AW,Unisex,,,,,,,https://cdn.shopify.com/s/files/1/0072/0646/9679/files/Velo-Blushy-Berry-bameminghongFlame.png,,,,,5.20,0.00,1,G,14,IN,3,3,3,,,,
,,VE-1105-1,Unisex,Title,Default Title,,,,,,,,,,5.20,0.00,1,G,14,IN,3,3,3,,,VELO (SE),Blushy Berry AW
BERRY ICE AW,"<span>Entdecke die erfrischende kühle des edel BERRY ICE! Diese einzigartige Mischung mit kräftigen 20 mg/g Nikotin verführt deine Sinne mit dem kühlen Hauch von Menthol, perfekt kombiniert mit dem saftigen Geschmack von Waldbeeren. Ein Genuss, der die Natur in deinen Gaumen zaubert und dich in eine belebende Geschmacksexplosion entführt.</span>",BERRY ICE AW,Unisex,,,,,,,https://cdn.shopify.com/s/files/1/0072/0646/9679/files/edelsnus_PP_Top_Berry-Ice_wo_Shadow.png,,,,,5.90,0.00,1,G,12,IN,3,3,3,,,,
,,ED-4110-1,Unisex,Title,Default Title,,,,,,,,,,5.90,0.00,1,G,12,IN,3,3,3,,,edel,BERRY ICE AW
Blueberry Mint Strong AW,"<p>Dieses XQS-Produkt ist perfekt für alle, die auf der Suche nach einem erfrischenden Geschmack mit einem Hauch von Frucht sind. Du hättest nicht gedacht, dass Blaubeere und Minze eine leckere Kombination sind, aber wir bitten Dich, sie selbst zu probieren! Mit einem grossartigen Geschmack und einem starken Nikotin-Kick werden Deine Geschmacksnerven Kribbeln.</p>
<p>Die Beutel sind ganz weiss und färben nicht auf die Zähne ab. Die Beutel sind schlank und fühlen sich unter der Lippe angenehm an. <span data-mce-fragment=""1"">Die Beutel müssen nicht gekühlt aufbewahrt werden.</span></p>",Blueberry Mint Strong AW,Unisex,,,,,,,https://cdn.shopify.com/s/files/1/0072/0646/9679/files/XQS_Blueberry_Mint_sized_3073c03c-6d2a-43cf-bc9c-966300be9dab.png,,,,,4.20,0.00,1,G,1,IN,3,3,3,,,,
,,XQ-2015-1,Unisex,Title,Default Title,,,,,,,,,,4.20,0.00,1,G,1,IN,3,3,3,,,XQS,Blueberry Mint Strong AW
Blueberry Extra Strong AW,<span>Killa Blueberry Extra Strong Slim All White - schlanke Portionen mit süssem Heidelbeeraroma.</span>,Blueberry Extra Strong AW,Unisex,,,,,,,https://cdn.shopify.com/s/files/1/0072/0646/9679/products/2b2751bc8fc359606f682460463ded3a.jpg,,,,,5.20,0.00,1,G,28000,IN,3,3,3,,,,
,,KI-2005-1,Unisex,Title,Default Title,,,,,,,,,,5.20,0.00,1,G,28000,IN,3,3,3,,,Killa,Blueberry Extra Strong AW
Fruit Fusion AW,"<p>VID ist die neuste Kreation vom Hause Kurbits Snus AB - kräftige Schweizer Aromen treffen auf schwedisches Snus Know How. Ein Beeren Aroma wie frisch aus dem Wald gepflückt! Die Nikotinbeutel von VID sind im Slim Format und sorgen für eine diskrete Anwendung.</p>
<p>Auf aromatisierter Zellulosebasis und völlig frei von Tabak kommen auch die VID Beutel im Slim Format. Ohne Tabak bedeutet ohne gewöhnungsbedürftigen Tabakgeruch sowie ohne jegliche Tabakschadstoffe - aktuell gibt es weltweit keine weniger schädliche Art, Nikotin zu konsumieren. All White Snus / Nicotine Pouches bietet sich deshalb vor allem Rauchern an, welche mit Rauchentwöhnung wie Nikotinpflaster, Nikotinkaugummi oder Nikotinspray nichts anfangen können.</p>",Fruit Fusion AW,Unisex,,,,,,,https://cdn.shopify.com/s/files/1/0072/0646/9679/files/VID-Fruit-Fusion-AW-23.png,,,,,3.90,,1,G,1,IN,3,3,3,,,,
,,VI-3005-1,Unisex,Title,Default Title,,,,,,,,,,3.90,,1,G,1,IN,3,3,3,,,VID,Fruit Fusion AW
Juicy Berry AW,"Anfänglich saftige und zitrusartige Frische kombiniert mit Melonenfruchtigkeit und Süsse, gefolgt von einem frischen und fruchtigen Beerengeschmack.",Juicy Berry AW,Unisex,,,,,,,https://cdn.shopify.com/s/files/1/0072/0646/9679/files/strom-juicy-berry-aw-sized.png,,,,,4.90,0.00,1,G,13,IN,3,3,3,,,,
,,SR-2010-1,Unisex,Title,Default Title,,,,,,,,,,4.90,0.00,1,G,13,IN,3,3,3,,,STRÖM,Juicy Berry AW
Super White Indigo Berry No.62 AW,"<meta charset=""utf-8"">
<div class=""item flex"">
<div class=""title""><br></div>
</div>
<div class=""item flex"">
<div class=""info"">
<p><span></span><span>Auf aromatisierter Zellulosebasis und völlig frei von Tabak kommen auch die Skruf Super White Beutel im Slim Format. Ohne Tabak bedeutet ohne gewöhnungsbedürftigen Tabakgeruch sowie ohne jegliche Tabakschadstoffe - aktuell gibt es weltweit keine weniger schädliche Art, Nikotin zu konsumieren. All White Snus / Nicotine Pouches bietet sich deshalb vor allem Rauchern an, welche mit Rauchentwöhnung wie Nikotinpflaster, Nikotinkaugummi oder Nikotinspray nichts anfangen können.<br></span></p>
<p> </p>
<p>Der Skruf Super White Blackberry schmeckt nach süsser Brombeere und hat einen durchschnittlichen Nikotingehalt.</p>
</div>
<div class=""info"">
<div class=""info"">
<div class=""item flex"">
<div class=""title""><br></div>
<div class=""title""><br></div>
</div>
</div>
</div>
</div>",Super White Indigo Berry No.62 AW,Unisex,,,,,,,https://cdn.shopify.com/s/files/1/0072/0646/9679/products/skruf-indigo-berry-no-62-sized.png,,,,,5.20,,1,G,30,IN,3,3,3,,,,
,,SK-3005-1,Unisex,Title,Default Title,,,,,,,,,,5.20,,1,G,30,IN,3,3,3,,,Skruf,Super White Indigo Berry No.62 AW
Blue Razz,"<p>Geniesse den köstlichen Geschmack frischer Beeren, die in diesem Nikotinbeutel ihre natürliche und spritzige Süsse entfalten.</p>
<p>Tauche ein in eine aufregende Welt mit den COCO Blue Razz Nikotinbeuteln, die sorgfältig mit völlig natürlichen Aromen versetzt sind. Tauche ein in die prickelnd-süsse Symphonie von blauen Himbeeren, während jeder Beutel Dich an belebte Küsten und Momente der Erregung entführt. Erlebe die nahtlose Mischung aus fruchtigen Reizen und echter Nikotinbefriedigung, die in jedem Beutel steckt.</p>
<p> </p>
<p>Verwendung:</p>
<p>Für eine schnelle Freisetzung von Nikotin und Aromen:<br>1. Befeuchte den Beutel, indem Du ihn auf die Zunge legst. <br>2. Sobald der Beutel feucht ist, kaue den Beutel einmal vorsichtig. Achte darauf, den Beutel nicht zu öffnen.<br>3. Lege den Beutel unter die Oberlippe und spüre den intensiven Geschmack und die schnelle Nikotinfreisetzung. <br>4. Geniesse den Kick bis zu einer Stunde lang</p>",Blue Razz,Unisex,,,,,,,https://cdn.shopify.com/s/files/1/0072/0646/9679/files/CoCo_Blue_Razz_sized_e6bdd2aa-7664-46f1-869d-7a8cacef4ae8.png,,,,,5.90,0.00,1,G,1,IN,3,3,3,,,,
,,CO-4005-1,Unisex,Title,Default Title,,,,,,,,,,5.90,0.00,1,G,1,IN,3,3,3,,,COCO,Blue Razz
Mojito Strawberry Pink AW Slim,"<span>VIKA Mojito Strawberry Pink ist ein all-white Snus. D.h. sowohl die Beutel als auch deren Inhalt sind weiss. Der Geschmack ist vom ersten Moment an interessant und bei vielen sehr beliebt. Er hat einen leicht süssen Erdbeergeschmack und ist gleichzeitig erfrischend. Der Kick kommt nach ca. 15 Sekunden und gibt dem Gehirn einen guten Nikotin-Rausch. VIKA Mojito Strawberry Pink ist speziell für rauchende Frauen entwickelt worden, um diese vom Rauchen abzuhalten und ihnen die Erleichterung und den Geschmack einer guten Pause zu geben.</span>",Mojito Strawberry Pink AW Slim,Unisex,,,,,,,https://cdn.shopify.com/s/files/1/0072/0646/9679/products/VIKA_Mojito_sized.jpg,,,,,5.20,0.00,1,G,12,IN,3,3,3,,,,
,,VK-4010-1,Unisex,Title,Default Title,,,,,,,,,,5.20,0.00,1,G,12,IN,3,3,3,,,Vika,Mojito Strawberry Pink AW Slim
Frosted-Berry AW,"<p>Erlebe mit ¡VALE! Frosted-Berry AW das ultimative Geschmacksabenteuer: Swiss Made, erfrischend fruchtig und belebend – mit einem schnellen Energie-Kick!</p>
<p><br>Der Frosted-Berry AW bietet ein einzigartiges Geschmackserlebnis durch seinen intensiv fruchtigen, reichhaltigen und köstlichen Beeren-Geschmack zum <br>erschwinglichen Preis.<br></p>",Frosted-Berry AW,Unisex,,,,,,,https://cdn.shopify.com/s/files/1/0072/0646/9679/files/vale-frosted-berry-aw.png,,,,,5.90,0.00,1,G,1,IN,3,3,3,,,,
,,VA-2010-1,Unisex,Title,Default Title,,,,,,,,,,5.90,0.00,1,G,1,IN,3,3,3,,,¡VALE!,Frosted-Berry AW
No.7 Very Berry AW,"<p>Entdecke Après No.7 Very Berry All White – Dein fruchtiger Begleiter für ein leichtes und erfrischendes Nikotinerlebnis. Mit einer Stärke von 2/5 und einem Nikotingehalt von 8 mg/g bietet Dir dieser Snus eine angenehme und langanhaltende Wirkung. Der köstliche Beerengeschmack sorgt für ein erfrischendes und fruchtiges Aroma, das Deine Sinne belebt.</p>
<p>Geniesse den einzigartigen Geschmack von No.7 Very Berry. Die aromatische Mischung aus verschiedenen Beerennoten verleiht Dir ein unvergleichliches Geschmackserlebnis. Lass Dich vom fruchtigen Aroma verzaubern und erlebe eine neue Art des tabakfreien Nikotingenusses.</p>
<p>Bestelle jetzt Deinen Après No.7 Very Berry All White online und entdecke die perfekte Kombination aus Frische und Fruchtigkeit. Erfahre, warum Après die bevorzugte Wahl für Snus-Liebhaber ist. Gönn Dir diesen erfrischenden und belebenden Genuss und bringe neue Frische in Deinen Alltag!</p>",No.7 Very Berry AW,Unisex,,,,,,,https://cdn.shopify.com/s/files/1/0072/0646/9679/files/apres-no-7-Very-Berry-aw.png,,,,,5.20,0.00,1,G,13,IN,3,3,3,,,,
,,AP-1105-1,Unisex,Title,Default Title,,,,,,,,,,5.20,0.00,1,G,13,IN,3,3,3,,,Après,No.7 Very Berry AW
Strawberry Kiwi AW Slim,Erdbeere und Kiwi bilden eine perfekte Mischung und werden von lieblichen Noten exotischer Früchte wie Guave und Litschi begleitet.,Strawberry Kiwi AW Slim,Unisex,,,,,,,https://cdn.shopify.com/s/files/1/0072/0646/9679/files/FIX_S4_strawberry-kiwi_AW.png,,,,,5.40,0.00,1,G,29,IN,3,3,3,,,,
,,FI-4015-1,Unisex,Title,Default Title,,,,,,,,,,5.40,0.00,1,G,29,IN,3,3,3,,,FIX,Strawberry Kiwi AW Slim
Americana OP,"<meta charset=""utf-8"">
<div class=""item flex"">
<div class=""title"">
<div class=""info"">
<p>Eine aussergewöhnlichere Geschmacksmischung findet man wohl kaum auf dem Snusmarkt: Kirsche, Wintergrün und Zimt! Der Nick &amp; Johnny Americana erinnert, wie es der Name vermuten lässt, an Root Beer! Mit dem hohen Feuchtigkeitsanteil und seinen 14 mg/g Nikotin ist dieser Original Portion Snus etwas für Snuser die ein intensives Snus Erlebnis suchen!<br><br></p>
</div>
</div>
</div>
<div class=""item flex""></div>",Americana OP,Unisex,,,,,,,https://cdn.shopify.com/s/files/1/0072/0646/9679/products/1636553570015423_nick-johnny-americana-xtra-strong-portion.jpg,,,,,5.90,0.00,1,G,1,IN,3,3,3,,,,
,,NJ-4005-1,Unisex,Title,Default Title,,,,,,,,,,5.90,0.00,1,G,1,IN,3,3,3,,,Nick & Johnny,Americana OP
Strawberry Cream AW,"<p>Tabakfreier Snus mit dem exklusiven Geschmack des Getränks Frozen Strawberry Daiquiri. Der süsse, erfrischende Geschmack der Erdbeere gibt ein Gefühl der Feier. Die Beutel haben eine schnelle Freigabe und einen lang anhaltenden Geschmack.</p>
<p>Die Dosen enthalten 20 schlanke Portionsbeutel aus dem exklusiven Vliesstoff. Die Nikotinstärke beträgt 8.4 mg/Beutel.</p>",Strawberry Cream AW,Unisex,,,,,,,https://cdn.shopify.com/s/files/1/0072/0646/9679/files/Fumi_Strawberry_Cream_sized.png,,,,,5.90,0.00,1,G,1,IN,3,3,3,,,,
,,FU-3015-1,Unisex,Title,Default Title,,,,,,,,,,5.90,0.00,1,G,1,IN,3,3,3,,,FUMI,Strawberry Cream AW
Cherry Blossom AW Slim,"Die aromatische, reizvolle und süsse Kirschblüte, die wir aus Japan kennen, ist eine perfekte Kombination mit sonnengereiften Kirschen und zarten roten Himbeeren.",Cherry Blossom AW Slim,Unisex,,,,,,,https://cdn.shopify.com/s/files/1/0072/0646/9679/files/FIX_S5_cherry-blossom_AW.png,,,,,5.40,0.00,1,G,29,IN,3,3,3,,,,
,,FI-7015-1,Unisex,Title,Default Title,,,,,,,,,,5.40,0.00,1,G,29,IN,3,3,3,,,FIX,Cherry Blossom AW Slim
Blueberry Ice AW Slim,"Blueberry lce bietet einen Geschmack von süssen, aromatischen Blaubeeren zusammen mit Feldbeeren und anderen typischen Beeren aus den schwedischen Wäldern. Ein zusätzlicher Kick und Komplexität wird durch Vanille und Zimt zusammen mit einem knackigen, kühlenden und frischen Geschmack gegeben.",Blueberry Ice AW Slim,Unisex,,,,,,,https://cdn.shopify.com/s/files/1/0072/0646/9679/files/FIX_S5_blueberry-ice_AW.png,,,,,5.40,0.00,1,G,29,IN,3,3,3,,,,
,,FI-6015-1,Unisex,Title,Default Title,,,,,,,,,,5.40,0.00,1,G,29,IN,3,3,3,,,FIX,Blueberry Ice AW Slim
Super White Purple Cassice No.63 Strong AW,Der Skruf Super White Cassice schmeckt nach Cassis sowie süsser Johannisbeere und hat einen durchschnittlichen Nikotingehalt.,Super White Purple Cassice No.63 Strong AW,Unisex,,,,,,,https://cdn.shopify.com/s/files/1/0072/0646/9679/files/skruf-super-white-cassice-strong-no63.png,,,,,5.20,0.00,1,G,1,IN,3,3,3,,,,
,,SK-4105-1,Unisex,Title,Default Title,,,,,,,,,,5.20,0.00,1,G,1,IN,3,3,3,,,Skruf,Super White Purple Cassice No.63 Strong AW
Salty Raspberry AW,"<p>Ein weiterer unvergleichlicher tabakfreier Snus unter den unverwechselbaren Lakritz Geschmacksrichtungen von FUMI. Die natürliche Aromakomposition aus Lakritz und Himbeeren sorgt für ein sehr ekstatisches Erlebnis. FUMI Salty Rasberry hat die gleiche schnelle Freisetzung und das gleiche lange Geschmackserlebnis wie die anderen Produkte im FUMI-Sortiment.</p>
<p>Die Dose enthält 20 schlanke Beutel aus dem exklusiven weichen und weissen Vliesmaterial. Der Nikotingehalt beträgt 8.4 mg/Beutel.</p>",Salty Raspberry AW,Unisex,,,,,,,https://cdn.shopify.com/s/files/1/0072/0646/9679/files/Fumi_Salty_Rasperry_sized.png,,,,,5.90,0.00,1,G,1,IN,3,3,3,,,,
,,FU-1015-1,Unisex,Title,Default Title,,,,,,,,,,5.90,0.00,1,G,1,IN,3,3,3,,,FUMI,Salty Raspberry AW
Röd WP,Inspiriert von Göteborgs Rapé bringt Swedish Match mit dem ONE Röd WP eine weitere Sorte. Dieser White Portion Snus kommt mit einem angenehmen Nikotingehalt von 13 mg/g und dem Aroma von Waldbeeren.,Röd WP,Unisex,,,,,,,https://cdn.shopify.com/s/files/1/0072/0646/9679/products/one_r_d_white_portion.jpg,,,,,4.90,0.00,1,G,20,IN,3,3,3,,,,
,,OE-5005-1,Unisex,Title,Default Title,,,,,,,,,,4.90,0.00,1,G,20,IN,3,3,3,,,ONE,Röd WP
Blue Ice Slim AW,"Royal Lifestyle Blue Ice überrascht dich mit einem leckeren Blaubeerengeschmack und einem hauch von coolen kaltem Menthol, was ihn zu einer guten Variante für Geniesser macht.",Blue Ice Slim AW,Unisex,,,,,,,https://cdn.shopify.com/s/files/1/0072/0646/9679/files/royal-lifestyle-blue-iceaw_8f7fe7fe-24fb-48e8-b468-7e1ce7c9ed18.png,,,,,5.90,0.00,1,G,1,IN,3,3,3,,,,
,,RL-7010-1,Unisex,Title,Default Title,,,,,,,,,,5.90,0.00,1,G,1,IN,3,3,3,,,Royal Lifestyle,Blue Ice Slim AW
Icy Cherry AW,"<p>Erlebe die perfekte Kombination aus Frische und Fruchtigkeit mit <strong>VELO Icy Cherry All White</strong>. Mit einem Nikotingehalt von <strong>14,3 mg/g</strong> und einem köstlichen Kirschgeschmack bietet Dir dieses Snus-Produkt ein angenehmes und dennoch wirkungsvolles Erlebnis. Die Stärke von <strong>3/5</strong> macht es ideal für alle, die eine moderate, aber erfrischende Wirkung suchen. Jede Dose enthält <strong>20 Slim Beutel</strong>, die besonders praktisch für unterwegs sind und in jeder Situation diskret angewendet werden können.</p>
<p>Der VELO Icy Cherry All White verwöhnt Dich mit einem süsslich-erfrischenden Kirschgeschmack, der an reife Kirschen erinnert und gleichzeitig eine eisige Note mit sich bringt. Ob Du auf der Suche nach einem fruchtigen Genuss bist oder einfach nur eine kleine Erfrischung für zwischendurch benötigst – dieses Produkt ist die perfekte Wahl für Dich.</p>
<p>Probiere jetzt den VELO Icy Cherry All White und erlebe ein fruchtig-eisiges Abenteuer.</p>
<!---->",Icy Cherry AW,Unisex,,,,,,,https://cdn.shopify.com/s/files/1/0072/0646/9679/files/Velo_Icy_Cherry.png,,,,,5.20,0.00,1,G,14,IN,3,3,3,,,,
,,VE-8305-1,Unisex,Title,Default Title,,,,,,,,,,5.20,0.00,1,G,14,IN,3,3,3,,,VELO (SE),Icy Cherry AW
Fig Raspberry AW Slim,"Die aromatische, reizvolle und süsse Kirschblüte, die wir aus Japan kennen, ist eine perfekte Kombination mit sonnengereiften Kirschen und zarten roten Himbeeren.",Fig Raspberry AW Slim,Unisex,,,,,,,https://cdn.shopify.com/s/files/1/0072/0646/9679/files/FIX_S3_fig-raspberry_AW.png,,,,,5.40,0.00,1,G,29,IN,3,3,3,,,,
,,FI-1015-1,Unisex,Title,Default Title,,,,,,,,,,5.40,0.00,1,G,29,IN,3,3,3,,,FIX,Fig Raspberry AW Slim
Sparkling Strawberry AW Slim,"<p>Erlebe den verlockenden Geschmack von Erdbeeren. Mit einem Aroma von frischen Erdbeeren und einem Hauch von Champagner bietet dieser All White Snus ein erfrischendes und luxuriöses Geschmackserlebnis. Die Stärke von 2/5 und ein Nikotingehalt von 10 mg/g sorgen für eine sanfte, aber dennoch befriedigende Wirkung. Jede Dose enthält 10 g Tabakersatz, verteilt auf 20 Slim-Beutel.</p>
<p>Alle unsere Nikotinbeutel sind leicht feucht. Die Feuchtigkeit zusammen mit einem Hauch von Süsse bedeutet, dass der Geschmack hervorgehoben wird und länger anhält. Probiere Strawberry Champagner jetzt und geniesse das exquisite, fruchtige Erlebnis!</p>",Sparkling Strawberry AW Slim,Unisex,,,,,,,https://cdn.shopify.com/s/files/1/0072/0646/9679/files/Kelly_White_Sparkling_Strawberry_sized.png,,,,,5.20,0.00,1,G,1,IN,3,3,3,,,,
,,KW-3015-1,Unisex,Title,Default Title,,,,,,,,,,5.20,0.00,1,G,1,IN,3,3,3,,,Kelly White,Sparkling Strawberry AW Slim
Raspberry Lemon AW Mini,"<p>Erlebe den erfrischenden Geschmack von <a href=""https://snushus.ch/collections/kelly-white-snus"">Kelly White</a> Raspberry Lemon, der sich am besten als Himbeersorbet beschreiben lässt. Zuerst wird man von einer angenehmen Kühle begrüsst, gefolgt von süssen Himbeeren und einem Unterton von Zitrone. Dieser All White Snus bietet eine Stärke von 2/5 und einen Nikotingehalt von 15 mg/g, was für eine sanfte, aber dennoch befriedigende Erfahrung sorgt. Jede Dose enthält 8 g Tabakersatz, verteilt auf 20 Mini-Beutel.</p>
<p>Alle unsere Nikotinbeutel sind leicht feucht. Die Feuchtigkeit zusammen mit einem Hauch von Süsse bedeutet, dass der Geschmack mehr betont wird und länger anhält. Probiere Raspberry Lemon jetzt und geniesse das fruchtige, erfrischende Erlebnis!</p>",Raspberry Lemon AW Mini,Unisex,,,,,,,https://cdn.shopify.com/s/files/1/0072/0646/9679/files/Kelly_White_Raspberry_Lemon_sized_253961d5-7753-4211-89b9-3a4d7b8e6f55.png,,,,,5.20,0.00,1,G,1,IN,3,3,3,,,,
,,KW-5115-1,Unisex,Title,Default Title,,,,,,,,,,5.20,0.00,1,G,1,IN,3,3,3,,,Kelly White,Raspberry Lemon AW Mini
Blåklint AW Slim,"Eine Komposition aus Blaubeeren und leckeren schwarzen Beeren, mit einem Hauch von Veilchen gibt dem starken Nikotinbeutel seine einzigartige Fülle und seinen köstlichen Geschmack.",Blåklint AW Slim,Unisex,,,,,,,https://cdn.shopify.com/s/files/1/0072/0646/9679/files/KLINT_S5_blaklint_AW.png,,,,,5.90,0.00,1,G,29,IN,3,3,3,,,,
,,KL-5115-1,Unisex,Title,Default Title,,,,,,,,,,5.90,0.00,1,G,29,IN,3,3,3,,,KLINT,Blåklint AW Slim
Forest Fruits AW Slim,"<p>Erlebe den unvergleichlichen Genuss von <a href=""https://snushus.ch/collections/red-muule-snus"">Red Muule</a> Forest Fruits – der italienische Snus, der Dir den Geschmack des Waldes in jedem Beutel bietet. Diese Premium-Marke aus Italien überzeugt mit einer mittleren Stärke von 3/5 und einer Nikotinkonzentration von 14 mg/g, perfekt für gelegentliche Snuser, die einen ausgewogenen und dennoch intensiven Genuss bevorzugen.</p>
<p>Der Red Muule Forest Fruits Snus begeistert mit seinem verlockenden Geschmack nach Waldfrüchten. Die Slim Beutel sind besonders diskret und angenehm zu tragen, sodass Du Deinen Snus jederzeit und überall geniessen kannst. Mit 10 g Tabakersatz pro Dose bietet dieser All White Snus eine erfrischende Alternative ohne Verfärbung Deiner Zähne.</p>
<p>Dieser hochwertige Snus aus Italien ist ideal für alle, die einen gelegentlichen Nikotinkick suchen, ohne auf Geschmack und Qualität zu verzichten. Die sorgfältig ausgewählten Zutaten und die erstklassige Verarbeitung garantieren ein gleichmässiges und befriedigendes Snus-Erlebnis.</p>
<p>Bestelle jetzt Deinen Red Muule Forest Fruits Snus online und geniesse den fruchtigen Geschmack und die angenehme Nikotinstärke. Erlebe die Qualität und den erfrischenden Geschmack von Red Muule Forest Fruits und finde heraus, warum dieser Snus so besonders ist.</p>
<!---->",Forest Fruits AW Slim,Unisex,,,,,,,https://cdn.shopify.com/s/files/1/0072/0646/9679/files/redmuule_forest_fruits.png,,,,,4.90,0.00,1,G,10,IN,3,3,3,,,,
,,RM-2015-1,Unisex,Title,Default Title,,,,,,,,,,4.90,0.00,1,G,10,IN,3,3,3,,,Red Muule,Forest Fruits AW Slim
Red Berries AW Slim,"<p>Entdecke <a href=""https://snushus.ch/collections/red-muule-snus"">Red Muule</a><a href=""https://snushus.ch/collections/red-muule""></a> Red Berries All White Slim – Dein perfekter Begleiter für ein intensives und erfrischendes Nikotinerlebnis! Mit einem Nikotingehalt von 14 mg/g und Slim Beuteln bietet Dir dieser Snus eine ausgewogene und lang anhaltende Erfahrung. Die All White Nikotinbeutel sorgen für einen erfrischenden und fruchtigen Geschmack nach roten Beeren.</p>
<p>Red Muule Red Berries All White Slim ist die ideale Wahl für alle, die Diskretion und Komfort schätzen. Dank der fortschrittlichen Technologie zur Geschmacksverstärkung erlebst Du ein intensives Aroma, das langanhaltende Zufriedenheit garantiert. Die schlanken Beutel sind diskret und angenehm zu konsumieren, sodass Du Deinen Snus jederzeit und überall geniessen kannst. Die 20g Dose bietet Dir ausreichend Vorrat für viele genussvolle Momente.</p>
<p>Gönn Dir den unvergleichlichen Genuss von Red Muule Red Berries All White Slim. Bestelle jetzt online und erfahre, wie dieser Snus Dir eine perfekte Mischung aus Fruchtigkeit, Diskretion und lang anhaltender Zufriedenheit bietet. Entdecke den Unterschied und bereichere Deinen Alltag mit einem intensiven Geschmackserlebnis!</p>
<!---->",Red Berries AW Slim,Unisex,,,,,,,https://cdn.shopify.com/s/files/1/0072/0646/9679/files/redmuule_red_berries_3e772af2-8902-476e-a37d-79f8f39a02ea.png,,,,,4.90,0.00,1,G,10,IN,3,3,3,,,,
,,RM-4015-1,Unisex,Title,Default Title,,,,,,,,,,4.90,0.00,1,G,10,IN,3,3,3,,,Red Muule,Red Berries AW Slim
Blueberry Strong AW,"<p>Entdecke den <a href=""https://snushus.ch/collections/xo-snus"">XO</a><a href=""https://snushus.ch/collections/xo""></a> Blueberry Snus – Deine perfekte Wahl für einen erfrischend süssen Blaubeergeschmack. Speziell entwickelt für Personen, die eine hohe Snus-Stärke bevorzugen, bietet dieser All White Snus ein intensives Aroma und eine angenehme Nikotinstärke, die Deine Sinne belebt.</p>
<p>Der XO Blueberry Snus überzeugt mit seinem süssen Blaubeergeschmack, der jedes Mal aufs Neue begeistert. Die Slim Pouches sind besonders diskret und komfortabel zu tragen, sodass Du jederzeit und überall Dein Snus-Erlebnis geniessen kannst. Jede Dose enthält 10 g feinsten Snus, verteilt auf 20 Beutel – perfekt portioniert für eine langanhaltende Frische.</p>
<p>Mit den hochwertigen All White Snus Pouches bleibt Dein Lächeln strahlend weiss, da sie keine Verfärbungen verursachen. Der XO Blueberry Snus kombiniert höchsten Genuss mit praktischer Handhabung.</p>
<p>Ob Du unterwegs bist oder einfach nur eine erfrischende Pause einlegen möchtest, der XO Blueberry Snus ist stets bereit, Dir das ultimative Snus-Erlebnis zu bieten. Bestelle jetzt Deinen XO Blueberry Snus online und erlebe den süssen Geschmack der Blaubeere in jeder Slim Pouch.</p>
<!---->",Blueberry Strong AW,Unisex,,,,,,,https://cdn.shopify.com/s/files/1/0072/0646/9679/files/XO_Blueberry_e01ed586-60b8-4d62-a13f-e8c64eb3e3c5.png,,,,,4.90,0.00,1,G,1,IN,3,3,3,,,,
,,XO-1015-1,Unisex,Title,Default Title,,,,,,,,,,4.90,0.00,1,G,1,IN,3,3,3,,,XO,Blueberry Strong AW
ONYX AW,"Der edel ONYX ist das bisher stärkste All White Produkt auf dem Schweizer Markt. Eine Mischung saftiger Bergkräuter mit einem Hauch von Eukalyptus. ONYX ist nichts für schwache Gemüter, aber trotzdem unglaublich lecker. Bist du bereit für den Kick?",ONYX AW,Unisex,,,,,,,https://cdn.shopify.com/s/files/1/0072/0646/9679/files/edelsnus_PP_Top_Onyx_wo_Shadow.png,,,,,5.90,0.00,1,G,28000,IN,3,3,3,,,,
,,ED-9010-1,Unisex,Title,Default Title,,,,,,,,,,5.90,0.00,1,G,28000,IN,3,3,3,,,edel,ONYX AW
Eucalyptus X-Strong AW,"<span data-mce-fragment=""1"">Von der bekannten Marke Velo kommt mit Velo Eucalyptus Slim X-Strong All White Portion eine neue Geschmacksrichtung der populären Marke. Dabei ist nicht nur das Geschmackserlebnis recht intensiv. Auch der Nikotinkick ist mit einem Nikotingehalt 15,6 mg/g eher stark. Die 20 All-White Portionen im Slim-Format sind zudem in einer praktischen Dose verpackt, die auch für unterwegs passt.</span>",Eucalyptus X-Strong AW,Unisex,,,,,,,https://cdn.shopify.com/s/files/1/0072/0646/9679/files/velo-eucalyptus-x-strong-aw.png,,,,,5.20,0.00,1,G,30,IN,3,3,3,,,,
,,VE-1805-1,Unisex,Title,Default Title,,,,,,,,,,5.20,0.00,1,G,30,IN,3,3,3,,,VELO (SE),Eucalyptus X-Strong AW
ONYX AW Bigpack,"<p>Der edel ONYX ist das bisher stärkste All White Produkt auf dem Schweizer Markt. Eine Mischung saftiger Bergkräuter mit einem Hauch von Eukalyptus. ONYX ist nichts für schwache Gemüter, aber trotzdem unglaublich lecker. Bist du bereit für den Kick? Jetzt auch in der Vorteilspackung aus umweltfreundlichem Karton mit 100 Snusbeuteln!</p>",ONYX AW Bigpack,Unisex,,,,,,,https://cdn.shopify.com/s/files/1/0072/0646/9679/files/edelsnus-onyx-all-white-big-pack-20.png,https://cdn.shopify.com/s/files/1/0072/0646/9679/products/edelsnus-onyx-all-white-big-pack-comparison.png,,,,24.90,0.00,1,G,1,IN,3,3,3,,,,
,,ED-9020-1,Unisex,Title,Default Title,,,,,,,,,,24.90,0.00,1,G,1,IN,3,3,3,,,edel,ONYX AW Bigpack
Alpächrütli AW,"<p>Der 7SIÄCH Alpächrütli ist eine einzigartige Mischung aus frischen Kräutern und erinnert an die saftigen Schweizer Alpen. Mit 25 mg/g Nikotin gibt er dir einen garantierten Frischekick. Das perfekte Geschmackserlebnis für alle Snuser, die Wert auf Schweizer Qualität legen.<br></p>
<p>7SIÄCH ist ein junges Schweizer Startup, das einzigartigen Schweizer Snus in höchster Qualität auf den Markt bringt. Ihr Ziel ist es, eine Schweizer Alternative zu den Produkten der grossen Tabakunternehmen anzubieten.</p>",Alpächrütli AW,Unisex,,,,,,,https://cdn.shopify.com/s/files/1/0072/0646/9679/products/7SIACH_Alpaechruetli_sized.png,,,,,6.90,0.00,1,G,1,IN,3,3,3,,,,
,,7S-1000-1,Unisex,Title,Default Title,,,,,,,,,,6.90,0.00,1,G,1,IN,3,3,3,,,7Siäch,Alpächrütli AW
Deep Freeze AW Slim,"<p>Der G.4 Deep Freeze von Swedish Match hat einen hellen, würzigen Charakter mit deutlichen Noten von Eukalyptus und Menthol. Ein langer schlanker All White Beutel mit optimierter Passform, aussen trocken mit einem feuchten Inhalt für lang anhaltende Geschmacksentfaltung und geringem Rinnen.<br></p>",Deep Freeze AW Slim,Unisex,,,,,,,https://cdn.shopify.com/s/files/1/0072/0646/9679/products/1647421618622566_g4-deep-freeze-aw.jpg,,,,,5.55,0.00,1,G,40000,IN,3,3,3,,,,
,,G4-1005-1,Unisex,Title,Default Title,,,,,,,,,,5.55,0.00,1,G,40000,IN,3,3,3,,,G.4,Deep Freeze AW Slim
Super White Polar Eucalyptus Strong No.57 AW,"<meta charset=""utf-8"">
<div class=""item flex"">
<div class=""title""><br></div>
</div>
<div class=""item flex"">
<div class=""info"">
<p><span>Auf aromatisierter Zellulosebasis und völlig frei von Tabak kommen auch die Skruf Super White Beutel im Slim Format. Ohne Tabak bedeutet ohne gewöhnungsbedürftigen Tabakgeruch sowie ohne jegliche Tabakschadstoffe - aktuell gibt es weltweit keine weniger schädliche Art, Nikotin zu konsumieren. All White Snus / Nicotine Pouches bietet sich deshalb vor allem Rauchern an, welche mit Rauchentwöhnung wie Nikotinpflaster, Nikotinkaugummi oder Nikotinspray nichts anfangen können.<br></span></p>
<p> </p>
<p>Der Skruf Super White Polar<span> schmeckt nach Menthol sowie Eukalyptus </span>und hat einen durchschnittlichen<span> </span>Nikotingehalt.</p>
</div>
<div class=""info"">
<div class=""info"">
<div class=""item flex"">
<div class=""title""><br></div>
<div class=""title""><br></div>
</div>
</div>
</div>
</div>",Super White Polar Eucalyptus Strong No.57 AW,Unisex,,,,,,,https://cdn.shopify.com/s/files/1/0072/0646/9679/products/skruf-Polar_eucalyptus-no-57-sized.png,,,,,5.20,,1,G,30,IN,3,3,3,,,,
,,SK-2005-1,Unisex,Title,Default Title,,,,,,,,,,5.20,,1,G,30,IN,3,3,3,,,Skruf,Super White Polar Eucalyptus Strong No.57 AW
Cryo AW Slim,"<p>Der G.4 Cryo von Swedish Match hat einen hellen. würzigen Charakter mit deutlichen Noten von Pfefferminz und Eukalyptus, dazu Spuren von Vanille. Ein langer schlanker All White Beutel mit optimierter Passform, aussen trocken mit einem feuchten Inhalt für lang anhaltende Geschmacksentfaltung und geringem Rinnen.</p>",Cryo AW Slim,Unisex,,,,,,,https://cdn.shopify.com/s/files/1/0072/0646/9679/products/1647422021844617_g4-cryo-aw.jpg,,,,,5.55,0.00,1,G,40000,IN,3,3,3,,,,
,,G4-2005-1,Unisex,Title,Default Title,,,,,,,,,,5.55,0.00,1,G,40000,IN,3,3,3,,,G.4,Cryo AW Slim
Super Strong Eucalyptus WP,"<meta charset=""utf-8"">
<div class=""item flex"">
<div class=""title"">
<div class=""info"">
<p>General Super Strong Eucalyptus WP - Ein moderner Klassiker mit würzigem Tabak und einem klaren Geschmack von Eukalyptus und Pfefferminze. Ein kompromissloses Tabakerlebnis, das auf stolzer Tradition und Handwerkskunst aufbaut. Ein milder und würziger Tabakgeschmack mit deutlichen Noten von Eukalyptus und Pfefferminze.</p>
</div>
</div>
</div>
<div class=""item flex""></div>",Super Strong Eucalyptus WP,Unisex,,,,,,,https://cdn.shopify.com/s/files/1/0072/0646/9679/files/general-super-strong-eucalyptus-wp_cc3d8624-d787-4e2b-ae02-48dd4994a5f1.png,,,,,7.90,0.00,1,G,35000,IN,3,3,3,,,,
,,GE-7005-1,Unisex,Title,Default Title,,,,,,,,,,7.90,0.00,1,G,35000,IN,3,3,3,,,General,Super Strong Eucalyptus WP
Super Strong Eucalyptus WP Slim,"<div class=""item flex"">
<div class=""title"">
<div class=""info"">
<p>General Super Strong Eucalyptus WP Slim - Ein moderner Klassiker mit würzigem Tabak und einem klaren Geschmack von Eukalyptus und Pfefferminze. Ein kompromissloses Tabakerlebnis, das auf stolzer Tradition und Handwerkskunst aufbaut. Ein milder und würziger Tabakgeschmack mit deutlichen Noten von Eukalyptus und Pfefferminze.</p>
</div>
</div>
</div>
<div class=""item flex""></div>",Super Strong Eucalyptus WP Slim,Unisex,,,,,,,https://cdn.shopify.com/s/files/1/0072/0646/9679/files/general-super-strong-eucalyptus-slim-wp.png,,,,,7.90,0.00,1,G,29,IN,3,3,3,,,,
,,GE-7015-1,Unisex,Title,Default Title,,,,,,,,,,7.90,0.00,1,G,29,IN,3,3,3,,,General,Super Strong Eucalyptus WP Slim
Eucalyptus Slim AW,Belebender Snus mit vollmundigem Charakter – Snus Super White Eucalypthus SLIM,Eucalyptus Slim AW,Unisex,,,,,,,https://cdn.shopify.com/s/files/1/0072/0646/9679/files/royal-lifestyle-eucalyptus-aw_7f7c7b96-fd4f-4773-af16-6d2e389978eb.png,,,,,5.90,0.00,1,G,32,IN,3,3,3,,,,
,,RL-5010-1,Unisex,Title,Default Title,,,,,,,,,,5.90,0.00,1,G,32,IN,3,3,3,,,Royal Lifestyle,Eucalyptus Slim AW
Cold Extreme WDP,"<meta charset=""utf-8"">
<div class=""item flex "">
<div class=""title""></div>
</div>
<div class=""item flex "">
<div class=""info"">
<p>Oden's Cold Extreme WDP (<strong>White Dry Portion</strong>) ist ein eiskalter Portionssnus mit einer minzigen Frische. Ganz besonders tritt ein Geschmack von Spearmint aus dem ansonsten traditionellen, erdnahen Tabakgeschmack hervor. Oden's Cold Dry ist ein sogenannter trockener Portionssnus, der nicht rinnt und ein noch erfrischenderes Gefühl bietet als andere Snus dieser Serie. Odens zählt zusammen mit <a href=""https://snushus.ch/collections/siberia"" title=""Siberia"">Siberia </a>zu den beliebtesten Snusmarken der Schweiz. Bei Fragen, Wünschen oder Anregungen kannst du uns gerne auf der <a href=""https://snushus.ch/pages/kontakt"" title=""Kontakt"">Kontaktseite</a> schreiben.</p>
</div>
<div class=""info""></div>
<div class=""info"">
<div class=""info"">
<div class=""item flex ""></div>
</div>
</div>
</div>",Cold Extreme WDP,Unisex,,,,,,,https://cdn.shopify.com/s/files/1/0072/0646/9679/files/Snus_Container_Top_View_Odens_Cold_Dry.png,,,,,4.80,,1,G,30,IN,3,3,3,,,,
,,OD-1005-1,Unisex,Title,Default Title,,,,,,,,,,4.80,,1,G,30,IN,3,3,3,,,Oden's,Cold Extreme WDP
Cold Extreme WDP 500g Box,"<meta charset=""utf-8"">
<div class=""item flex"">
<div class=""title"">
<div class=""info"">
<span>Oden's Cold Extreme WDP (</span><strong>White Dry Portion</strong><span>) ist ein eiskalter Portionssnus mit einer minzigen Frische. Ganz besonders tritt ein Geschmack von Spearmint aus dem ansonsten traditionellen, erdnahen Tabakgeschmack hervor. Oden's Cold Dry ist ein sogenannter trockener Portionssnus, der nicht rinnt und ein noch erfrischenderes Gefühl bietet als andere Snus dieser Serie. Odens zählt zusammen mit </span><a href=""https://snushus.ch/collections/siberia"" title=""Siberia"">Siberia<span> </span></a><span>zu den beliebtesten Snusmarken der Schweiz. Bei Fragen, Wünschen oder Anregungen kannst du uns gerne auf der </span><a href=""https://snushus.ch/pages/kontakt"" title=""Kontakt"">Kontaktseite</a><span> schreiben.</span>
</div>
<div class=""info"">
<div class=""info"">
<div class=""item flex""></div>
</div>
</div>
</div>
</div>
<div class=""item flex""></div>",Cold Extreme WDP 500g Box,Unisex,,,,,,,https://cdn.shopify.com/s/files/1/0072/0646/9679/products/odens-cold-extreme-white-dry-portion-box_0a9600d7-7d68-43ea-83dd-0cdfa830332f.png,,,,,109.00,0.00,1,G,600,IN,3,3,3,,,,
,,OD-1025-1,Unisex,Title,Default Title,,,,,,,,,,109.00,0.00,1,G,600,IN,3,3,3,,,Oden's,Cold Extreme WDP 500g Box
COLD AW,"<p class=""MsoNormal""><span lang=""DE-AT"" style=""mso-ansi-language: DE-AT;"">Der edel COLD ist in aller Munde und wurde bereits im ersten Jahr zum beliebtesten und meistverkauften All-White-Snus auf dem Schweizer Markt. Diese einzigartige Minz-Menthol-Mischung mit Frische-Booster und einem Nikotingehalt von 20 mg/g wurde speziell für die Vorlieben der heimischen Konsumenten entwickelt. Mit der erfrischenden Kraft des COLD bist du für alles gewappnet – jederzeit und überall.</span><span lang=""DE"" style=""mso-ansi-language: DE;""></span></p>",COLD AW,Unisex,,,,,,,https://cdn.shopify.com/s/files/1/0072/0646/9679/files/edelsnus_PP_Top_Cold_wo_Shadow.png,,,,,5.90,,1,G,14,IN,3,3,3,,,,
,,ED-1010-1,Unisex,Title,Default Title,,,,,,,,,,5.90,,1,G,14,IN,3,3,3,,,edel,COLD AW
Cold Extreme WDP Slim,"<meta charset=""utf-8"">
<div class=""item flex "">
<div class=""title""></div>
</div>
<div class=""item flex "">
<div class=""info"">
<div class=""info"">
<p>Oden's Extreme Cold Dry ist ein eiskalter Portionssnus mit einer minzigen Frische. Ganz besonders tritt ein Geschmack von Spearmint aus dem ansonsten traditionellen, erdnahen Tabakgeschmack hervor. Oden's Cold Dry ist ein sogenannter trockener Portionssnus, der nicht rinnt und ein noch erfrischenderes Gefühl bietet als andere Snus dieser Serie. Oden‘s zählt zusammen mit Siberia zu den beliebtesten Snusmarken der Schweiz.</p>
</div>
<div class=""info"">
<div class=""info"">
<div class=""item flex ""></div>
</div>
</div>
</div>
<div class=""info"">
<div class=""item flex ""></div>
</div>
</div>",Cold Extreme WDP Slim,Unisex,,,,,,,https://cdn.shopify.com/s/files/1/0072/0646/9679/files/odens-cold-extreme-white-dry-slim-portion.png,,,,,4.60,,1,G,30,IN,3,3,3,,,,
,,OD-1015-1,Unisex,Title,Default Title,,,,,,,,,,4.60,,1,G,30,IN,3,3,3,,,Oden's,Cold Extreme WDP Slim
Mighty Peppermint AW,"<p>Eisdurchdringender, intensiver Geschmack auf salziger Geschmacksbasis. Sie erinnern sich vielleicht unter dem ursprünglichen Namen LYFT Freeze daran.</p>
<p><span>Erlebe mit dem VELO Mighty Peppermint AW eine erfrischende Neuheit! Der altbekannte Velo Freeze AW wurde aufgewertet und erstrahlt nun unter dem neuen Design. </span></p>
<p>EPOK, LYFT oder VELO?! <br>Weitere Informationen dazu findest Du in <a href=""https://snushus.ch/blogs/snusbuch/was-ist-all-white-snus"" rel=""noopener noreferrer"" target=""_blank"">unserem Blog</a>.</p>",Mighty Peppermint AW,Unisex,,,,,,,https://cdn.shopify.com/s/files/1/0072/0646/9679/files/Velo-Mighty-Peppermint-light2024.png,,,,,6.90,,1,G,14,IN,3,3,3,,,,
,,VE-4105-1,Unisex,Title,Default Title,,,,,,,,,,6.90,,1,G,14,IN,3,3,3,,,VELO (SK),Mighty Peppermint AW
Cold Extreme WP,"<meta charset=""utf-8"">
<div class=""item flex "">
<div class=""title""></div>
</div>
<div class=""item flex "">
<div class=""info"">
<p>Oden's Cold Extreme White Portion ist ein Portionssnus mit einem süssen Minzgeschmack und viel Nikotin. Das Tabakaroma ist hervorstechend und verleiht dem Snus einen traditionellen Geschmack, zusammen mit der Minze. <span>Zusammen mit </span><a href=""https://snushus.ch/collections/siberia"" title=""Siberia"">Siberia<span> </span></a><span>gehört Oden´s zu den beliebtesten Snus-Marken. </span><span>Bei Fragen, Wünschen oder Anregungen </span><span>kannst du </span><span>uns </span><span>gerne auf der </span><span></span><a href=""https://snushus.ch/pages/kontakt"" title=""Kontakt"">Kontaktseite</a><span> s</span><span>chreiben</span><span>.</span></p>
</div>
<div class=""info"">
<div class=""info"">
<div class=""item flex "">
<div class=""title""></div>
<div class=""title""></div>
</div>
</div>
</div>
</div>",Cold Extreme WP,Unisex,,,,,,,https://cdn.shopify.com/s/files/1/0072/0646/9679/files/Snus_Container_Top_View_Odens_Cold_Extreme_WP.png,,,,,4.80,,1,G,30,IN,3,3,3,,,,
,,OD-2005-1,Unisex,Title,Default Title,,,,,,,,,,4.80,,1,G,30,IN,3,3,3,,,Oden's,Cold Extreme WP
Mighty Peppermint MAX AW,"<div class=""info"">
<div class=""info"">
<div class=""item flex"">
<div class=""title"">
<p>Erlebe <a href=""https://snushus.ch/collections/velo-snus"">VELO</a> Mighty Peppermint MAX All White – Dein extrem starker Begleiter für ein intensives Nikotinerlebnis. Mit einer Stärke von 6/5 und einem beeindruckenden Nikotingehalt von 24 mg/g bietet Dir dieser Snus eine außergewöhnlich starke und langanhaltende Wirkung. Die 20 Slim Beutel sind perfekt für diskreten und bequemen Genuss und enthalten einen erfrischenden Minzgeschmack.</p>
<p><strong>Der altbekannte VELO Freeze Max trägt nun den Namen VELO Mighty Peppermint MAX und erstrahlt in einem neuen Deisgn</strong>.</p>
<p>Auf aromatisierter Zellulosebasis und völlig frei von Tabak kommen auch die VELO Beutel im Slim Format. Ohne Tabak bedeutet kein gewöhnungsbedürftiger Tabakgeruch sowie keine Tabakschadstoffe – weltweit gibt es aktuell keine weniger schädliche Art, Nikotin zu konsumieren. All White Snus / Nicotine Pouches bieten sich deshalb vor allem Rauchern an, die mit herkömmlichen Methoden zur Rauchentwöhnung wie Nikotinpflastern, Nikotinkaugummis oder Nikotinsprays wenig Erfolg haben.</p>
<p>Geniesse die kraftvolle Frische von VELO Mighty Peppermint MAX All White und erlebe die Vorteile eines tabakfreien Nikotinerlebnisses. Bestelle jetzt online und entdecke, warum VELO die bevorzugte Wahl für Snus-Liebhaber ist. Gönn Dir diesen extrem starken und erfrischenden Genuss und bringe Frische in Deinen Alltag!</p>
<p>EPOK, LYFT oder VELO?<span> </span><a href=""https://snushus.ch/blogs/snusbuch/epok-und-lyft-werden-ersetzt-mit-velo"">Hier findest Du alle Informationen zu diesem Thema!</a></p>
</div>
</div>
</div>
</div>",Mighty Peppermint MAX AW,Unisex,,,,,,,https://cdn.shopify.com/s/files/1/0072/0646/9679/files/velo-mighty-peppermint-6-aw.png,,,,,5.20,0.00,1,G,14,IN,3,3,3,,,,
,,VE-1115-1,Unisex,Title,Default Title,,,,,,,,,,5.20,0.00,1,G,14,IN,3,3,3,,,VELO (SE),Mighty Peppermint MAX AW
Peppermint Storm X-Strong AW,"<p>Erlebe <a href=""https://snushus.ch/collections/velo-snus"">VELO</a> Peppermint Storm X-Strong AW – Dein kraftvoller Begleiter für ein intensives und erfrischendes Nikotinerlebnis. Mit einer Stärke von 4/5 und einem beeindruckenden Nikotingehalt von 15,6 mg/g bietet Dir dieser Snus eine starke und langanhaltende Wirkung.</p>
<p><strong>Der altbekannte Velo Cool Storm X-Strong AW</strong> wurde aufgewertet und erstrahlt nun unter dem neuen Design.</p>
<p>Auf aromatisierter Zellulosebasis und völlig frei von Tabak kommen auch die VELO Beutel im Slim Format. Ohne Tabak bedeutet ohne gewöhnungsbedürftigen Tabakgeruch sowie ohne jegliche Tabakschadstoffe – weltweit gibt es aktuell keine weniger schädliche Art, Nikotin zu konsumieren. All White Snus / Nicotine Pouches sind besonders für Raucher geeignet, die mit herkömmlichen Methoden zur Rauchentwöhnung wie Nikotinpflastern, Nikotinkaugummis oder Nikotinsprays nichts anfangen können.</p>
<p>VELO Cool Storm bietet einen starken Mentholgeschmack, ergänzt durch einen Hauch von Pfefferminz und ein sehr starkes Kühlungsgefühl. Diese Kombination sorgt für ein belebendes und erfrischendes Aroma, das Deine Sinne belebt und Dich sofort erfrischt.</p>
<p>Geniesse die kraftvolle Frische von VELO Peppermint Storm X-Strong AW und erlebe die Vorteile eines tabakfreien Nikotinerlebnisses. Bestelle jetzt online und entdecke, warum VELO die bevorzugte Wahl für Snus-Liebhaber ist. Gönn Dir diesen intensiven Genuss und bringe Frische in Deinen Alltag!</p>
<p><a href=""https://snushus.ch/blogs/snusbuch/epok-und-lyft-werden-ersetzt-mit-velo"">EPOK, LYFT oder VELO? Hier findest Du alle Informationen zu diesem Thema!</a></p>",Peppermint Storm X-Strong AW,Unisex,,,,,,,https://cdn.shopify.com/s/files/1/0072/0646/9679/files/velo-peppermint-storm.png,,,,,5.20,0.00,1,G,14,IN,3,3,3,,,,
,,VE-1205-1,Unisex,Title,Default Title,,,,,,,,,,5.20,0.00,1,G,14,IN,3,3,3,,,VELO (SE),Peppermint Storm X-Strong AW
Cold Extreme WP Slim,"<meta charset=""utf-8"">
<div class=""item flex"">
<div class=""title""></div>
</div>
<div class=""item flex"">
<div class=""info"">
<div class=""info"">
<p><span>Odens Cold Extreme Slim White Portion ist ein kraftvoller und starker Snus mit kühlen Aromen von echten Minzölen. Der Nikotingehalt beträgt 22 mg / g und die schlanken Portionen sind etwas kleiner und schmecken lange.</span></p>
</div>
<div class=""info"">
<div class=""info"">
<div class=""item flex""></div>
</div>
</div>
</div>
<div class=""info"">
<div class=""item flex""></div>
</div>
</div>",Cold Extreme WP Slim,Unisex,,,,,,,https://cdn.shopify.com/s/files/1/0072/0646/9679/files/odens-white-slim-portion.png,,,,,4.60,,1,G,20,IN,3,3,3,,,,
,,OD-2015-1,Unisex,Title,Default Title,,,,,,,,,,4.60,,1,G,20,IN,3,3,3,,,Oden's,Cold Extreme WP Slim
Mighty Peppermint ULTRA AW,"<p>Erlebe <a href=""https://snushus.ch/collections/velo-snus"">VELO</a> Mighty Peppermint ULTRA All White – Dein kraftvoller Begleiter für ein erfrischendes und starkes Nikotinerlebnis. Mit einer Stärke von 5/5 und einem Nikotingehalt von 20 mg/g bietet Dir dieser Snus eine intensive und langanhaltende Wirkung. Die 20 Slimbeutel sind ideal für diskreten und bequemen Genuss und enthalten einen belebenden Geschmack von Pfefferminze und Menthol.</p>
<p><strong>Der VELO Mighty Peppermint ULTRA ist das neuste Produkt von VELO und ersetzt den altbekannten VELO Freeze Ultra</strong>. </p>
<p>Auf aromatisierter Zellulosebasis und völlig frei von Tabak kommen auch die VELO Beutel im Slim Format. Ohne Tabak bedeutet kein gewöhnungsbedürftiger Tabakgeruch sowie keine Tabakschadstoffe – weltweit gibt es aktuell keine weniger schädliche Art, Nikotin zu konsumieren. All White Snus / Nicotine Pouches sind besonders für Raucher geeignet, die mit herkömmlichen Methoden zur Rauchentwöhnung wie Nikotinpflastern, Nikotinkaugummis oder Nikotinsprays wenig Erfolg haben.</p>
<p>Erlebe den Unterschied mit VELO Mighty Peppermint ULTRA All White. Lass Dich von der kraftvollen Frische und der praktischen Handhabung überzeugen.</p>
<p>EPOK, LYFT oder VELO? <a href=""https://snushus.ch/blogs/snusbuch/epok-und-lyft-werden-ersetzt-mit-velo"">Hier findest Du alle Informationen zu diesem Thema!</a></p>",Mighty Peppermint ULTRA AW,Unisex,,,,,,,https://cdn.shopify.com/s/files/1/0072/0646/9679/files/Velo-mighty-peppermint-ultra.png,,,,,5.20,0.00,1,G,14,IN,3,3,3,,,,
,,VE-1125-1,Unisex,Title,Default Title,,,,,,,,,,5.20,0.00,1,G,14,IN,3,3,3,,,VELO (SE),Mighty Peppermint ULTRA AW
Soldat Extreme WDP,"<meta charset=""utf-8"">
<div class=""item flex"">
<div class=""title""></div>
</div>
<div class=""item flex"">
<div class=""info"">
<p>Soldat Extreme - für die langen Tage auf dem Feld!<br><br>Mit seinen unglaublichen 45 mg/g Nikotingehalt gibt er jedem Snuser einen unverwechselbaren, lang anhaltenden Kick. Unter der Lippe fühlen sich die Beutel sehr geschmeidig an und der Minz/Menthol Geschmack kommt angenehm zur Geltung. Ideal für lange Einsätze im Militär oder für Siberia-Snuser, die gerne mal etwas Neues probieren möchten...</p>
<p> </p>
</div>
<div class=""info"">
<div class=""info""></div>
</div>
</div>",Soldat Extreme WDP,Unisex,,,,,,,https://cdn.shopify.com/s/files/1/0072/0646/9679/files/Snus_Container_Top_View_Soldat.png,,,,,3.90,,1,G,30,IN,3,3,3,,,,
,,SO-3005-1,Unisex,Title,Default Title,,,,,,,,,,3.90,,1,G,30,IN,3,3,3,,,Soldat,Soldat Extreme WDP
Mighty Peppermint Intense AW Slim,"<p>Eisdurchdringender, intensiver Geschmack auf salziger Geschmacksbasis. Sie erinnern sich vielleicht unter dem ursprünglichen Namen LYFT Freeze daran.</p>
<p><span>Erlebe mit dem VELO Mighty Peppermint Intense AW eine erfrischende Neuheit! Der altbekannte Velo Freeze Ultra Strong AW wurde aufgewertet und erstrahlt nun unter dem neuen Design. </span></p>
<p>EPOK, LYFT oder VELO?! <br>Weitere Informationen dazu findest Du in <a rel=""noopener noreferrer"" href=""https://snushus.ch/blogs/snusbuch/was-ist-all-white-snus"" target=""_blank"">unserem Blog</a>.</p>",Mighty Peppermint Intense AW Slim,Unisex,,,,,,,https://cdn.shopify.com/s/files/1/0072/0646/9679/files/Velo-Mighty-Peppermint-Intense-Slim-2024.png,,,,,6.90,,1,G,1,IN,3,3,3,,,,
,,VE-5105-1,Unisex,Title,Default Title,,,,,,,,,,6.90,,1,G,1,IN,3,3,3,,,VELO (SK),Mighty Peppermint Intense AW Slim
COLD AW Bigpack,Der edel COLD ist in aller Munde und wurde bereits im ersten Jahr zum beliebtesten und meistverkauften All White Snus Produkt auf dem Schweizer Markt. Diese einzigartige Minz-Menthol Mischung mit Frischebooster und 20 mg/g Nikotin wurde speziell für die Vorlieben der heimischen Konsumenten entwickelt. Mit der Kraft des COLD kann kommen was wolle - immer und überall. Jetzt auch in der Vorteilspackung aus umweltfreundlichem Karton mit 100 Snusbeuteln!,COLD AW Bigpack,Unisex,,,,,,,https://cdn.shopify.com/s/files/1/0072/0646/9679/files/edelsnus-cold-all-white-big-pack-20.png,https://cdn.shopify.com/s/files/1/0072/0646/9679/products/edelsnus-cold-all-white-big-pack-comparison.png,,,,24.90,0.00,1,G,1,IN,3,3,3,,,,
,,ED-1020-1,Unisex,Title,Default Title,,,,,,,,,,24.90,0.00,1,G,1,IN,3,3,3,,,edel,COLD AW Bigpack
White Fox Double Mint AW,"<meta charset=""utf-8"">
<div class=""item flex "">
<div class=""title"">
<div class=""info"">
<div class=""info"">
<p>Unter der Marke White Fox vertreibt der Produzent von <a href=""https://snushus.ch/collections/odens"" title=""Oden's"">Oden's</a> und <a href=""https://snushus.ch/collections/siberia"" title=""Siberia"">Siberia </a>(GN Tobacco) seine All White Portionsbeutel. Der White Fox Double Mint kommt mit einem frischen Geschmack nach Minze und Menthol im Slim Beutel.</p>
<p> </p>
<p><span>Auf aromatisierter Zellulosebasis und völlig frei von Tabak kommen auch die</span><span> White Fox </span><span>Beutel im Slim Format. Ohne Tabak bedeutet ohne gewöhnungsbedürftigen Tabakgeruch sowie ohne jegliche Tabakschadstoffe - aktuell gibt es weltweit keine weniger schädliche Art, Nikotin zu konsumieren. All White Snus / Nicotine Pouches bietet sich deshalb vor allem Rauchern an, welche mit Rauchentwöhnung wie Nikotinpflaster, Nikotinkaugummi oder Nikotinspray nichts anfangen können.</span></p>
</div>
</div>
</div>
</div>
<div class=""item flex ""></div>",White Fox Double Mint AW,Unisex,,,,,,,https://cdn.shopify.com/s/files/1/0072/0646/9679/products/white-fox-double-mint-all-white.png,,,,,5.20,,1,G,30,IN,3,3,3,,,,
,,WF-3005-1,Unisex,Title,Default Title,,,,,,,,,,5.20,,1,G,30,IN,3,3,3,,,White Fox,White Fox Double Mint AW
BERRY ICE AW,"<span>Entdecke die erfrischende kühle des edel BERRY ICE! Diese einzigartige Mischung mit kräftigen 20 mg/g Nikotin verführt deine Sinne mit dem kühlen Hauch von Menthol, perfekt kombiniert mit dem saftigen Geschmack von Waldbeeren. Ein Genuss, der die Natur in deinen Gaumen zaubert und dich in eine belebende Geschmacksexplosion entführt.</span>",BERRY ICE AW,Unisex,,,,,,,https://cdn.shopify.com/s/files/1/0072/0646/9679/files/edelsnus_PP_Top_Berry-Ice_wo_Shadow.png,,,,,5.90,0.00,1,G,12,IN,3,3,3,,,,
,,ED-4110-1,Unisex,Title,Default Title,,,,,,,,,,5.90,0.00,1,G,12,IN,3,3,3,,,edel,BERRY ICE AW
Arctic Blast AW,"<p>VID ist die neuste Kreation vom Hause Kurbits Snus AB - kräftige Schweizer Aromen treffen auf schwedisches Snus Know How. Die Arctiv Blast Nikotinbeutel bestechen mit ihrem frischen Menthol, Minze Geschmack und einem hohen Nikotingehalt von 20 mg/g! Die Slim Beutel fühlen sich angenehm unter der Lippe an und können helfen, die Zigarette zu vergessen. ;-)</p>
<p>Auf aromatisierter Zellulosebasis und völlig frei von Tabak kommen auch die VID Beutel im Slim Format. Ohne Tabak bedeutet ohne gewöhnungsbedürftigen Tabakgeruch sowie ohne jegliche Tabakschadstoffe - aktuell gibt es weltweit keine weniger schädliche Art, Nikotin zu konsumieren. All White Snus / Nicotine Pouches bietet sich deshalb vor allem Rauchern an, welche mit Rauchentwöhnung wie Nikotinpflaster, Nikotinkaugummi oder Nikotinspray nichts anfangen können.</p>",Arctic Blast AW,Unisex,,,,,,,https://cdn.shopify.com/s/files/1/0072/0646/9679/files/Vid-arctic-Blast-sized.png,,,,,3.90,0.00,1,G,1,IN,3,3,3,,,,
,,VI-1005-1,Unisex,Title,Default Title,,,,,,,,,,3.90,0.00,1,G,1,IN,3,3,3,,,VID,Arctic Blast AW
Extreme WDP Slim,"Soldat Extreme WDP Slim für die langen Tage auf dem Feld! Mit seinen unglaublichen 45 mg/g Nikotingehalt, gibt er jedem Snuser einen unverwechselbaren Kick welcher lange anhält. Unter der Lippe fühlen sich die Beutel sehr geschmeidig an und der Minz/Menthol Geschmack kommt angenehm zur Geltung.",Extreme WDP Slim,Unisex,,,,,,,https://cdn.shopify.com/s/files/1/0072/0646/9679/files/Snus_Container_Top_View_Soldat_Slim.png,,,,,2.90,0.00,1,G,1,IN,3,3,3,,,,
,,SO-3015-1,Unisex,Title,Default Title,,,,,,,,,,2.90,0.00,1,G,1,IN,3,3,3,,,Soldat,Extreme WDP Slim
Deep Freeze AW Slim,"<p>Der G.4 Deep Freeze von Swedish Match hat einen hellen, würzigen Charakter mit deutlichen Noten von Eukalyptus und Menthol. Ein langer schlanker All White Beutel mit optimierter Passform, aussen trocken mit einem feuchten Inhalt für lang anhaltende Geschmacksentfaltung und geringem Rinnen.<br></p>",Deep Freeze AW Slim,Unisex,,,,,,,https://cdn.shopify.com/s/files/1/0072/0646/9679/products/1647421618622566_g4-deep-freeze-aw.jpg,,,,,5.55,0.00,1,G,40000,IN,3,3,3,,,,
,,G4-1005-1,Unisex,Title,Default Title,,,,,,,,,,5.55,0.00,1,G,40000,IN,3,3,3,,,G.4,Deep Freeze AW Slim
Super White Polar Eucalyptus Strong No.57 AW,"<meta charset=""utf-8"">
<div class=""item flex"">
<div class=""title""><br></div>
</div>
<div class=""item flex"">
<div class=""info"">
<p><span>Auf aromatisierter Zellulosebasis und völlig frei von Tabak kommen auch die Skruf Super White Beutel im Slim Format. Ohne Tabak bedeutet ohne gewöhnungsbedürftigen Tabakgeruch sowie ohne jegliche Tabakschadstoffe - aktuell gibt es weltweit keine weniger schädliche Art, Nikotin zu konsumieren. All White Snus / Nicotine Pouches bietet sich deshalb vor allem Rauchern an, welche mit Rauchentwöhnung wie Nikotinpflaster, Nikotinkaugummi oder Nikotinspray nichts anfangen können.<br></span></p>
<p> </p>
<p>Der Skruf Super White Polar<span> schmeckt nach Menthol sowie Eukalyptus </span>und hat einen durchschnittlichen<span> </span>Nikotingehalt.</p>
</div>
<div class=""info"">
<div class=""info"">
<div class=""item flex"">
<div class=""title""><br></div>
<div class=""title""><br></div>
</div>
</div>
</div>
</div>",Super White Polar Eucalyptus Strong No.57 AW,Unisex,,,,,,,https://cdn.shopify.com/s/files/1/0072/0646/9679/products/skruf-Polar_eucalyptus-no-57-sized.png,,,,,5.20,,1,G,30,IN,3,3,3,,,,
,,SK-2005-1,Unisex,Title,Default Title,,,,,,,,,,5.20,,1,G,30,IN,3,3,3,,,Skruf,Super White Polar Eucalyptus Strong No.57 AW
Cold Extreme WDP Mini,"<meta charset=""utf-8"">
<div class=""item flex"">
<div class=""title""></div>
</div>
<div class=""item flex"">
<div class=""info"">
<p>Oden's Cold Extreme WDP (White Dry Portion) ist ein eiskalter Portionssnus mit einer minzigen Frische. Ganz besonders tritt ein Geschmack von Spearmint aus dem ansonsten traditionellen, erdnahen Tabakgeschmack hervor. Oden's Cold Dry ist ein sogenannter trockener Portionssnus, der nicht rinnt und ein noch erfrischenderes Gefühl bietet als andere Snus dieser Serie. Odens zählt zusammen mit Siberia zu den beliebtesten Snusmarken der Schweiz. Ab sofort auch in der Mini Variante erhältlich!</p>
</div>
<div class=""info""></div>
<div class=""info"">
<div class=""info"">
<div class=""item flex""></div>
</div>
</div>
</div>",Cold Extreme WDP Mini,Unisex,,,,,,,https://cdn.shopify.com/s/files/1/0072/0646/9679/products/e8fd133ba81eb354ddf343e1b1b985b7.jpg,,,,,4.90,0.00,1,G,18000,IN,3,3,3,,,,
,,OD-1115-1,Unisex,Title,Default Title,,,,,,,,,,4.90,0.00,1,G,18000,IN,3,3,3,,,Oden's,Cold Extreme WDP Mini
No.1 Menthol X-Strong AW,"<p>Tauche ein in das erfrischende Erlebnis von <a href=""https://snushus.ch/collections/apres-snus"">Après</a> No.1 Menthol Extra Strong All White – Dein starker Partner für ein belebendes Nikotinerlebnis. Mit einem hohen Nikotingehalt von 15 mg/g und einer Stärke von 3/5 liefert dieser Snus eine kräftige und anhaltende Wirkung. Die Dose enthält 20 Beutel, die ideal für den täglichen Gebrauch und den diskreten Genuss unterwegs sind.</p>
<p>Après No.1 Menthol Extra Strong ist genau das, wonach Du suchst – ein erfrischendes Mentholerlebnis, das ein frisches Gefühl auf den Lippen hinterlässt. Klappe den Deckel auf, lehne Dich zurück und geniesse die Kraft der Zermatter Bergwelt. Der kraftvolle Mentholgeschmack und die starke Nikotinwirkung machen diesen Snus zur perfekten Wahl für jeden Moment.</p>
<p>Geniesse den intensiven Mentholgeschmack von Après No.1 Menthol Extra Strong All White und erlebe die perfekte Kombination aus Stärke und Frische. Bestelle jetzt online und entdecke, warum Après die bevorzugte Wahl für Snus-Liebhaber ist. Gönn Dir diesen starken und belebenden Genuss und bringe Frische in Deinen Alltag!</p>",No.1 Menthol X-Strong AW,Unisex,,,,,,,https://cdn.shopify.com/s/files/1/0072/0646/9679/files/apres-no-1-mentol-extra-strong-aw.png,,,,,5.20,,1,G,1,IN,3,3,3,,,,
,,AP-1005-1,Unisex,Title,Default Title,,,,,,,,,,5.20,,1,G,1,IN,3,3,3,,,Après,No.1 Menthol X-Strong AW
Extreme WDP Slim 500g Box,"<p>Soldat Extreme für die langen Tage auf dem Feld! Mit seinen unglaublichen 45 mg/g Nikotingehalt, gibt er jedem Snuser einen unverwechselbaren Kick welcher lange anhält. Unter der Lippe fühlen sich die Beutel sehr geschmeidig an und der Minz/Menthol Geschmack kommt angenehm zur Geltung. Jetzt auch in der beliebten 500g Box erhältlich! <br></p>",Extreme WDP Slim 500g Box,Unisex,,,,,,,https://cdn.shopify.com/s/files/1/0072/0646/9679/files/soldat-black-extreme-white-dry-portion-slim-500g-box.png,,,,,99.00,0.00,1,G,600000,IN,3,3,3,,,,
,,SO-3125-1,Unisex,Title,Default Title,,,,,,,,,,99.00,0.00,1,G,600000,IN,3,3,3,,,Soldat,Extreme WDP Slim 500g Box
Extreme WDP 500g Box,"<p>Soldat Extreme für die langen Tage auf dem Feld! Mit seinen unglaublichen 45 mg/g Nikotingehalt, gibt er jedem Snuser einen unverwechselbaren Kick welcher lange anhält. Unter der Lippe fühlen sich die Beutel sehr geschmeidig an und der Minz/Menthol Geschmack kommt angenehm zur Geltung. Jetzt auch in der beliebten 500g Box erhältlich!<br></p>",Extreme WDP 500g Box,Unisex,,,,,,,https://cdn.shopify.com/s/files/1/0072/0646/9679/files/soldat-black-extreme-white-dry-portion-500g-box.png,,,,,99.00,,1,G,600000,IN,3,3,3,,,,
,,SO-3025-1,Unisex,Title,Default Title,,,,,,,,,,99.00,,1,G,600000,IN,3,3,3,,,Soldat,Extreme WDP 500g Box
Cold Mint Extra Strong AW,<span>Killa Cold Mint Extra Strong Slim All White - schlanke Portionen mit kühlendem Minzgeschmack.</span>,Cold Mint Extra Strong AW,Unisex,,,,,,,https://cdn.shopify.com/s/files/1/0072/0646/9679/products/c3a9d8486e1d81d69a40a5851c68db83.jpg,,,,,5.20,0.00,1,G,28000,IN,3,3,3,,,,
,,KI-1005-1,Unisex,Title,Default Title,,,,,,,,,,5.20,0.00,1,G,28000,IN,3,3,3,,,Killa,Cold Mint Extra Strong AW
Freezing-Mint AW,"<p>Entdecke den unschlagbaren Genuss von ¡VALE! Freezing-Mint AW zum attraktiven Preis!</p>
<p>Der Freezing-Mint AW begeistert mit seiner erfrischenden Geschmacksexplosion. <br>Die Kombination von Minze und Menthol verleiht ihm einen ganz besonderen Charakter. Hergestellt nach anspruchsvollsten schweizerischen Verfahren, bietet dieser Snus <br>ein unvergleichliches Erlebnis.<br></p>",Freezing-Mint AW,Unisex,,,,,,,https://cdn.shopify.com/s/files/1/0072/0646/9679/files/vale-freezing-mint-aw.png,,,,,5.90,0.00,1,G,1,IN,3,3,3,,,,
,,VA-1010-1,Unisex,Title,Default Title,,,,,,,,,,5.90,0.00,1,G,1,IN,3,3,3,,,¡VALE!,Freezing-Mint AW
Crushed Ice WP,"<meta charset=""utf-8"">
<div class=""item flex"">
<div class=""title"">
<div class=""info"">
<p>Der Klassiker schlechthin von Nick &amp; Johnny! Der Crushed Ice White Portion kommt mit einer Minz, Menthol-Frische welche in Schweden auf grossen Anklang stösst. Von Swedish Matach produziert kommt dieser White Portion Snus mit 12 mg/g Nikotin.</p>
</div>
</div>
</div>
<div class=""item flex""></div>",Crushed Ice WP,Unisex,,,,,,,https://cdn.shopify.com/s/files/1/0072/0646/9679/products/1636553557380422_nick-johnny-crushed-ice-xtra-strong-white-portion.jpg,,,,,5.90,0.00,1,G,1,IN,3,3,3,,,,
,,NJ-3005-1,Unisex,Title,Default Title,,,,,,,,,,5.90,0.00,1,G,1,IN,3,3,3,,,Nick & Johnny,Crushed Ice WP
Cold Extreme WDP Soft Pack,"<meta charset=""utf-8"">
<div class=""item flex"">
<div class=""title""></div>
</div>
<div class=""item flex"">
<div class=""info"">
<p>Oden's Cold Extreme WDP (White Dry Portion) ist ein eiskalter Portionssnus mit einer minzigen Frische. Ganz besonders tritt ein Geschmack von Spearmint aus dem ansonsten traditionellen, erdnahen Tabakgeschmack hervor. Oden's Cold Dry ist ein sogenannter trockener Portionssnus, der nicht rinnt und ein noch erfrischenderes Gefühl bietet als andere Snus dieser Serie. Odens zählt zusammen mit Siberia zu den beliebtesten Snusmarken der Schweiz. Ab sofort auch in den praktischen Soft Packs erhältlich!</p>
</div>
<div class=""info"">
<div class=""info"">
<div class=""item flex"">
<div class=""title""></div>
<div class=""title""></div>
</div>
</div>
</div>
</div>",Cold Extreme WDP Soft Pack,Unisex,,,,,,,https://cdn.shopify.com/s/files/1/0072/0646/9679/products/odens-cold-extreme-white-dry-portion-soft-packs.png,,,,,4.80,0.00,1,G,30000,IN,3,3,3,,,,
,,OD-1905-1,Unisex,Title,Default Title,,,,,,,,,,4.80,0.00,1,G,30000,IN,3,3,3,,,Oden's,Cold Extreme WDP Soft Pack
Ice Cool AW DUOPACK,"Der DOPE Ice COOL Strong hat den Geschmack von eisiger Minze. Die DOPE RUSH Instant Kick Technologie setzt das Nikotin mit intensivem und kraftvollem Kick frei. Wenn Du einen erfrischenden Geschmack mit garantiertem Kick willst, ist Deine Wahl DOPE! Jede Dose enthält 22 Nikotinbeutel im Slimformat.",Ice Cool AW DUOPACK,Unisex,,,,,,,https://cdn.shopify.com/s/files/1/0072/0646/9679/products/dope_ice_cool_strong_edition_doppelpack_sized.png,,,,,5.90,0.00,1,G,15,IN,3,3,3,,,,
,,DO-3020-1,Unisex,Title,Default Title,,,,,,,,,,5.90,0.00,1,G,15,IN,3,3,3,,,DOPE,Ice Cool AW DUOPACK
Menthol -Mint Slim (Punisher) AW,Royal Lifetsyle Cool Menthol Special Snus mit Minzaroma – Snus Special Menthol/Mint SLIM Super White,Menthol -Mint Slim (Punisher) AW,Unisex,,,,,,,https://cdn.shopify.com/s/files/1/0072/0646/9679/files/royal-lifestyle-menthol-mint-punisher-aw_4eacc539-b34b-4f69-99d9-53e92482b70c.png,,,,,5.90,0.00,1,G,32,IN,3,3,3,,,,
,,RL-6010-1,Unisex,Title,Default Title,,,,,,,,,,5.90,0.00,1,G,32,IN,3,3,3,,,Royal Lifestyle,Menthol -Mint Slim (Punisher) AW
Crushed Ice OP,"<meta charset=""utf-8"">
<div class=""item flex"">
<div class=""title"">
<div class=""info"">
<p>Die beliebteste Variante von Nick &amp; Johnny trifft auf tradionelles Snus Erlebnis: Der Nick &amp; Johnny Crushed Ice Xtra Strong Original Portion bietet ein Minz/Menthol Geschmackserlebnis in etwas feuchteren Beuteln. </p>
</div>
</div>
</div>
<div class=""item flex""></div>",Crushed Ice OP,Unisex,,,,,,,https://cdn.shopify.com/s/files/1/0072/0646/9679/products/1636553542143900_nick-johnny-crushed-ice-xtra-strong-portion.jpg,,,,,5.90,0.00,1,G,1,IN,3,3,3,,,,
,,NJ-2005-1,Unisex,Title,Default Title,,,,,,,,,,5.90,0.00,1,G,1,IN,3,3,3,,,Nick & Johnny,Crushed Ice OP
No.1 Menthol AW Mini,"<p>Entdecke <a href=""https://snushus.ch/collections/apres-snus"">Après</a> No.1 Menthol All White Mini – Dein erfrischender Begleiter für ein sanftes und belebendes Nikotinerlebnis. Mit einer Stärke von 1/5 und einem Nikotingehalt von 8 mg/g bietet Dir dieser Snus eine leichte und langanhaltende Wirkung. Die Mini Beutel sind ideal für diskreten und komfortablen Genuss, jede Dose enthält 8g Tabakersatz.</p>
<p>Après No.1 Menthol Mini ist genau das, wonach Du suchst – ein erfrischendes Mentholerlebnis, das ein frisches Gefühl auf den Lippen hinterlässt. Klappe den Deckel auf, lehne Dich zurück und geniesse die Kraft der Zermatter Bergwelt. Die einzigartige Kombination aus Menthol und dem praktischen Mini-Format macht diesen Snus zur perfekten Wahl für jeden Moment.</p>
<p>Geniesse den erfrischenden Mentholgeschmack von Après No.1 Menthol All White Mini und erlebe die perfekte Kombination aus Leichtigkeit und Frische. Bestelle jetzt online und entdecke, warum Après die bevorzugte Wahl für Snus-Liebhaber ist. Gönn Dir diesen sanften und belebenden Genuss und bringe Frische in Deinen Alltag!</p>",No.1 Menthol AW Mini,Unisex,,,,,,,https://cdn.shopify.com/s/files/1/0072/0646/9679/files/apres-no-1-mentol-mini-aw.png,,,,,5.20,0.00,1,G,1,IN,3,3,3,,,,
,,AP-1015-1,Unisex,Title,Default Title,,,,,,,,,,5.20,0.00,1,G,1,IN,3,3,3,,,Après,No.1 Menthol AW Mini
Mighty Fresh,"<p>COCO Nicotine Pouches werden sorgfältig aus Kokosfasern hergestellt, die eine längere und sanftere Freisetzung von Nikotin und Aromen ermöglichen. Im Gegensatz zu anderen Marken, die oft übermässig verarbeitete Pflanzenfasern verwenden, werden die Kokosfasern der COCO-Beutel direkt mit Nikotin und natürlichen Aromen versetzt. <br data-mce-fragment=""1""><br data-mce-fragment=""1"">Erlebe eine verlängerte Freisetzung von Nikotin und köstlichen Aromen von bis zu 60+ Minuten befriedigender Momente. Entdecke den Unterschied mit COCO Nikotinbeuteln - die länger anhaltende, natürlichere und sanftere Wahl für Deinen Lebensstil mit Nikotinbeuteln. COCO Mighty Fresh ist Teil des Mighty Stong-Sortiments und bietet 13,5mg/Beutel, kombiniert mit einer intensiven und kühlenden Kombination aus Pfefferminz und Menthol.<br></p>
<p><br></p>
<p>Verwendung:</p>
<p><span>Für eine schnelle Freisetzung von Nikotin und Aromen:</span><br><span>1. Befeuchte den Beutel, indem Du ihn auf die Zunge legst.</span><br><span>2. Sobald der Beutel feucht ist, kaue den Beutel einmal vorsichtig. Achte darauf, den Beutel nicht zu </span><span>öffnen</span><span>.</span><br><span>3. Lege den Beutel unter die Oberlippe und spüre den intensiven Geschmack und die schnelle Nikotinfreisetzung.</span><br><span>4. Geniesse den Kick bis zu einer Stunde lang</span></p>",Mighty Fresh,Unisex,,,,,,,https://cdn.shopify.com/s/files/1/0072/0646/9679/files/CoCo_Mighty_Fresh_sized.png,,,,,5.90,0.00,1,G,9,IN,3,3,3,,,,
,,CO-6005-1,Unisex,Title,Default Title,,,,,,,,,,5.90,0.00,1,G,9,IN,3,3,3,,,COCO,Mighty Fresh
Iced-Mint Tobacco WDP,"<p>Bist Du bereit für die langanhaltende, entspannende Wirkung von ¡VALE! Iced Mint Tobacco WDP - einem White Dry Portion Snus mit hervorragender Qualität<br>zum attraktiven Preis.</p>
<p>Der ¡VALE! Iced-Mint Tobacco vereint Menthol, Minze und Tabakgeschmack zu einem vollmundigen und einzigartigen Erlebnis mit seinen 45mg/g Nikotin.<br>Erlebe die erfrischende Kühle der Minze in Kombination mit dem natürlichen Tabakgeschmack.</p>",Iced-Mint Tobacco WDP,Unisex,,,,,,,https://cdn.shopify.com/s/files/1/0072/0646/9679/files/vale-iced-mint-tobacco-strong-wdp.png,,,,,5.90,0.00,1,G,1,IN,3,3,3,,,,
,,VA-3000-1,Unisex,Title,Default Title,,,,,,,,,,5.90,0.00,1,G,1,IN,3,3,3,,,¡VALE!,Iced-Mint Tobacco WDP
Blue Ice Slim AW,"Royal Lifestyle Blue Ice überrascht dich mit einem leckeren Blaubeerengeschmack und einem hauch von coolen kaltem Menthol, was ihn zu einer guten Variante für Geniesser macht.",Blue Ice Slim AW,Unisex,,,,,,,https://cdn.shopify.com/s/files/1/0072/0646/9679/files/royal-lifestyle-blue-iceaw_8f7fe7fe-24fb-48e8-b468-7e1ce7c9ed18.png,,,,,5.90,0.00,1,G,1,IN,3,3,3,,,,
,,RL-7010-1,Unisex,Title,Default Title,,,,,,,,,,5.90,0.00,1,G,1,IN,3,3,3,,,Royal Lifestyle,Blue Ice Slim AW
Menthol AW Slim,"<p data-mce-fragment=""1"">Cool bleiben – mit dem Fünfhaus Flavour Menthol hast du immer ein Baggie in der Tasche für den schnellen Frische-Kick.</p>
<p data-mce-fragment=""1"">15 bringt den Fünfhaus Flavour direkt in deine Hosentasche. Die neuen Nicotine Baggies aus dem fünfzehnten Wiener Gemeindebezirk ermöglichen dir rauchfreien Genuss in erfrischenden Geschmacksrichtungen. Ob beim Arbeiten, Trainieren, Feiern oder einfach zum Entspannen: Es gibt mehr als 1150 Gründe, um mit 15 Nicotine Pouches nicht den Fokus zu verlieren. Komm in deinen Flow!</p>",Menthol AW Slim,Unisex,,,,,,,https://cdn.shopify.com/s/files/1/0072/0646/9679/files/15-Baggies_PackshotMentholDarkBG_600x600_1e9c6679-4170-4167-8890-196c564947dd.png,,,,,7.90,0.00,1,G,12,IN,3,3,3,,,,
,,FH-2010-1,Unisex,Title,Default Title,,,,,,,,,,7.90,0.00,1,G,12,IN,3,3,3,,,15 Nicotine Baggies,Menthol AW Slim
Menthol AW,"<p>Ein eiskalter Spritzer purer Minzigkeit. Der kraftvolle grosse Bruder des klassischen Helwits Mint-Geschmack. </p>
<p><span>Die Helwit Menthol bietet einen authentischen Geschmack, der anhaltend ist. Darüber hinaus gewährleistet die Pouch eine hohe Nikotinstärke von 4 von 5 und eine langanhaltende Wirkung. Das schlanke Format eignet sich perfekt für den diskreten Genuss unterwegs. Eine handliche Dose mit 20 Portionen sorgt jederzeit für die benötigte Versorgung. Dank der All-White Herstellung bleiben die Zähne frei von Verfärbungen.</span></p>",Menthol AW,Unisex,,,,,,,https://cdn.shopify.com/s/files/1/0072/0646/9679/files/Helwit_Menthol_sized.png,,,,,4.95,0.00,1,G,10,IN,3,3,3,,,,
,,HW-1015-1,Unisex,Title,Default Title,,,,,,,,,,4.95,0.00,1,G,10,IN,3,3,3,,,Helwit,Menthol AW
Cool Ice X-Strong AW,"<p>Erlebe den erfrischenden Kick von XQS ice cool - ein All White Snus, der Dir ein intensives Geschmackserlebnis bietet. Mit einer Stärke von 5 von 5 und einem Nikotingehalt von 16 mg/g ist dieser Snus genau das Richtige für Dich, wenn Du nach einer starken Wirkung suchst.</p>
<p>Der frische Mentholgeschmack sorgt für einen deutlichen Kühlungseffekt, der Deine Sinne belebt, während ein Hauch von Süsse dem Genuss eine angenehme Note verleiht. Jede Dose enthält 12 g hochwertigen Tabakersatz, aufgeteilt auf 20 schlanke Beutel, die sich bequem transportieren und diskret verwenden lassen.</p>
<p>Egal, ob Du schon Erfahrung mit Snus hast oder diesen erfrischenden Geschmack zum ersten Mal probierst, XQS ice cool wird deine Erwartungen übertreffen. Tauche ein in die Welt des All White Snus und geniesse den intensiven Genuss!</p>
<!---->",Cool Ice X-Strong AW,Unisex,,,,,,,https://cdn.shopify.com/s/files/1/0072/0646/9679/files/XQS_Cool_Ice_03_4c052629-fd6b-42bb-9333-a6e5506eee4a.png,,,,,4.20,0.00,1,G,1,IN,3,3,3,,,,
,,XQ-8015-1,Unisex,Title,Default Title,,,,,,,,,,4.20,0.00,1,G,1,IN,3,3,3,,,XQS,Cool Ice X-Strong AW
Cool Mint AW Slim,"<p>Geniesse den erfrischenden Geschmack von <a href=""https://snushus.ch/collections/kelly-white-snus"">Kelly White</a> Cool Mint All White. Hergestellt in Schweden, ist dieser All White Snus das perfekte Produkt für alle, die eine starke Alternative zu herkömmlichen Tabakprodukten suchen. Kühl, intensiv und frisch – erlebe einen klaren Minzgeschmack von kühlem Menthol, kräuteriger Pfefferminze und einem Hauch von Süsse. Mit einer Stärke von 3/5 und einem Nikotingehalt von 14 mg/g bietet dieser Snus eine angenehme, aber kraftvolle Erfahrung. Jede Dose enthält 10 g Tabakersatz, verteilt auf 20 Slim-Beutel.</p>
<p>Alle unsere Nikotinbeutel sind leicht feucht. Die Feuchtigkeit zusammen mit einem Hauch von Süsse bedeutet, dass der Geschmack hervorgehoben wird und länger anhält. Probiere Kelly White Cool Mint Strong AW jetzt und erlebe einen intensiven Geschmack und ein angenehmes Gefühl!</p>",Cool Mint AW Slim,Unisex,,,,,,,https://cdn.shopify.com/s/files/1/0072/0646/9679/files/Kelly_White_Cool_Mint_sized.png,,,,,5.20,0.00,1,G,1,IN,3,3,3,,,,
,,KW-1015-1,Unisex,Title,Default Title,,,,,,,,,,5.20,0.00,1,G,1,IN,3,3,3,,,Kelly White,Cool Mint AW Slim
Cool Ice AW Mini,"<p>Wenn Du nach einem erfrischenden Snus mit frischem Mentholgeschmack, einem deutlich kühlenden Effekt und einem Hauch von Süsse suchst, dann ist All White Snus die perfekte Wahl für Dich! Mit einer Stärke von 2 von 5 und einem Nikotingehalt von 12 mg/g bietet er ein angenehm mildes Erlebnis. Jede Dose enthält 7 g Tabakersatz, verteilt auf 20 Mini Beutel, die perfekt für unterwegs sind.</p>
<p>Dieser Snus aus Schweden ist die perfekte Wahl für alle, die ein intensives und erfrischendes Geschmackserlebnis suchen. Probiere ihn jetzt aus und erlebe die einzigartige Qualität und den Geschmack, für den Snus aus Schweden bekannt ist!</p>
<!---->",Cool Ice AW Mini,Unisex,,,,,,,https://cdn.shopify.com/s/files/1/0072/0646/9679/files/XQS_Cool_Ice_Mini_03_e0667e10-4c2c-424b-8afd-f6ec6c6709b3.png,,,,,4.20,0.00,1,G,1,IN,3,3,3,,,,
,,XQ-8115-1,Unisex,Title,Default Title,,,,,,,,,,4.20,0.00,1,G,1,IN,3,3,3,,,XQS,Cool Ice AW Mini
Mighty Peppermint AW,"<p>Erlebe <a href=""https://snushus.ch/collections/velo-snus"">VELO</a> Mighty Peppermint All White – Dein erfrischender Begleiter für ein kraftvolles Nikotinerlebnis. Mit einer Stärke von 4/5 und einem hohen Nikotingehalt von 15,6 mg/g bietet Dir dieser Snus eine starke und langanhaltende Wirkung. Die 20 Slim Beutel sind perfekt für den diskreten und bequemen Genuss.</p>
<p>Erlebe mit VELO Mighty Peppermint AW eine erfrischende Neuheit! <strong>Der altbekannte Velo Freeze AW wurde aufgewertet und erstrahlt nun im neuen Design</strong>.</p>
<p>Die VELO Beutel, auf aromatisierter Zellulosebasis und völlig frei von Tabak, kommen im Slim Format. Ohne Tabak bedeutet kein Tabakgeruch und keine Tabakschadstoffe – weltweit gibt es derzeit keine weniger schädliche Art, Nikotin zu konsumieren.</p>
<p>All White Snus / Nicotine Pouches bieten sich besonders für Raucher an, die mit herkömmlichen Methoden zur Rauchentwöhnung wie Nikotinpflastern, Nikotinkaugummis oder Nikotinsprays wenig Erfolg haben. VELO Mighty Peppermint kombiniert einen kühlenden Minzgeschmack mit einem hohen Nikotingehalt und sorgt so für ein belebendes und erfrischendes Aroma.</p>
<p>Geniesse die kraftvolle Frische von VELO Mighty Peppermint All White und erlebe die Vorteile eines tabakfreien Nikotinerlebnisses. Bestelle jetzt online und entdecke, warum VELO die bevorzugte Wahl für Snus-Liebhaber ist. Gönn Dir diesen intensiven Genuss und bringe Frische in Deinen Alltag!</p>
<div class=""info"">
<div class=""info"">
<div class=""item flex"">
<div class=""title"">
<p>EPOK, LYFT oder VELO? <a href=""https://snushus.ch/blogs/snusbuch/epok-und-lyft-werden-ersetzt-mit-velo"">Hier findest Du alle Informationen zu diesem Thema!</a></p>
</div>
</div>
</div>
</div>",Mighty Peppermint AW,Unisex,,,,,,,https://cdn.shopify.com/s/files/1/0072/0646/9679/files/Velo-Mighty-Peppermint-4.png,https://cdn.shopify.com/s/files/1/0072/0646/9679/files/velo-mighty-peppermint_8b1d59b0-561c-4753-91a9-54f7735fa305.png,,,,5.20,,1,G,14,IN,3,3,3,,,,
,,VE-1005-1,Unisex,Title,Default Title,,,,,,,,,,5.20,,1,G,14,IN,3,3,3,,,VELO (SE),Mighty Peppermint AW
Rot -80 Degrees WDP Slim,"<div class=""info"">
<div class=""info"">
<p>Siberia White Dry ist ein Portionssnus mit einem sehr deutlichen Minzgeschmack und erscheint in trockenen Portionen mit niedrigerem Feuchtigkeitsgehalt, weshalb er auch weniger rinnt. Dieser Snus hat einen extrem hohen Nikotingehalt und eine Portion enthält mehr als fünfmal so viel Nikotin wie normal starker Snus (8 mg/g). Wird Menschen, die Nikotin gegenüber empfindlich sind, weniger empfohlen. Siberia zählt zusammen mit <a href=""https://snushus.ch/collections/odens"" title=""Oden´s"">Oden‘s</a> zu den beliebtesten Snusmarken der Schweiz.<span> Bei Fragen, Wünschen oder Anregungen kannst du uns gerne auf der </span><span></span><a href=""https://snushus.ch/pages/kontakt"" title=""Kontakt"">Kontaktseite<span> </span></a><span>schreiben. </span></p>
</div>
<div class=""info"">
<div class=""info"">
<div class=""item flex ""></div>
</div>
</div>
</div>
<div class=""info"">
<div class=""info"">
<div class=""item flex ""></div>
</div>
</div>",Rot -80 Degrees WDP Slim,Unisex,,,,,,,https://cdn.shopify.com/s/files/1/0072/0646/9679/files/siberia-red-white-dry-slim-portion.png,,,,,5.20,,1,G,30,IN,3,3,3,,,,
,,SI-1015-1,Unisex,Title,Default Title,,,,,,,,,,5.20,,1,G,30,IN,3,3,3,,,Siberia,Rot -80 Degrees WDP Slim
Rot -80 Degrees WDP,"<meta charset=""utf-8"">
<div class=""item flex"">
<div class=""title"">
<div class=""info"">
<p>Siberia White Dry ist ein Portionssnus mit einem sehr deutlichen Minzgeschmack und erscheint in trockenen Portionen mit niedrigerem Feuchtigkeitsgehalt, weshalb er auch weniger rinnt. Dieser Snus hat einen extrem hohen Nikotingehalt und eine Portion enthält mehr als fünfmal so viel Nikotin wie normal starker Snus (8 mg/g). Wird Menschen, die Nikotin gegenüber empfindlich sind, weniger empfohlen. Siberia zählt zusammen mit <a href=""https://snushus.ch/collections/odens"" title=""Odens"">Oden‘s</a> zu den beliebtesten Snusmarken der Schweiz. <span>Bei Fragen, Wünschen oder Anregungen </span><span>kannst du </span><span>uns </span><span>gerne auf der </span><span></span><a href=""https://snushus.ch/pages/kontakt"" title=""Kontakt"">Kontaktseite</a><span> s</span><span>chreiben</span><span>.</span></p>
</div>
</div>
</div>
<div class=""item flex""></div>",Rot -80 Degrees WDP,Unisex,,,,,,,https://cdn.shopify.com/s/files/1/0072/0646/9679/files/Snus_Container_Top_View_Siberia_White_Dry.png,,,,,5.20,,1,G,30,IN,3,3,3,,,,
,,SI-1005-1,Unisex,Title,Default Title,,,,,,,,,,5.20,,1,G,30,IN,3,3,3,,,Siberia,Rot -80 Degrees WDP
Crispy Peppermint AW,"<p>Erlebe <a href=""https://snushus.ch/collections/velo-snus"">VELO</a> Crispy Peppermint AW – Dein erfrischender Begleiter für ein belebendes Nikotinerlebnis. Mit einem Minzgeschmack und einer Stärke von 3/5 bietet Dir dieser Snus eine angenehme und langanhaltende Wirkung. Die 20 Slim-Beutel pro Schachtel sind ideal für den diskreten und bequemen Genuss. Der Nikotingehalt von 14 mg/g überzeugt Dich.</p>
<p>Erlebe mit dem VELO Crispy Peppermint AW eine erfrischende Neuheit! <strong>Der altbekannte Velo Ice Cool Strong AW</strong> wurde aufgewertet und erstrahlt nun unter dem neuen Design.</p>
<p>Auf aromatisierter Zellulosebasis und völlig frei von Tabak kommen auch die VELO Beutel im Slim Format. Ohne Tabak bedeutet ohne gewöhnungsbedürftigen Tabakgeruch sowie ohne jegliche Tabakschadstoffe – weltweit gibt es aktuell keine weniger schädliche Art, Nikotin zu konsumieren.</p>
<p>All White Nicotine Pouches bieten sich deshalb vor allem Rauchern an, die mit herkömmlichen Methoden zur Rauchentwöhnung wie Nikotinpflastern, Nikotinkaugummis oder Nikotinsprays nichts anfangen können. VELO Crispy Peppermint AW bietet eine erfrischende Kombination aus Minzgeschmack und sanfter Stärke, perfekt für den täglichen Gebrauch.</p>
<p>Geniesse die frische Pfefferminze von VELO Crispy Peppermint AW und erlebe die Vorteile eines tabakfreien Nikotinerlebnisses. Bestelle jetzt online und entdecke, warum VELO die bevorzugte Wahl für Nicotine Pouch-Liebhaber ist. Gönn Dir diesen erfrischenden Genuss und bringe Frische in Deinen Alltag!</p>
<p><a href=""https://snushus.ch/blogs/snusbuch/epok-und-lyft-werden-ersetzt-mit-velo"">EPOK, LYFT oder VELO? Hier findest Du alle Informationen zu diesem Thema!</a></p>",Crispy Peppermint AW,Unisex,,,,,,,https://cdn.shopify.com/s/files/1/0072/0646/9679/files/Velo-crispy-Peppermint-2024_e3a020fd-a282-4a3f-8c23-19b6201d014a.png,https://cdn.shopify.com/s/files/1/0072/0646/9679/files/velo-crispy-peppermint_14395c0a-747d-41a3-b4bd-5435fad2ec24.png,,,,5.20,,1,G,14,IN,3,3,3,,,,
,,VE-6005-1,Unisex,Title,Default Title,,,,,,,,,,5.20,,1,G,14,IN,3,3,3,,,VELO (SE),Crispy Peppermint AW
Rot -80 Degrees WDP 500g Box,"<meta charset=""utf-8"">
<div class=""item flex "">
<div class=""title"">
<div class=""info"">
<span>Siberia White Dry ist ein Portionssnus mit einem sehr deutlichen Minzgeschmack und erscheint in trockenen Portionen mit niedrigerem Feuchtigkeitsgehalt, weshalb er auch weniger rinnt. Dieser Snus hat einen extrem hohen Nikotingehalt und eine Portion enthält mehr als fünfmal so viel Nikotin wie normal starker Snus (8 mg/g). Wird Menschen, die Nikotin gegenüber empfindlich sind, weniger empfohlen. Siberia zählt zusammen mit </span><a href=""https://snushus.ch/collections/odens"" title=""Odens"">Oden‘s</a><span> zu den beliebtesten Snusmarken der Schweiz. </span><span>Bei Fragen, Wünschen oder Anregungen </span><span>kannst du </span><span>uns </span><span>gerne auf der </span><span></span><a href=""https://snushus.ch/pages/kontakt"" title=""Kontakt"">Kontaktseite</a><span> s</span><span>chreiben</span><span>.</span><br>
</div>
<div class=""info"">
<div class=""info"">
<div class=""item flex "">
<div class=""title""><br></div>
</div>
</div>
</div>
</div>
</div>
<div class=""item flex ""></div>",Rot -80 Degrees WDP 500g Box,Unisex,,,,,,,https://cdn.shopify.com/s/files/1/0072/0646/9679/files/siberia-red-white-dry-portion-box_69687748-e850-4fc3-9cf0-e1238bdc67a5.png,,,,,129.00,0.00,1,G,600,IN,3,3,3,,,,
,,SI-1025-1,Unisex,Title,Default Title,,,,,,,,,,129.00,0.00,1,G,600,IN,3,3,3,,,Siberia,Rot -80 Degrees WDP 500g Box
Witty Spearmint AW,"<p><span>Erlebe mit dem VELO Witty Spearmint AW eine erfrischende Neuheit! Der altbekannte Velo Mint AW wurde aufgewertet und erstrahlt nun unter dem neuen Design. </span></p>
<p>Auf aromatisierter Zellulosebasis und völlig frei von Tabak kommen auch die LYFT Beutel im Slim Format. Ohne Tabak bedeutet ohne gewöhnungsbedürftigen Tabakgeruch sowie ohne jegliche Tabakschadstoffe - aktuell gibt es weltweit keine weniger schädliche Art, Nikotin zu konsumieren. All White Snus / Nicotine Pouches bietet sich deshalb vor allem Rauchern an, welche mit Rauchentwöhnung wie Nikotinpflaster, Nikotinkaugummi oder Nikotinspray nichts anfangen können.<br></p>
<div class=""info"">
<div class=""info"">
<div class=""item flex"">
<div class=""title"">
<p>Der Velo Witty Spearmint kommt mit kühlendem Minzgeschmack und gemässigtem Nikotingehalt. Der klassische Minze Snus von VELO im Slim Format.</p>
<p><span>EPOK, LYFT oder VELO? </span><a href=""https://snushus.ch/blogs/snusbuch/epok-und-lyft-werden-ersetzt-mit-velo"">Hier findest Du alle Informationen zu diesem Thema!</a></p>
</div>
</div>
</div>
</div>",Witty Spearmint AW,Unisex,,,,,,,https://cdn.shopify.com/s/files/1/0072/0646/9679/files/Velo-Witty-Spearmint-2.png,https://cdn.shopify.com/s/files/1/0072/0646/9679/files/VeloWittySpearmint_bff6eb2f-e277-4438-9d39-ed9d72e44cee.png,,,,5.20,,1,G,14,IN,3,3,3,,,,
,,VE-7005-1,Unisex,Title,Default Title,,,,,,,,,,5.20,,1,G,14,IN,3,3,3,,,VELO (SE),Witty Spearmint AW
Rot -80 Degrees WDP Slim 500g Box,"<meta charset=""utf-8"">
<div class=""item flex"">
<div class=""title"">
<div class=""info"">
<span>Siberia White Dry ist ein Portionssnus mit einem sehr deutlichen Minzgeschmack und erscheint in trockenen Portionen mit niedrigerem Feuchtigkeitsgehalt, weshalb er auch weniger rinnt. Dieser Snus hat einen extrem hohen Nikotingehalt und eine Portion enthält mehr als fünfmal so viel Nikotin wie normal starker Snus (8 mg/g). Wird Menschen, die Nikotin gegenüber empfindlich sind, weniger empfohlen. Siberia zählt zusammen mit </span><a href=""https://snushus.ch/collections/odens"" title=""Odens"">Oden‘s</a><span> zu den beliebtesten Snusmarken der Schweiz. </span><br>
</div>
<div class=""info"">
<div class=""info"">
<div class=""item flex"">
<div class=""title""><br></div>
</div>
</div>
</div>
</div>
</div>
<div class=""item flex""></div>",Rot -80 Degrees WDP Slim 500g Box,Unisex,,,,,,,https://cdn.shopify.com/s/files/1/0072/0646/9679/files/siberia-red-white-dry-portion-slim-box_9816a214-2e04-405a-9b47-983dd17d5d43.png,,,,,129.00,0.00,1,G,500,IN,3,3,3,,,,
,,SI-1125-1,Unisex,Title,Default Title,,,,,,,,,,129.00,0.00,1,G,500,IN,3,3,3,,,Siberia,Rot -80 Degrees WDP Slim 500g Box
COLD AW,"<p class=""MsoNormal""><span lang=""DE-AT"" style=""mso-ansi-language: DE-AT;"">Der edel COLD ist in aller Munde und wurde bereits im ersten Jahr zum beliebtesten und meistverkauften All-White-Snus auf dem Schweizer Markt. Diese einzigartige Minz-Menthol-Mischung mit Frische-Booster und einem Nikotingehalt von 20 mg/g wurde speziell für die Vorlieben der heimischen Konsumenten entwickelt. Mit der erfrischenden Kraft des COLD bist du für alles gewappnet – jederzeit und überall.</span><span lang=""DE"" style=""mso-ansi-language: DE;""></span></p>",COLD AW,Unisex,,,,,,,https://cdn.shopify.com/s/files/1/0072/0646/9679/files/edelsnus_PP_Top_Cold_wo_Shadow.png,,,,,5.90,,1,G,14,IN,3,3,3,,,,
,,ED-1010-1,Unisex,Title,Default Title,,,,,,,,,,5.90,,1,G,14,IN,3,3,3,,,edel,COLD AW
Crispy Peppermint AW,"<p>Die kühle Brise von Minze und Bergkräutern ist wie eine frische Bergbrise.</p>
<p><span>Erlebe mit dem VELO Crispy Peppermint AW eine erfrischende Neuheit! Der altbekannte Velo Ice Cool Strong AW wurde aufgewertet und erstrahlt nun unter dem neuen Design. </span></p>
<p>EPOK, LYFT oder VELO?! <br>Weitere Informationen dazu findest Du in <a href=""https://snushus.ch/blogs/snusbuch/was-ist-all-white-snus"" target=""_blank"">unserem Blog</a>.</p>",Crispy Peppermint AW,Unisex,,,,,,,https://cdn.shopify.com/s/files/1/0072/0646/9679/files/Velo-crispy-Peppermint-2024.png,,,,,6.90,,1,G,1,IN,3,3,3,,,,
,,VE-3605-1,Unisex,Title,Default Title,,,,,,,,,,6.90,,1,G,1,IN,3,3,3,,,VELO (SK),Crispy Peppermint AW
Mini Spiffy Spearmint AW,"<p><span>Erlebe mit dem VELO Mini Spiffy Spearmint AW eine erfrischende Neuheit! Der altbekannte Velo Mini Easy Mint AW wurde aufgewertet und erstrahlt nun unter dem neuen Design. </span></p>
<p>Auf aromatisierter Zellulosebasis und völlig frei von Tabak kommen die VELO Beutel neu auch im Mini Format. Ohne Tabak bedeutet ohne gewöhnungsbedürftigen Tabakgeruch sowie ohne jegliche Tabakschadstoffe - aktuell gibt es weltweit keine weniger schädliche Art, Nikotin zu konsumieren. All White Snus / Nicotine Pouches bietet sich deshalb vor allem Rauchern an, welche mit Rauchentwöhnung wie Nikotinpflaster, Nikotinkaugummi oder Nikotinspray nichts anfangen können.<br></p>
<div class=""info"">
<div class=""info"">
<div class=""item flex"">
<div class=""title"">
<p>Der VELO Mini Spiffy Spearmint kommt mit süssem Minzgeschmack und tiefem Nikotingehalt.</p>
<p><span>EPOK, LYFT oder VELO? </span><a href=""https://snushus.ch/blogs/snusbuch/epok-und-lyft-werden-ersetzt-mit-velo"">Hier findest Du alle Informationen zu diesem Thema!</a></p>
</div>
</div>
</div>
</div>",Mini Spiffy Spearmint AW,Unisex,,,,,,,https://cdn.shopify.com/s/files/1/0072/0646/9679/files/Velo-Spiffy-spearmint-mini.png,https://cdn.shopify.com/s/files/1/0072/0646/9679/files/velo-spiffy-spearmint-mini1_e1acc026-45e5-4398-a4d0-68ba67917afb.png,,,,5.20,,1,G,10,IN,3,3,3,,,,
,,VE-9005-1,Unisex,Title,Default Title,,,,,,,,,,5.20,,1,G,10,IN,3,3,3,,,VELO (SE),Mini Spiffy Spearmint AW
Mighty Peppermint MAX AW,"<div class=""info"">
<div class=""info"">
<div class=""item flex"">
<div class=""title"">
<p>Erlebe <a href=""https://snushus.ch/collections/velo-snus"">VELO</a> Mighty Peppermint MAX All White – Dein extrem starker Begleiter für ein intensives Nikotinerlebnis. Mit einer Stärke von 6/5 und einem beeindruckenden Nikotingehalt von 24 mg/g bietet Dir dieser Snus eine außergewöhnlich starke und langanhaltende Wirkung. Die 20 Slim Beutel sind perfekt für diskreten und bequemen Genuss und enthalten einen erfrischenden Minzgeschmack.</p>
<p><strong>Der altbekannte VELO Freeze Max trägt nun den Namen VELO Mighty Peppermint MAX und erstrahlt in einem neuen Deisgn</strong>.</p>
<p>Auf aromatisierter Zellulosebasis und völlig frei von Tabak kommen auch die VELO Beutel im Slim Format. Ohne Tabak bedeutet kein gewöhnungsbedürftiger Tabakgeruch sowie keine Tabakschadstoffe – weltweit gibt es aktuell keine weniger schädliche Art, Nikotin zu konsumieren. All White Snus / Nicotine Pouches bieten sich deshalb vor allem Rauchern an, die mit herkömmlichen Methoden zur Rauchentwöhnung wie Nikotinpflastern, Nikotinkaugummis oder Nikotinsprays wenig Erfolg haben.</p>
<p>Geniesse die kraftvolle Frische von VELO Mighty Peppermint MAX All White und erlebe die Vorteile eines tabakfreien Nikotinerlebnisses. Bestelle jetzt online und entdecke, warum VELO die bevorzugte Wahl für Snus-Liebhaber ist. Gönn Dir diesen extrem starken und erfrischenden Genuss und bringe Frische in Deinen Alltag!</p>
<p>EPOK, LYFT oder VELO?<span> </span><a href=""https://snushus.ch/blogs/snusbuch/epok-und-lyft-werden-ersetzt-mit-velo"">Hier findest Du alle Informationen zu diesem Thema!</a></p>
</div>
</div>
</div>
</div>",Mighty Peppermint MAX AW,Unisex,,,,,,,https://cdn.shopify.com/s/files/1/0072/0646/9679/files/velo-mighty-peppermint-6-aw.png,,,,,5.20,0.00,1,G,14,IN,3,3,3,,,,
,,VE-1115-1,Unisex,Title,Default Title,,,,,,,,,,5.20,0.00,1,G,14,IN,3,3,3,,,VELO (SE),Mighty Peppermint MAX AW
CBD MINT,"<p class=""MsoNormal""><span lang=""DE-AT"" style=""mso-ansi-language: DE-AT;"">Um dem Druck der modernen Gesellschaft standzuhalten, ist es wichtig, Momente der Entspannung zu finden. Daher präsentieren wir mit Stolz den weltweit ersten CBD ALL WHITE. Diese Minz-Mischung ist frei von Nikotin und enthält Cannabinoide (12mg/g CBD), die deinen easy Flow aufrechterhalten und das ohne Belastung der Lunge.</span><span lang=""DE"" style=""mso-ansi-language: DE;""></span></p>",CBD MINT,Unisex,,,,,,,https://cdn.shopify.com/s/files/1/0072/0646/9679/files/edelsnus_PP_Top_Mint_CBD_wo_Shadow.png,,,,,5.90,,1,G,14,IN,3,3,3,,,,
,,ED-5010-1,Unisex,Title,Default Title,,,,,,,,,,5.90,,1,G,14,IN,3,3,3,,,edel,CBD MINT
Peppermint Storm X-Strong AW,"<p>Erlebe <a href=""https://snushus.ch/collections/velo-snus"">VELO</a> Peppermint Storm X-Strong AW – Dein kraftvoller Begleiter für ein intensives und erfrischendes Nikotinerlebnis. Mit einer Stärke von 4/5 und einem beeindruckenden Nikotingehalt von 15,6 mg/g bietet Dir dieser Snus eine starke und langanhaltende Wirkung.</p>
<p><strong>Der altbekannte Velo Cool Storm X-Strong AW</strong> wurde aufgewertet und erstrahlt nun unter dem neuen Design.</p>
<p>Auf aromatisierter Zellulosebasis und völlig frei von Tabak kommen auch die VELO Beutel im Slim Format. Ohne Tabak bedeutet ohne gewöhnungsbedürftigen Tabakgeruch sowie ohne jegliche Tabakschadstoffe – weltweit gibt es aktuell keine weniger schädliche Art, Nikotin zu konsumieren. All White Snus / Nicotine Pouches sind besonders für Raucher geeignet, die mit herkömmlichen Methoden zur Rauchentwöhnung wie Nikotinpflastern, Nikotinkaugummis oder Nikotinsprays nichts anfangen können.</p>
<p>VELO Cool Storm bietet einen starken Mentholgeschmack, ergänzt durch einen Hauch von Pfefferminz und ein sehr starkes Kühlungsgefühl. Diese Kombination sorgt für ein belebendes und erfrischendes Aroma, das Deine Sinne belebt und Dich sofort erfrischt.</p>
<p>Geniesse die kraftvolle Frische von VELO Peppermint Storm X-Strong AW und erlebe die Vorteile eines tabakfreien Nikotinerlebnisses. Bestelle jetzt online und entdecke, warum VELO die bevorzugte Wahl für Snus-Liebhaber ist. Gönn Dir diesen intensiven Genuss und bringe Frische in Deinen Alltag!</p>
<p><a href=""https://snushus.ch/blogs/snusbuch/epok-und-lyft-werden-ersetzt-mit-velo"">EPOK, LYFT oder VELO? Hier findest Du alle Informationen zu diesem Thema!</a></p>",Peppermint Storm X-Strong AW,Unisex,,,,,,,https://cdn.shopify.com/s/files/1/0072/0646/9679/files/velo-peppermint-storm.png,,,,,5.20,0.00,1,G,14,IN,3,3,3,,,,
,,VE-1205-1,Unisex,Title,Default Title,,,,,,,,,,5.20,0.00,1,G,14,IN,3,3,3,,,VELO (SE),Peppermint Storm X-Strong AW
Super White Fresh Mint No.54 AW,"<meta charset=""utf-8"">
<div class=""item flex"">
<div class=""title""></div>
</div>
<div class=""item flex"">
<div class=""info"">
<p> </p>
<div class=""info"">
<p><span>Auf aromatisierter Zellulosebasis und völlig frei von Tabak kommen auch die Skruf Super White Beutel im Slim Format. Ohne Tabak bedeutet ohne gewöhnungsbedürftigen Tabakgeruch sowie ohne jegliche Tabakschadstoffe - aktuell gibt es weltweit keine weniger schädliche Art, Nikotin zu konsumieren. All White Snus / Nicotine Pouches bietet sich deshalb vor allem Rauchern an, welche mit Rauchentwöhnung wie Nikotinpflaster, Nikotinkaugummi oder Nikotinspray nichts anfangen können.<br></span></p>
<p> </p>
<p>Der Skruf Super White Fresh schmeckt nach frischer Minze und hat einen hohen Nikotingehalt - den höchsten der Skruf Super White Linie.</p>
<p> </p>
</div>
<div class=""info"">
<div class=""info"">
<div class=""item flex"">
<div class=""title""></div>
</div>
</div>
</div>
</div>
<div class=""info"">
<div class=""info"">
<div class=""item flex"">
<div class=""title"">
<div class=""info"">
<p>Der Artikel erscheint in einem neuen Design, hat jedoch die selbe Rezeptur wie der alt bekannte Skruf Super White Fresh #4 AW</p>
</div>
<div class=""info"">
<div class=""info"">
<div class=""item flex"">
<div class=""title""></div>
</div>
</div>
</div>
</div>
<div class=""title""><br></div>
</div>
</div>
</div>
</div>",Super White Fresh Mint No.54 AW,Unisex,,,,,,,https://cdn.shopify.com/s/files/1/0072/0646/9679/products/Skruf_Superwhite_no54_xtra.jpg,,,,,5.20,,1,G,30,IN,3,3,3,,,,
,,SK-1005-1,Unisex,Title,Default Title,,,,,,,,,,5.20,,1,G,30,IN,3,3,3,,,Skruf,Super White Fresh Mint No.54 AW
Traube-Minze AW,"La Fruteria - Traube Minze wurde kreiert um den beliebtesten Shisha Geschmack in einen Pouch zu packen. Ganz nach dem Gusto von allen Wasserpfeifen Liebhabern. Frisch und trotzdem fruchtig, dazu sehr stark - ohne dass das Produkt gleichzeitig gefährlich ist wie zum Beispiel <a href=""https://snushus.ch/blogs/snusbuch/supreme-snus-co-nikotingehalt-erklart-das-problem-im-uberblick"">Supreme Snus</a>, da es in der Schweiz produziert wird",Traube-Minze AW,Unisex,,,,,,,https://cdn.shopify.com/s/files/1/0072/0646/9679/files/Snus_Container_Top_View_La_Fruteria_Traube_83d3cadd-4fe2-42d4-ad6f-3f16397c5496.png,,,,,7.90,0.00,1,G,14,IN,3,3,3,,,,
,,LF-1000-1,Unisex,Title,Default Title,,,,,,,,,,7.90,0.00,1,G,14,IN,3,3,3,,,La Fruteria,Traube-Minze AW
MINT AW,"<p class=""MsoNormal""><span lang=""DE-AT"" style=""mso-ansi-language: DE-AT;"">Entdecke den neuen Standard von Frische – edel MINT mit einem Hauch von Minze. Der wohl beliebteste Snus-Geschmack ist jetzt auch mit reduziertem Nikotingehalt erhältlich! Mit nur 10 mg/g Nikotin ist der edel MINT der ideale Begleiter für deinen Alltag. Gönn dir einen Moment der Erfrischung, wann immer du willst!</span><span lang=""DE"" style=""mso-ansi-language: DE;""></span></p>",MINT AW,Unisex,,,,,,,https://cdn.shopify.com/s/files/1/0072/0646/9679/files/edelsnus_PP_Top_Mint_wo_Shadow.png,,,,,5.90,0.00,1,G,1,IN,3,3,3,,,,
,,ED-7010-1,Unisex,Title,Default Title,,,,,,,,,,5.90,0.00,1,G,1,IN,3,3,3,,,edel,MINT AW
Rot -80 Degrees WDP Mini,"<div class=""info"">
<div class=""info""><p>Siberia White Dry ist ein Portionssnus mit einem sehr deutlichen Minzgeschmack und erscheint in trockenen Portionen mit niedrigerem Feuchtigkeitsgehalt, weshalb er auch weniger rinnt. Dieser Snus hat einen extrem hohen Nikotingehalt und eine Portion enthält mehr als fünfmal so viel Nikotin wie normal starker Snus (8 mg/g). Wird Menschen, die Nikotin gegenüber empfindlich sind, weniger empfohlen. Siberia zählt zusammen mit <a href=""https://snushus.ch/collections/odens"" title=""Oden´s"">Oden‘s</a> zu den beliebtesten Snusmarken der Schweiz.<span> Bei Fragen, Wünschen oder Anregungen kannst du uns gerne auf der </span><span></span><a href=""https://snushus.ch/pages/kontakt"" title=""Kontakt"">Kontaktseite<span> </span></a><span>schreiben. </span></p></div>
<div class=""info""><div class=""info""><div class=""item flex ""></div></div></div>
</div><div class=""info""><div class=""info""><div class=""item flex ""></div></div></div>",Rot -80 Degrees WDP Mini,Unisex,,,,,,,https://cdn.shopify.com/s/files/1/0072/0646/9679/files/Snus_Container_Top_View_Siberia_White_Dry_Mini.png,,,,,4.90,0.00,1,G,9,IN,3,3,3,,,,
,,SI-1115-1,Unisex,Title,Default Title,,,,,,,,,,4.90,0.00,1,G,9,IN,3,3,3,,,Siberia,Rot -80 Degrees WDP Mini
Mighty Peppermint ULTRA AW,"<p>Erlebe <a href=""https://snushus.ch/collections/velo-snus"">VELO</a> Mighty Peppermint ULTRA All White – Dein kraftvoller Begleiter für ein erfrischendes und starkes Nikotinerlebnis. Mit einer Stärke von 5/5 und einem Nikotingehalt von 20 mg/g bietet Dir dieser Snus eine intensive und langanhaltende Wirkung. Die 20 Slimbeutel sind ideal für diskreten und bequemen Genuss und enthalten einen belebenden Geschmack von Pfefferminze und Menthol.</p>
<p><strong>Der VELO Mighty Peppermint ULTRA ist das neuste Produkt von VELO und ersetzt den altbekannten VELO Freeze Ultra</strong>. </p>
<p>Auf aromatisierter Zellulosebasis und völlig frei von Tabak kommen auch die VELO Beutel im Slim Format. Ohne Tabak bedeutet kein gewöhnungsbedürftiger Tabakgeruch sowie keine Tabakschadstoffe – weltweit gibt es aktuell keine weniger schädliche Art, Nikotin zu konsumieren. All White Snus / Nicotine Pouches sind besonders für Raucher geeignet, die mit herkömmlichen Methoden zur Rauchentwöhnung wie Nikotinpflastern, Nikotinkaugummis oder Nikotinsprays wenig Erfolg haben.</p>
<p>Erlebe den Unterschied mit VELO Mighty Peppermint ULTRA All White. Lass Dich von der kraftvollen Frische und der praktischen Handhabung überzeugen.</p>
<p>EPOK, LYFT oder VELO? <a href=""https://snushus.ch/blogs/snusbuch/epok-und-lyft-werden-ersetzt-mit-velo"">Hier findest Du alle Informationen zu diesem Thema!</a></p>",Mighty Peppermint ULTRA AW,Unisex,,,,,,,https://cdn.shopify.com/s/files/1/0072/0646/9679/files/Velo-mighty-peppermint-ultra.png,,,,,5.20,0.00,1,G,14,IN,3,3,3,,,,
,,VE-1125-1,Unisex,Title,Default Title,,,,,,,,,,5.20,0.00,1,G,14,IN,3,3,3,,,VELO (SE),Mighty Peppermint ULTRA AW
Soldat Extreme WDP,"<meta charset=""utf-8"">
<div class=""item flex"">
<div class=""title""></div>
</div>
<div class=""item flex"">
<div class=""info"">
<p>Soldat Extreme - für die langen Tage auf dem Feld!<br><br>Mit seinen unglaublichen 45 mg/g Nikotingehalt gibt er jedem Snuser einen unverwechselbaren, lang anhaltenden Kick. Unter der Lippe fühlen sich die Beutel sehr geschmeidig an und der Minz/Menthol Geschmack kommt angenehm zur Geltung. Ideal für lange Einsätze im Militär oder für Siberia-Snuser, die gerne mal etwas Neues probieren möchten...</p>
<p> </p>
</div>
<div class=""info"">
<div class=""info""></div>
</div>
</div>",Soldat Extreme WDP,Unisex,,,,,,,https://cdn.shopify.com/s/files/1/0072/0646/9679/files/Snus_Container_Top_View_Soldat.png,,,,,3.90,,1,G,30,IN,3,3,3,,,,
,,SO-3005-1,Unisex,Title,Default Title,,,,,,,,,,3.90,,1,G,30,IN,3,3,3,,,Soldat,Soldat Extreme WDP
Mini Polar Mint Medium AW,"<p>Perfekt kühlende Frische von Menthol mit süssen Tönen. </p>
<p>EPOK, LYFT oder VELO?! <br>Weitere Informationen dazu findest Du in <a href=""https://snushus.ch/blogs/snusbuch/epok-und-lyft-werden-ersetzt-mit-velo"" data-mce-href=""https://snushus.ch/blogs/snusbuch/epok-und-lyft-werden-ersetzt-mit-velo"" target=""_blank"">unserem Blog</a>.</p>",Mini Polar Mint Medium AW,Unisex,,,,,,,https://cdn.shopify.com/s/files/1/0072/0646/9679/files/velo-mini-polar-mint-medium-aw_f8f3f821-3ecf-4c0c-9494-43a43bad602e.png,,,,,6.90,,1,G,10,IN,3,3,3,,,,
,,VE-2305-1,Unisex,Title,Default Title,,,,,,,,,,6.90,,1,G,10,IN,3,3,3,,,VELO (SK),Mini Polar Mint Medium AW
Ice Cold AW,<span>Die Pablo-Nikotinbeutel sind auf dem europäischen Markt sehr beliebt und werden aufgrund ihrer starken Nikotinabgabe schon seit Jahren verwendet.</span>,Ice Cold AW,Unisex,,,,,,,https://cdn.shopify.com/s/files/1/0072/0646/9679/products/6d83f66db85a8b33b6183e2b94acd5f0.jpg,,,,,5.20,0.00,1,G,28000,IN,3,3,3,,,,
,,PA-1005-1,Unisex,Title,Default Title,,,,,,,,,,5.20,0.00,1,G,28000,IN,3,3,3,,,Pablo,Ice Cold AW
FOREVER ICE AW,"<p>Entdecke unseren erfrischenden und belebenden edel FOREVER ICE! Tauche ein in den leicht süsslichen Geschmack von Gletscherminze und erinnere Dich an das unvergleichliche Gefühl Deiner Lieblings-Eisbonbons in Kombination mit einem wuchtigen Nikotinkick!</p>
<p><strong>Durch deinen Kauf unterstützt Du den Verein ""Gletscher und Klima“, der sich für das wissenschaftliche Langzeitmonitoring der Alpen-Gletscher einsetzt – die Basis für effektive Massnahmen und eine Zukunft mit einem gesunden Klima. Mit einem Beitrag von CHF 1.- pro verkaufter Dose, welcher von edelsnus übernommen wird, gibt es keine Ausreden mehr sich nicht zu engagieren…</strong> 😊 <a href=""https://edelsnus.com/verein-gletscher-und-klima/"">Erfahre mehr</a></p>",FOREVER ICE AW,Unisex,,,,,,,https://cdn.shopify.com/s/files/1/0072/0646/9679/files/edelsnus_PP_Top_ForEverIce_wo_Shadow.png,,,,,5.90,0.00,1,G,14,IN,3,3,3,,,,
,,ED-1115-1,Unisex,Title,Default Title,,,,,,,,,,5.90,0.00,1,G,14,IN,3,3,3,,,edel,FOREVER ICE AW
Mini Crispy Peppermint AW,"<p><span data-mce-fragment=""1"">Erlebe mit dem VELO Crispy Peppermint AW Mini eine erfrischende Neuheit! Der altbekannte Velo Mini Ice Cool Strong AW wurde aufgewertet und erstrahlt nun unter dem neuen Design. </span></p>
<p><span data-mce-fragment=""1"">Die Minibeutel haben den gleichen intensiv kühlenden Minzgeschmack, für den VELO Crispy Peppermint bekannt ist: scharfe Pfefferminze mit einem Hauch von Süsse und Minze.</span></p>",Mini Crispy Peppermint AW,Unisex,,,,,,,https://cdn.shopify.com/s/files/1/0072/0646/9679/files/velo-crispy-peppermint-mini.png,,,,,5.20,0.00,1,G,20,IN,3,3,3,,,,
,,VE-6115-1,Unisex,Title,Default Title,,,,,,,,,,5.20,0.00,1,G,20,IN,3,3,3,,,VELO (SE),Mini Crispy Peppermint AW
White Fox Double Mint AW,"<meta charset=""utf-8"">
<div class=""item flex "">
<div class=""title"">
<div class=""info"">
<div class=""info"">
<p>Unter der Marke White Fox vertreibt der Produzent von <a href=""https://snushus.ch/collections/odens"" title=""Oden's"">Oden's</a> und <a href=""https://snushus.ch/collections/siberia"" title=""Siberia"">Siberia </a>(GN Tobacco) seine All White Portionsbeutel. Der White Fox Double Mint kommt mit einem frischen Geschmack nach Minze und Menthol im Slim Beutel.</p>
<p> </p>
<p><span>Auf aromatisierter Zellulosebasis und völlig frei von Tabak kommen auch die</span><span> White Fox </span><span>Beutel im Slim Format. Ohne Tabak bedeutet ohne gewöhnungsbedürftigen Tabakgeruch sowie ohne jegliche Tabakschadstoffe - aktuell gibt es weltweit keine weniger schädliche Art, Nikotin zu konsumieren. All White Snus / Nicotine Pouches bietet sich deshalb vor allem Rauchern an, welche mit Rauchentwöhnung wie Nikotinpflaster, Nikotinkaugummi oder Nikotinspray nichts anfangen können.</span></p>
</div>
</div>
</div>
</div>
<div class=""item flex ""></div>",White Fox Double Mint AW,Unisex,,,,,,,https://cdn.shopify.com/s/files/1/0072/0646/9679/products/white-fox-double-mint-all-white.png,,,,,5.20,,1,G,30,IN,3,3,3,,,,
,,WF-3005-1,Unisex,Title,Default Title,,,,,,,,,,5.20,,1,G,30,IN,3,3,3,,,White Fox,White Fox Double Mint AW
Extremely Strong AW Slim,Der beliebteste Brand der Schweizer kommt nun auch mit einer All-White Variante daher! Der Siberia Extremely Strong AW kommt mit starken 33 mg/g Nikotin.,Extremely Strong AW Slim,Unisex,,,,,,,https://cdn.shopify.com/s/files/1/0072/0646/9679/products/Siberia-all-white-slim-sized600.jpg,,,,,6.90,,1,G,15,IN,3,3,3,,,,
,,SI-9015-1,Unisex,Title,Default Title,,,,,,,,,,6.90,,1,G,15,IN,3,3,3,,,Siberia,Extremely Strong AW Slim
Arctic Blast AW,"<p>VID ist die neuste Kreation vom Hause Kurbits Snus AB - kräftige Schweizer Aromen treffen auf schwedisches Snus Know How. Die Arctiv Blast Nikotinbeutel bestechen mit ihrem frischen Menthol, Minze Geschmack und einem hohen Nikotingehalt von 20 mg/g! Die Slim Beutel fühlen sich angenehm unter der Lippe an und können helfen, die Zigarette zu vergessen. ;-)</p>
<p>Auf aromatisierter Zellulosebasis und völlig frei von Tabak kommen auch die VID Beutel im Slim Format. Ohne Tabak bedeutet ohne gewöhnungsbedürftigen Tabakgeruch sowie ohne jegliche Tabakschadstoffe - aktuell gibt es weltweit keine weniger schädliche Art, Nikotin zu konsumieren. All White Snus / Nicotine Pouches bietet sich deshalb vor allem Rauchern an, welche mit Rauchentwöhnung wie Nikotinpflaster, Nikotinkaugummi oder Nikotinspray nichts anfangen können.</p>",Arctic Blast AW,Unisex,,,,,,,https://cdn.shopify.com/s/files/1/0072/0646/9679/files/Vid-arctic-Blast-sized.png,,,,,3.90,0.00,1,G,1,IN,3,3,3,,,,
,,VI-1005-1,Unisex,Title,Default Title,,,,,,,,,,3.90,0.00,1,G,1,IN,3,3,3,,,VID,Arctic Blast AW
White Fox AW,"<meta charset=""utf-8"">
<div class=""item flex "">
<div class=""title"">
<div class=""info"">
<div class=""info"">
<p>Unter der Marke White Fox vertreibt der Produzent von <a href=""https://snushus.ch/collections/odens"" title=""Oden's"">Oden's</a> und <a href=""https://snushus.ch/collections/siberia"" title=""Siberia"">Siberia </a>(GN Tobacco) seine All White Portionsbeutel. Der White Fox kommt mit einem eisigen Minzgeschmack im Slim Beutel.</p>
<p> </p>
<p>Auf aromatisierter Zellulosebasis und völlig frei von Tabak kommen auch die White Fox Beutel im Slim Format. Ohne Tabak bedeutet ohne gewöhnungsbedürftigen Tabakgeruch sowie ohne jegliche Tabakschadstoffe - aktuell gibt es weltweit keine weniger schädliche Art, Nikotin zu konsumieren. All White Snus / Nicotine Pouches bietet sich deshalb vor allem Rauchern an, welche mit Rauchentwöhnung wie Nikotinpflaster, Nikotinkaugummi oder Nikotinspray nichts anfangen können.</p>
</div>
</div>
</div>
</div>
<div class=""item flex ""></div>",White Fox AW,Unisex,,,,,,,https://cdn.shopify.com/s/files/1/0072/0646/9679/products/white-fox-all-white.png,,,,,5.20,,1,G,30,IN,3,3,3,,,,
,,WF-1005-1,Unisex,Title,Default Title,,,,,,,,,,5.20,,1,G,30,IN,3,3,3,,,White Fox,White Fox AW
Extreme WDP Slim,"Soldat Extreme WDP Slim für die langen Tage auf dem Feld! Mit seinen unglaublichen 45 mg/g Nikotingehalt, gibt er jedem Snuser einen unverwechselbaren Kick welcher lange anhält. Unter der Lippe fühlen sich die Beutel sehr geschmeidig an und der Minz/Menthol Geschmack kommt angenehm zur Geltung.",Extreme WDP Slim,Unisex,,,,,,,https://cdn.shopify.com/s/files/1/0072/0646/9679/files/Snus_Container_Top_View_Soldat_Slim.png,,,,,2.90,0.00,1,G,1,IN,3,3,3,,,,
,,SO-3015-1,Unisex,Title,Default Title,,,,,,,,,,2.90,0.00,1,G,1,IN,3,3,3,,,Soldat,Extreme WDP Slim
Blueberry Mint Strong AW,"<p>Dieses XQS-Produkt ist perfekt für alle, die auf der Suche nach einem erfrischenden Geschmack mit einem Hauch von Frucht sind. Du hättest nicht gedacht, dass Blaubeere und Minze eine leckere Kombination sind, aber wir bitten Dich, sie selbst zu probieren! Mit einem grossartigen Geschmack und einem starken Nikotin-Kick werden Deine Geschmacksnerven Kribbeln.</p>
<p>Die Beutel sind ganz weiss und färben nicht auf die Zähne ab. Die Beutel sind schlank und fühlen sich unter der Lippe angenehm an. <span data-mce-fragment=""1"">Die Beutel müssen nicht gekühlt aufbewahrt werden.</span></p>",Blueberry Mint Strong AW,Unisex,,,,,,,https://cdn.shopify.com/s/files/1/0072/0646/9679/files/XQS_Blueberry_Mint_sized_3073c03c-6d2a-43cf-bc9c-966300be9dab.png,,,,,4.20,0.00,1,G,1,IN,3,3,3,,,,
,,XQ-2015-1,Unisex,Title,Default Title,,,,,,,,,,4.20,0.00,1,G,1,IN,3,3,3,,,XQS,Blueberry Mint Strong AW
Red AW,"<span>Pablo Red, der einzige Nikotinbeutel auf dem Markt mit gleichzeitig kühlender und brennender Wirkung! </span>",Red AW,Unisex,,,,,,,https://cdn.shopify.com/s/files/1/0072/0646/9679/products/PabloRedAW.png,,,,,5.20,0.00,1,G,28000,IN,3,3,3,,,,
,,PA-2005-1,Unisex,Title,Default Title,,,,,,,,,,5.20,0.00,1,G,28000,IN,3,3,3,,,Pablo,Red AW
Blau -80 Degrees WP Slim,"<meta charset=""utf-8"">
<div class=""item flex "">
<div class=""title"">
<div class=""info"">
<div class=""info"">
<p>Siberia White Portion ist ein starker Snus mit hohem Nikotingehalt und Minzgeschmack. Der Snus hat einen Nikotingehalt von 24 mg/g und es gibt ihn nun auch in der Portionsform zu kaufen. Der Snus hat einen würzigen Geschmack nach Minze, der lange anhält. Der hohe Nikotingehalt wird durch einen hohen Feuchtigkeitsgehalt von 45 % ausgeglichen, was unüblich ist für starke Snus-Sorten. Wie auch <a href=""https://snushus.ch/collections/odens"" title=""Oden´s"">Oden´s</a> gehört Siberia zu den beliebtesten Marken auf dem Markt. Bei Fragen, Wünschen oder Anregungen kannst du uns gerne auf der <a href=""https://snushus.ch/pages/kontakt"" title=""Kontakt"">Kontaktseite </a>schreiben. </p>
</div>
<div class=""info"">
<div class=""info"">
<div class=""item flex "">
<div class=""title""></div>
</div>
</div>
</div>
</div>
</div>
</div>",Blau -80 Degrees WP Slim,Unisex,,,,,,,https://cdn.shopify.com/s/files/1/0072/0646/9679/files/siberia-blue-white-slim-portion.png,,,,,5.20,0.00,1,G,30,IN,3,3,3,,,,
,,SI-2015-1,Unisex,Title,Default Title,,,,,,,,,,5.20,0.00,1,G,30,IN,3,3,3,,,Siberia,Blau -80 Degrees WP Slim
No.2 Mint AW,"<p>Entdecke Après No.2 Mint All White Mint – Dein erfrischender Begleiter für ein leichtes und angenehmes Nikotinerlebnis. Mit einer Stärke von 2/5 und einem Nikotingehalt von 8 mg/g bietet Dir dieser Snus eine sanfte und wohltuende Wirkung. Der frische Minzgeschmack sorgt für ein süsses und belebendes Aroma, das Deine Sinne erfrischt.</p>
<p>Après No.2 Mint schmeckt so, wie eine Minze schmecken sollte – süss, frisch und mit einem Hauch Pfefferminze, der Dir ein anhaltendes Gefühl von Vitalität verleiht. Diese Kombination sorgt für ein langanhaltendes, erfrischendes Erlebnis, das perfekt für den täglichen Gebrauch geeignet ist.</p>
<p>Geniesse den frischen Minzgeschmack von Après No.2 Mint All White Mint und erlebe die perfekte Kombination aus Leichtigkeit und Frische. Bestelle jetzt online und entdecke, warum Après die bevorzugte Wahl für Snus-Liebhaber ist. Gönn Dir diesen erfrischenden und vitalisierenden Genuss und bringe neue Frische in Deinen Alltag!</p>
<!---->",No.2 Mint AW,Unisex,,,,,,,https://cdn.shopify.com/s/files/1/0072/0646/9679/files/apres-no-2-mint-aw.png,,,,,5.20,,1,G,1,IN,3,3,3,,,,
,,AP-2005-1,Unisex,Title,Default Title,,,,,,,,,,5.20,,1,G,1,IN,3,3,3,,,Après,No.2 Mint AW
Super White Fresh Mint No.55 AW,"<meta charset=""utf-8"">
<div class=""item flex"">
<div class=""title""></div>
</div>
<div class=""item flex"">
<div class=""info"">
<p> Auf aromatisierter Zellulosebasis und völlig frei von Tabak kommen auch die Skruf Super White Beutel im Slim Format. Ohne Tabak bedeutet ohne gewöhnungsbedürftigen Tabakgeruch sowie ohne jegliche Tabakschadstoffe - aktuell gibt es weltweit keine weniger schädliche Art, Nikotin zu konsumieren. All White Snus / Nicotine Pouches bietet sich deshalb vor allem Rauchern an, welche mit Rauchentwöhnung wie Nikotinpflaster, Nikotinkaugummi oder Nikotinspray nichts anfangen können.</p>
<div class=""info"">
<p> </p>
<p>Der Skruf Super White Fresh #5 schmeckt nach frischer Minze und hat den höchsten Nikotingehalt in der Super White Reihe von Skruf. Unglaubliche 26 mg/g Nikotin!</p>
<p> <br></p>
<div class=""info"">
<p>Der Artikel erscheint in einem neuen Design, hat jedoch die selbe Rezeptur wie der alt bekannte Skruf Super White Fresh #5 AW</p>
</div>
<div class=""info"">
<div class=""info"">
<div class=""item flex"">
<div class=""title""></div>
</div>
</div>
</div>
</div>
</div>
<div class=""info"">
<div class=""info"">
<div class=""item flex"">
<div class=""title""><br></div>
</div>
</div>
</div>
</div>",Super White Fresh Mint No.55 AW,Unisex,,,,,,,https://cdn.shopify.com/s/files/1/0072/0646/9679/products/Skruf_Superwhite_no55_Ultra.jpg,,,,,5.20,0.00,1,G,1,IN,3,3,3,,,,
,,SK-1205-1,Unisex,Title,Default Title,,,,,,,,,,5.20,0.00,1,G,1,IN,3,3,3,,,Skruf,Super White Fresh Mint No.55 AW
Double Mint Extreme WP,"<meta charset=""utf-8"">
<div class=""item flex "">
<div class=""title""></div>
</div>
<div class=""item flex "">
<div class=""info"">
<div class=""info"">
<p>Oden's Double Mint Extreme Portion ist ein sehr hoher Nikotin-Snack. Der Geschmack, der während der Verwendung erscheint, ist scharf und der Pfefferminze zuliebe. Zusammen mit <a href=""https://snushus.ch/collections/siberia"" title=""Siberia"">Siberia </a>gehört Oden´s zu den beliebtesten Snus-Marken. <span>Bei Fragen, Wünschen oder Anregungen </span><span>kannst du </span><span>uns </span><span>gerne auf der </span><span></span><a href=""https://snushus.ch/pages/kontakt"" title=""Kontakt"">Kontaktseite</a><span> s</span><span>chreiben</span><span>.</span></p>
</div>
<div class=""info"">
<div class=""info"">
<div class=""item flex "">
<div class=""title""></div>
</div>
</div>
</div>
</div>
<div class=""info"">
<div class=""info""></div>
</div>
</div>",Double Mint Extreme WP,Unisex,,,,,,,https://cdn.shopify.com/s/files/1/0072/0646/9679/files/Snus_Container_Top_View_Odens_Double_Mint_Extreme_WP.png,,,,,4.80,,1,G,30,IN,3,3,3,,,,
,,OD-3005-1,Unisex,Title,Default Title,,,,,,,,,,4.80,,1,G,30,IN,3,3,3,,,Oden's,Double Mint Extreme WP
White Fox Full Charge AW,"<meta charset=""utf-8"">
<div class=""item flex "">
<div class=""title"">
<div class=""info"">
<div class=""info"">
<p>Unter der Marke White Fox vertreibt der Produzent von <a href=""https://snushus.ch/collections/odens"" title=""Oden's"">Oden's</a> und <a href=""https://snushus.ch/collections/siberia"" title=""Siberia"">Siberia </a>(GN Tobacco) seine All White Portionsbeutel. Der White Fox Full Charge kommt mit einem eisigen Minzgeschmack im grossen Beutel.</p>
<p> </p>
<p> <span>Auf aromatisierter Zellulosebasis und völlig frei von Tabak kommen auch die</span><span> White Fox </span><span>Beutel im Slim Format. Ohne Tabak bedeutet ohne gewöhnungsbedürftigen Tabakgeruch sowie ohne jegliche Tabakschadstoffe - aktuell gibt es weltweit keine weniger schädliche Art, Nikotin zu konsumieren. All White Snus / Nicotine Pouches bietet sich deshalb vor allem Rauchern an, welche mit Rauchentwöhnung wie Nikotinpflaster, Nikotinkaugummi oder Nikotinspray nichts anfangen können.</span></p>
</div>
</div>
</div>
</div>
<div class=""item flex ""></div>",White Fox Full Charge AW,Unisex,,,,,,,https://cdn.shopify.com/s/files/1/0072/0646/9679/products/white-fox-full-charge-all-white.png,,,,,5.20,,1,G,30,IN,3,3,3,,,,
,,WF-2005-1,Unisex,Title,Default Title,,,,,,,,,,5.20,,1,G,30,IN,3,3,3,,,White Fox,White Fox Full Charge AW
Bergluft AW,"<p>Der 7SIÄCH Bergluft katapultiert dich direkt auf die Schweizer Berggipfel - tief einatmen und die angenehme Kühle geniessen. Mit 20 mg/g Nikotin und einem Hauch von Menthol ist er der Klassiker in Schweizer Qualität.</p>
<p>7SIÄCH ist ein junges Schweizer Startup, das einzigartigen Schweizer Snus in höchster Qualität auf den Markt bringt. Ihr Ziel ist es, eine Schweizer Alternative zu den Produkten der grossen Tabakunternehmen anzubieten.</p>",Bergluft AW,Unisex,,,,,,,https://cdn.shopify.com/s/files/1/0072/0646/9679/products/7SIACH_Bergluft_sized.png,,,,,6.90,0.00,1,G,1,IN,3,3,3,,,,
,,7S-2000-1,Unisex,Title,Default Title,,,,,,,,,,6.90,0.00,1,G,1,IN,3,3,3,,,7Siäch,Bergluft AW
Extremely Strong AW,"<span data-mce-fragment=""1"">Der beliebteste Brand der Schweizer kommt nun auch mit einer All-White Variante daher! Der Siberia Extremely Strong AW kommt mit starken 33 mg/g Nikotin.</span>",Extremely Strong AW,Unisex,,,,,,,https://cdn.shopify.com/s/files/1/0072/0646/9679/products/Siberia-all-white-regular-sized600.jpg,,,,,6.90,0.00,1,G,15,IN,3,3,3,,,,
,,SI-9005-1,Unisex,Title,Default Title,,,,,,,,,,6.90,0.00,1,G,15,IN,3,3,3,,,Siberia,Extremely Strong AW
Super White Fresh Mint No.52 AW,"<meta charset=""utf-8"">
<div class=""item flex"">
<div class=""title""></div>
</div>
<div class=""item flex"">
<div class=""info"">
<p>Auf aromatisierter Zellulosebasis und völlig frei von Tabak kommen auch die Skruf Super White Beutel im Slim Format. Ohne Tabak bedeutet ohne gewöhnungsbedürftigen Tabakgeruch sowie ohne jegliche Tabakschadstoffe - aktuell gibt es weltweit keine weniger schädliche Art, Nikotin zu konsumieren. All White Snus / Nicotine Pouches bietet sich deshalb vor allem Rauchern an, welche mit Rauchentwöhnung wie Nikotinpflaster, Nikotinkaugummi oder Nikotinspray nichts anfangen können.</p>
<div class=""info"">
<p> </p>
<p>Der Skruf Super White Fresh #2 schmeckt nach frischer Minze und gleich wie der Skruf Super White Fresh #4 - einfach mit weniger Nikotin.</p>
</div>
<div class=""info"">
<div class=""info"">
<div class=""item flex"">
<div class=""title""><br></div>
</div>
</div>
</div>
</div>
<div class=""info"">
<div class=""info"">
<div class=""item flex"">
<div class=""title""><br></div>
<div class=""title"">
<span><span>Der Artikel erscheint in einem neuen Design, hat jedoch die selbe Rezeptur wie der alt bekannte Super White Fresh #2 AW</span></span>
<div class=""Polaris-Header-Title__TitleMetadata_19y17""></div>
</div>
</div>
</div>
</div>
</div>",Super White Fresh Mint No.52 AW,Unisex,,,,,,,https://cdn.shopify.com/s/files/1/0072/0646/9679/products/SuperWhiteSlimFresh_2.png,,,,,5.20,,1,G,30,IN,3,3,3,,,,
,,SK-1105-1,Unisex,Title,Default Title,,,,,,,,,,5.20,,1,G,30,IN,3,3,3,,,Skruf,Super White Fresh Mint No.52 AW
Fresh Mint AW,"Starker frischer Pfefferminzgeschmack mit einem hauch an Kräutern. Ström Mint liefert Dir Mittelstarke Kühlung mit lang anhaltendem Geschmack.<br data-mce-fragment=""1""><br>",Fresh Mint AW,Unisex,,,,,,,https://cdn.shopify.com/s/files/1/0072/0646/9679/files/strom-fresh-mint-aw-sized.png,,,,,4.90,0.00,1,G,13,IN,3,3,3,,,,
,,SR-1010-1,Unisex,Title,Default Title,,,,,,,,,,4.90,0.00,1,G,13,IN,3,3,3,,,STRÖM,Fresh Mint AW
Cryo AW Slim,"<p>Der G.4 Cryo von Swedish Match hat einen hellen. würzigen Charakter mit deutlichen Noten von Pfefferminz und Eukalyptus, dazu Spuren von Vanille. Ein langer schlanker All White Beutel mit optimierter Passform, aussen trocken mit einem feuchten Inhalt für lang anhaltende Geschmacksentfaltung und geringem Rinnen.</p>",Cryo AW Slim,Unisex,,,,,,,https://cdn.shopify.com/s/files/1/0072/0646/9679/products/1647422021844617_g4-cryo-aw.jpg,,,,,5.55,0.00,1,G,40000,IN,3,3,3,,,,
,,G4-2005-1,Unisex,Title,Default Title,,,,,,,,,,5.55,0.00,1,G,40000,IN,3,3,3,,,G.4,Cryo AW Slim
X WDP,"<meta charset=""utf-8"">
<div class=""item flex "">
<div class=""title"">
<div class=""info"">
<p><span>Offroad X ist wahrscheinlich der stärkste Snus der Welt: unglaubliche 45mg/g. Als White Dry Portion rinnt der Snus sehr wenig und überzeugt durch einen prominenten Minz-Menthol Geschmack. </span></p>
<p><br><br></p>
</div>
</div>
</div>
<div class=""item flex ""></div>",X WDP,Unisex,,,,,,,https://cdn.shopify.com/s/files/1/0072/0646/9679/products/offroad-arctic-xplorer-white-dry-portion.png,,,,,4.80,,1,G,30,IN,3,3,3,,,,
,,OF-1005-1,Unisex,Title,Default Title,,,,,,,,,,4.80,,1,G,30,IN,3,3,3,,,Offroad,X WDP
Extreme WDP Slim 500g Box,"<p>Soldat Extreme für die langen Tage auf dem Feld! Mit seinen unglaublichen 45 mg/g Nikotingehalt, gibt er jedem Snuser einen unverwechselbaren Kick welcher lange anhält. Unter der Lippe fühlen sich die Beutel sehr geschmeidig an und der Minz/Menthol Geschmack kommt angenehm zur Geltung. Jetzt auch in der beliebten 500g Box erhältlich! <br></p>",Extreme WDP Slim 500g Box,Unisex,,,,,,,https://cdn.shopify.com/s/files/1/0072/0646/9679/files/soldat-black-extreme-white-dry-portion-slim-500g-box.png,,,,,99.00,0.00,1,G,600000,IN,3,3,3,,,,
,,SO-3125-1,Unisex,Title,Default Title,,,,,,,,,,99.00,0.00,1,G,600000,IN,3,3,3,,,Soldat,Extreme WDP Slim 500g Box
Double Mint Extreme WDP Slim,"<meta charset=""utf-8"">
<div class=""item flex "">
<div class=""title""></div>
</div>
<div class=""item flex "">
<div class=""info"">
<div class=""info"">
<p>Odens Double Mint Extreme White Dry Portion Slim ist ein sogenannter ""White Dry"" Portionssnus. Die Portionen sind, wie der Name schon sagt, trockener als andere Sorten und haben einen hohen Nikotingehalt. Der Geschmack von Odens Double Mint ist von scharfer Natur mit überzeugenden Pfefferminzakzenten.</p>
</div>
<div class=""info"">
<div class=""info"">
<div class=""item flex ""></div>
</div>
</div>
</div>
<div class=""info"">
<div class=""item flex ""></div>
</div>
</div>",Double Mint Extreme WDP Slim,Unisex,,,,,,,https://cdn.shopify.com/s/files/1/0072/0646/9679/products/odens-double-mint-white-dry-slim-portion.png,,,,,4.60,,1,G,30,IN,3,3,3,,,,
,,OD-5015-1,Unisex,Title,Default Title,,,,,,,,,,4.60,,1,G,30,IN,3,3,3,,,Oden's,Double Mint Extreme WDP Slim
Double Mint Extreme WDP,"<meta charset=""utf-8"">
<div class=""item flex "">
<div class=""title""></div>
</div>
<div class=""item flex "">
<div class=""info"">
<p>Odens Double Mint Extreme White Dry Portion ist ein sogenannter ""white dry"" Portionssnus. Die Portionen sind, wie der Name schon sagt, trockener als andere Sorten und haben einen hohen Nikotingehalt. <br>Der Geschmack ist von scharfer Natur mit überzeugenden Pfefferminzakzenten.</p>
</div>
<div class=""info""></div>
<div class=""info"">
<div class=""info"">
<div class=""item flex ""></div>
</div>
</div>
</div>",Double Mint Extreme WDP,Unisex,,,,,,,https://cdn.shopify.com/s/files/1/0072/0646/9679/products/odens-double-mint-white-dry-portion.png,,,,,4.80,,1,G,30,IN,3,3,3,,,,
,,OD-5005-1,Unisex,Title,Default Title,,,,,,,,,,4.80,,1,G,30,IN,3,3,3,,,Oden's,Double Mint Extreme WDP
Natural Mint 150mg,"<p bis_size='{""x"":11,""y"":9,""w"":565,""h"":58,""abs_x"":667,""abs_y"":289}'><a href=""https://snushus.ch/collections/nikotinfreie-portion"" title=""Nikotinfreier Snus | Snushus.ch"" bis_size='{""x"":11,""y"":9,""w"":26,""h"":18,""abs_x"":667,""abs_y"":289}'>CBD</a> Portionsbeutelchen mit einem balancierten Geschmack von süsser und frischer Minze. <span data-mce-fragment=""1"" bis_size='{""x"":11,""y"":29,""w"":521,""h"":38,""abs_x"":667,""abs_y"":309}'>Hergestellt mit allen natürlichen Zutaten (THC-Frei, Tabakfrei und Nikotinfrei). Rauchlos, diskret und schnell wirkend.</span></p>",Natural Mint 150mg,Unisex,,,,,,,https://cdn.shopify.com/s/files/1/0072/0646/9679/files/CannadipsMintTinFront_d289570d-4ce9-40b1-a566-7e4cfcf25a48.png,,,,,8.90,,1,G,30,IN,3,3,3,,,,
,,CD-2000-1,Unisex,Title,Default Title,,,,,,,,,,8.90,,1,G,30,IN,3,3,3,,,Cannadips,Natural Mint 150mg
Blau -80 Degrees WP,"<meta charset=""utf-8"">
<div class=""item flex"">
<div class=""title"">
<div class=""info"">
<div class=""info"">
<p>Siberia White Portion ist ein starker Snus mit hohem Nikotingehalt und Minzgeschmack. Der Snus hat einen Nikotingehalt von 24 mg/g und es gibt ihn nun auch in der Portionsform zu kaufen. Der Snus hat einen würzigen Geschmack nach Minze, der lange anhält. Der hohe Nikotingehalt wird durch einen hohen Feuchtigkeitsgehalt von 45 % ausgeglichen, was unüblich ist für starke Snus-Sorten. Siberia gehört zusammen zu <a title=""Oden´s"" href=""https://snushus.ch/collections/odens"">Oden´s</a> zu den beliebtesten Snus-Marken. <span>Bei Fragen, Wünschen oder Anregungen </span><span>kannst du </span><span>uns </span><span>gerne auf der </span><span></span><a title=""Kontakt"" href=""https://snushus.ch/pages/kontakt"">Kontaktseite</a><span> s</span><span>chreiben</span><span>.</span></p>
</div>
<div class=""info"">
<div class=""info"">
<div class=""item flex""></div>
</div>
</div>
</div>
<div class=""info""></div>
<div class=""info"">
<div class=""info"">
<div class=""item flex""></div>
</div>
</div>
</div>
</div>
<div class=""item flex""></div>",Blau -80 Degrees WP,Unisex,,,,,,,https://cdn.shopify.com/s/files/1/0072/0646/9679/files/Snus_Container_Top_View_Siberia_White_Ice_Cold.png,,,,,5.20,,1,G,30,IN,3,3,3,,,,
,,SI-2005-1,Unisex,Title,Default Title,,,,,,,,,,5.20,,1,G,30,IN,3,3,3,,,Siberia,Blau -80 Degrees WP
Extreme WDP 500g Box,"<p>Soldat Extreme für die langen Tage auf dem Feld! Mit seinen unglaublichen 45 mg/g Nikotingehalt, gibt er jedem Snuser einen unverwechselbaren Kick welcher lange anhält. Unter der Lippe fühlen sich die Beutel sehr geschmeidig an und der Minz/Menthol Geschmack kommt angenehm zur Geltung. Jetzt auch in der beliebten 500g Box erhältlich!<br></p>",Extreme WDP 500g Box,Unisex,,,,,,,https://cdn.shopify.com/s/files/1/0072/0646/9679/files/soldat-black-extreme-white-dry-portion-500g-box.png,,,,,99.00,,1,G,600000,IN,3,3,3,,,,
,,SO-3025-1,Unisex,Title,Default Title,,,,,,,,,,99.00,,1,G,600000,IN,3,3,3,,,Soldat,Extreme WDP 500g Box
Cold Mint Extra Strong AW,<span>Killa Cold Mint Extra Strong Slim All White - schlanke Portionen mit kühlendem Minzgeschmack.</span>,Cold Mint Extra Strong AW,Unisex,,,,,,,https://cdn.shopify.com/s/files/1/0072/0646/9679/products/c3a9d8486e1d81d69a40a5851c68db83.jpg,,,,,5.20,0.00,1,G,28000,IN,3,3,3,,,,
,,KI-1005-1,Unisex,Title,Default Title,,,,,,,,,,5.20,0.00,1,G,28000,IN,3,3,3,,,Killa,Cold Mint Extra Strong AW
Minty Orange AW,"Die kühlende Frische der Minze kombiniert mit saftigem, bittersüssem Orangenaroma und Noten von Orangenschalen.",Minty Orange AW,Unisex,,,,,,,https://cdn.shopify.com/s/files/1/0072/0646/9679/files/strom-minty-orange-aw-sized.png,,,,,4.90,0.00,1,G,13,IN,3,3,3,,,,
,,SR-3010-1,Unisex,Title,Default Title,,,,,,,,,,4.90,0.00,1,G,13,IN,3,3,3,,,STRÖM,Minty Orange AW
Peppermint AW,"<meta charset=""utf-8"">
<div class=""item flex"">
<div class=""title"">
<div class=""info"">
<div class=""info"">
<p>Unter der Marke White Fox vertreibt der Produzent von <a href=""https://snushus.ch/collections/odens"" title=""Oden's"">Oden's</a> und <a href=""https://snushus.ch/collections/siberia"" title=""Siberia"">Siberia </a>(GN Tobacco) seine All White Portionsbeutel. Der White Fox kommt mit einem eisigen Minzgeschmack im Slim Beutel.</p>
<p> </p>
<p>Auf aromatisierter Zellulosebasis und völlig frei von Tabak kommen auch die White Fox Beutel im Slim Format. Ohne Tabak bedeutet ohne gewöhnungsbedürftigen Tabakgeruch sowie ohne jegliche Tabakschadstoffe - aktuell gibt es weltweit keine weniger schädliche Art, Nikotin zu konsumieren. All White Snus / Nicotine Pouches bietet sich deshalb vor allem Rauchern an, welche mit Rauchentwöhnung wie Nikotinpflaster, Nikotinkaugummi oder Nikotinspray nichts anfangen können.</p>
</div>
</div>
</div>
</div>
<div class=""item flex""></div>",Peppermint AW,Unisex,,,,,,,https://cdn.shopify.com/s/files/1/0072/0646/9679/products/fe93b5a36240d50c4d88c4598d1928d1.jpg,,,,,5.20,0.00,1,G,30000,IN,3,3,3,,,,
,,WF-4005-1,Unisex,Title,Default Title,,,,,,,,,,5.20,0.00,1,G,30000,IN,3,3,3,,,White Fox,Peppermint AW
Cold Extreme OP,"Odens Cold Extreme Original Portion ist ein Produkt für traditionelle Snuser.<br data-mce-fragment=""1"">Durch die feuchten Beutel kommt der Nikotingehalt noch besser zur Wirkung als bei vergleichbaren Oden's Produkten.<br data-mce-fragment=""1"">Bereits beim Öffnen der Dose macht sich der intensive Minz Geschmack bemerkbar - unter der Lippe wird dieser zusätzlich verstärkt. Ein perfektes Produkt für Minz-Liebhaber!",Cold Extreme OP,Unisex,,,,,,,https://cdn.shopify.com/s/files/1/0072/0646/9679/products/1624966183962937_odens-cold-extreme-original-portion.jpg,,,,,4.80,,1,G,1,IN,3,3,3,,,,
,,OD-7005-1,Unisex,Title,Default Title,,,,,,,,,,4.80,,1,G,1,IN,3,3,3,,,Oden's,Cold Extreme OP
Extremely Strong  AW Super Slim,"<span data-mce-fragment=""1"">Siberia ist der stärkste Snus der Welt – und nun kannst du Siberia All White Extremely Strong Super Slim kaufen, die tabakfreie Alternative! Gönn dir die Marke mit dem unglaublich hohen Nikotingehalt von 33 mg/g für eine extrem starke belebende Wirkung. Per diskreter Super Slim Portion sind das 21 mg Nikotin! Dazu passt das eiskalte Minzaroma – echt sibirisch kalt!</span>",Extremely Strong  AW Super Slim,Unisex,,,,,,,https://cdn.shopify.com/s/files/1/0072/0646/9679/products/Siberia-Extremly-Strong-super-slim-aw_b94b7e46-18df-49cf-b352-cd0ccb2c1296.jpg,,,,,6.90,,1,G,13,IN,3,3,3,,,,
,,SI-9115-1,Unisex,Title,Default Title,,,,,,,,,,6.90,,1,G,13,IN,3,3,3,,,Siberia,Extremely Strong  AW Super Slim
Super Strong Spearmint WP,"<meta charset=""utf-8"">
<div class=""item flex"">
<div class=""title"">
<div class=""info"">
<p>General Super Strong Spearmint WP - Ein moderner Klassiker mit würzigem Tabak und einem klaren Geschmack von Minze. Ein frisches, starkes und kompromissloses Tabakerlebnis, das auf stolzer Tradition und Handwerkskunst aufbaut. Ein weicher und würziger Tabakgeschmack mit deutlichen Noten von Minze, zusammen mit einem Hauch von grünen Kräutern und Eukalyptus.</p>
</div>
</div>
</div>
<div class=""item flex""></div>",Super Strong Spearmint WP,Unisex,,,,,,,https://cdn.shopify.com/s/files/1/0072/0646/9679/files/general-super-strong-spearmint-wp_af98c372-3829-4a09-a833-cf97c5e26c7f.png,,,,,7.90,0.00,1,G,35000,IN,3,3,3,,,,
,,GE-8005-1,Unisex,Title,Default Title,,,,,,,,,,7.90,0.00,1,G,35000,IN,3,3,3,,,General,Super Strong Spearmint WP
X Cool Mint AW Slim,"<p>Entdecke <a href=""https://snushus.ch/collections/ace-snus"">ACE</a> X Cool Mint AW Slim – Dein ultimativer Begleiter für ein intensives und erfrischendes Nikotinerlebnis. Mit einer Stärke von 4/5 und einem beeindruckenden Nikotingehalt von 20 mg/g bietet Dir dieser Snus eine kraftvolle und langanhaltende Wirkung. Der erfrischende Geschmack von Minze und kräftiger Pfefferminze sorgt für eine unvergleichliche Geschmacksexplosion.</p>
<p>ACE X Cool Mint AW Slim bietet Dir die erfolgreiche Kombination aus kühlender Minze und kräftiger Pfefferminze. Die 20 Slim Pouches sind so konzipiert, dass sie diskret und angenehm zu tragen sind, egal wo Du bist. Wir haben unsere Beutel in ""Raketentreibstoff"" getaucht, um Dir das bisher stärkste Gefühl zu geben. Das Freisetzungsprofil ""ace X"" beschleunigt wie eine Schleuder um die Sonne und schickt Dich augenblicklich vorwärts.</p>
<p>Bestelle jetzt Deinen ACE X Cool Mint AW Slim online und entdecke die perfekte Mischung aus Stärke und Frische. Erlebe die unvergleichliche Kraft von ""ace X"" und gönn Dir diesen intensiven Genuss!</p>",X Cool Mint AW Slim,Unisex,,,,,,,https://cdn.shopify.com/s/files/1/0072/0646/9679/files/AceXCoolMint-sized.png,,,,,5.90,0.00,1,G,13,IN,3,3,3,,,,
,,AC-1005-1,Unisex,Title,Default Title,,,,,,,,,,5.90,0.00,1,G,13,IN,3,3,3,,,Ace,X Cool Mint AW Slim
Cold Portion OP,"<meta charset=""utf-8"">
<div class=""item flex"">
<div class=""title""></div>
</div>
<div class=""item flex"">
<div class=""info"">
<p>Der Odens Cold bietet, wie der Name es bereits sagt, ein kaltes Gefühl. Der Tabak wird optimal mit dem Minzgeschmack ausgeglichen und mit seinen 9 mg/g Nikotin zählt dieser <a href=""https://snushus.ch/collections/original-portion"">Original Portion</a> Snus, zu den schwachen Sorten der Marke <a href=""https://snushus.ch/collections/odens"">Oden's</a>.</p>
</div>
<div class=""info""></div>
<div class=""info"">
<div class=""info"">
<div class=""item flex""></div>
</div>
</div>
</div>",Cold Portion OP,Unisex,,,,,,,https://cdn.shopify.com/s/files/1/0072/0646/9679/products/1636397421938446_odens-cold-portion.jpg,,,,,4.80,0.00,1,G,1,IN,3,3,3,,,,
,,OD-1105-1,Unisex,Title,Default Title,,,,,,,,,,4.80,0.00,1,G,1,IN,3,3,3,,,Oden's,Cold Portion OP
Freezing-Mint AW,"<p>Entdecke den unschlagbaren Genuss von ¡VALE! Freezing-Mint AW zum attraktiven Preis!</p>
<p>Der Freezing-Mint AW begeistert mit seiner erfrischenden Geschmacksexplosion. <br>Die Kombination von Minze und Menthol verleiht ihm einen ganz besonderen Charakter. Hergestellt nach anspruchsvollsten schweizerischen Verfahren, bietet dieser Snus <br>ein unvergleichliches Erlebnis.<br></p>",Freezing-Mint AW,Unisex,,,,,,,https://cdn.shopify.com/s/files/1/0072/0646/9679/files/vale-freezing-mint-aw.png,,,,,5.90,0.00,1,G,1,IN,3,3,3,,,,
,,VA-1010-1,Unisex,Title,Default Title,,,,,,,,,,5.90,0.00,1,G,1,IN,3,3,3,,,¡VALE!,Freezing-Mint AW
Crushed Ice WP,"<meta charset=""utf-8"">
<div class=""item flex"">
<div class=""title"">
<div class=""info"">
<p>Der Klassiker schlechthin von Nick &amp; Johnny! Der Crushed Ice White Portion kommt mit einer Minz, Menthol-Frische welche in Schweden auf grossen Anklang stösst. Von Swedish Matach produziert kommt dieser White Portion Snus mit 12 mg/g Nikotin.</p>
</div>
</div>
</div>
<div class=""item flex""></div>",Crushed Ice WP,Unisex,,,,,,,https://cdn.shopify.com/s/files/1/0072/0646/9679/products/1636553557380422_nick-johnny-crushed-ice-xtra-strong-white-portion.jpg,,,,,5.90,0.00,1,G,1,IN,3,3,3,,,,
,,NJ-3005-1,Unisex,Title,Default Title,,,,,,,,,,5.90,0.00,1,G,1,IN,3,3,3,,,Nick & Johnny,Crushed Ice WP
Natural Mint,"<p>Entdecke die perfekt ausbalancierte Mischung aus kühl und süss, die nur mit natürlichen Aromen hergestellt wird, die sicherlich Deine Sinne kitzeln werden.</p>
<p>Tauche ein in eine erfrischende Flucht mit COCOs Natural Mint Nikotinbeuteln, die fachmännisch mit rein authentischen Infusionen hergestellt werden. Geniesse die belebende Essenz der natürlichen Minze, während jeder Beutel Dich zu knackigen, kühlen Empfindungen und heiteren Momenten trägt. Erlebe die perfekte Harmonie von minzigem Reiz und echter Nikotinbefriedigung, die sorgfältig in jedem Beutel enthalten ist.</p>
<p> </p>
<p>Verwendung:</p>
<p><span>Für eine schnelle Freisetzung von Nikotin und Aromen:</span><br><span>1. Befeuchte den Beutel, indem Du ihn auf die Zunge legst.</span><br><span>2. Sobald der Beutel feucht ist, kaue den Beutel einmal vorsichtig. Achte darauf, den Beutel nicht zu </span><span>öffnen</span><span>.</span><br><span>3. Lege den Beutel unter die Oberlippe und spüre den intensiven Geschmack und die schnelle Nikotinfreisetzung.</span><br><span>4. Geniesse den Kick bis zu einer Stunde lang</span></p>",Natural Mint,Unisex,,,,,,,https://cdn.shopify.com/s/files/1/0072/0646/9679/files/CoCo_Natural_Mint_sized_4cf8253d-757c-42bd-8123-caf69aa36840.png,,,,,5.90,0.00,1,G,1,IN,3,3,3,,,,
,,CO-1005-1,Unisex,Title,Default Title,,,,,,,,,,5.90,0.00,1,G,1,IN,3,3,3,,,COCO,Natural Mint
Extremely Strong AW Mini,"<span data-mce-fragment=""1"">Der beliebteste Brand der Schweizer kommt nun auch mit einer All-White Variante daher! Der Siberia Extremely Strong Mini AW kommt mit starken 33 mg/g Nikotin.</span>",Extremely Strong AW Mini,Unisex,,,,,,,https://cdn.shopify.com/s/files/1/0072/0646/9679/files/siberia-all-white-mini-sized-23.png,,,,,6.90,0.00,1,G,10,IN,3,3,3,,,,
,,SI-9215-1,Unisex,Title,Default Title,,,,,,,,,,6.90,0.00,1,G,10,IN,3,3,3,,,Siberia,Extremely Strong AW Mini
Arctic Freeze Ultra AW,"<p>Geniesse den starken, erfrischenden Pfefferminzgeschmack mit dem neuen All White Snus aus Schweden! Mit einer Stärke von 6 von 5 bietet dieser Snus ein unglaublich intensives Erlebnis. Tauche ein in den intensiven, eisigen, kühlenden Geschmack und spüre das erfrischende Gefühl auf deiner Zunge. Eine leichte, süsse Note rundet das Geschmackserlebnis ab.</p>
<p>Mit einem Nikotingehalt von 16 mg/g bietet dieser Snus eine starke Wirkung, die dich den ganzen Tag begleiten wird. Jede Dose enthält 14 g Tabakersatz, verteilt auf 20 Slim-Beutel, die diskret und bequem zu verwenden sind.</p>
<p>Dieser Snus aus Schweden ist die perfekte Wahl für alle, die ein intensives und erfrischendes Geschmackserlebnis suchen. Probiere es jetzt und erlebe die einzigartige Qualität und den Geschmack, für den Snus aus Schweden bekannt ist!</p>
<!---->",Arctic Freeze Ultra AW,Unisex,,,,,,,https://cdn.shopify.com/s/files/1/0072/0646/9679/files/XQS_Arctic_Freeze_Ultra_03_b1464f2f-7166-4e4c-9de7-b264fe7514b0.png,,,,,4.20,0.00,1,G,1,IN,3,3,3,,,,
,,XQ-6015-1,Unisex,Title,Default Title,,,,,,,,,,4.20,0.00,1,G,1,IN,3,3,3,,,XQS,Arctic Freeze Ultra AW
Cool Spearmint 300mg,"<p>Der sanftere, etwas süssere eisige Minzgeschmack der Voon Mini-Beutel aus weissem und trockenem Hanf. Perfekt . Um den ganzen Tag erfrischt zu bleiben.</p>
<p><span data-mce-fragment=""1"">Jeder Beutel enthält 20 mg hochwertig extrahiertes und reinstes CBD für ein sorgenfreies Vergnügen! Schliessen Sie die Augen und tauchen Sie ein in ein wahres mentales Wohlbefinden!</span></p>",Cool Spearmint 300mg,Unisex,,,,,,,https://cdn.shopify.com/s/files/1/0072/0646/9679/files/voon-cool-spearmint-cbd-pouches.png,,,,,8.90,,1,G,19000,IN,3,3,3,,,,
,,VO-2000-1,Unisex,Title,Default Title,,,,,,,,,,8.90,,1,G,19000,IN,3,3,3,,,Voon,Cool Spearmint 300mg
Ice Cool AW DUOPACK,"Der DOPE Ice COOL Strong hat den Geschmack von eisiger Minze. Die DOPE RUSH Instant Kick Technologie setzt das Nikotin mit intensivem und kraftvollem Kick frei. Wenn Du einen erfrischenden Geschmack mit garantiertem Kick willst, ist Deine Wahl DOPE! Jede Dose enthält 22 Nikotinbeutel im Slimformat.",Ice Cool AW DUOPACK,Unisex,,,,,,,https://cdn.shopify.com/s/files/1/0072/0646/9679/products/dope_ice_cool_strong_edition_doppelpack_sized.png,,,,,5.90,0.00,1,G,15,IN,3,3,3,,,,
,,DO-3020-1,Unisex,Title,Default Title,,,,,,,,,,5.90,0.00,1,G,15,IN,3,3,3,,,DOPE,Ice Cool AW DUOPACK
Mint-Lime Slim (Joker) AW,Kräftiger Special Snus mit Limettenkick auf Minze- Snus Special Limette/Mint SLIM Super White<br>,Mint-Lime Slim (Joker) AW,Unisex,,,,,,,https://cdn.shopify.com/s/files/1/0072/0646/9679/files/royal-lifestyle-mint-lime-joker-aw_3dd8775c-60bd-40b7-9660-9eb7307ab04a.png,,,,,5.90,0.00,1,G,32,IN,3,3,3,,,,
,,RL-3010-1,Unisex,Title,Default Title,,,,,,,,,,5.90,0.00,1,G,32,IN,3,3,3,,,Royal Lifestyle,Mint-Lime Slim (Joker) AW
Double Mint Extreme OP,"Odens Double Mint Extreme Original Portion ist ein Produkt für traditionelle Snuser.<br data-mce-fragment=""1"">Durch die feuchten Beutel kommt der Nikotingehalt noch besser zur Wirkung als bei vergleichbaren Oden's Produkten.<br data-mce-fragment=""1"">Bereits beim Öffnen der Dose macht sich der intensive Minz Geschmack bemerkbar - unter der Lippe wird dieser zusätzlich verstärkt. Ein perfektes Produkt für Minz-Liebhaber!",Double Mint Extreme OP,Unisex,,,,,,,https://cdn.shopify.com/s/files/1/0072/0646/9679/products/odens-double-mint-original-portion.png,,,,,4.80,0.00,1,G,30,IN,3,3,3,,,,
,,OD-6005-1,Unisex,Title,Default Title,,,,,,,,,,4.80,0.00,1,G,30,IN,3,3,3,,,Oden's,Double Mint Extreme OP
Ice Cool Mint Blue AW Slim,"VIKA ICE COOL MINT ist ein schöner, weisser Portionssnus mit langanhaltendem Geschmack und einem schnellen Kick. Die weissen Pouches sind mit Mikrokristallen gefüllt, die keine Verfärbungen auf den Zähnen hinterlassen.
<div></div>",Ice Cool Mint Blue AW Slim,Unisex,,,,,,,https://cdn.shopify.com/s/files/1/0072/0646/9679/products/VIKA_Ice_Cool_Mint_sized.jpg,,,,,5.20,0.00,1,G,12,IN,3,3,3,,,,
,,VK-6010-1,Unisex,Title,Default Title,,,,,,,,,,5.20,0.00,1,G,12,IN,3,3,3,,,Vika,Ice Cool Mint Blue AW Slim
Avalanche Mint AW Slim,"<p>Unsere Nikotinbeutel sind die perfekte Wahl für Dich, wenn Du Dich nach einem stärkeren Kick und einem wirklich erfrischenden Geschmack sehnst. Dank ihres schlanken Designs passen die Beutel diskret und bequem unter die Lippe, sodass sie sich ideal für den Gebrauch in jeder Situation eignen.</p>
<p>Die <strong>extra starke Stärke</strong> und der <strong>hohe Nikotingehalt von 25 mg/g</strong> bieten Dir den intensiven Kick, den Du suchst. Diese All White Beutel sorgen für ein reines, tabakfreies Erlebnis, das durch den <strong>erfrischenden Minzgeschmack</strong> ergänzt wird, welcher Dir einen kühlen und belebenden Frischekick verleiht.</p>
<p>Jede Dose enthält 14 g Tabakersatz, verteilt auf 20 Slim Beutel, die für mehrere Anwendungen ausreichend sind. Unsere Nikotinbeutel bieten eine zuverlässige Nikotinfreisetzung, die Dir konstant und gleichmässig den gewünschten Effekt liefert.</p>
<p>Ob Du Dich auf der Arbeit, unterwegs oder zu Hause befindest – unsere Nikotinbeutel sind der ideale Begleiter für jeden Moment, in dem Du einen starken und erfrischenden Nikotinschub benötigst. Probiere jetzt unsere Nikotinbeutel und erlebe die perfekte Kombination aus Stärke, Geschmack und Komfort.</p>",Avalanche Mint AW Slim,Unisex,,,,,,,https://cdn.shopify.com/s/files/1/0072/0646/9679/files/KLINT_S6_avalanche-mint_AW.png,,,,,5.90,0.00,1,G,29,IN,3,3,3,,,,
,,KL-6115-1,Unisex,Title,Default Title,,,,,,,,,,5.90,0.00,1,G,29,IN,3,3,3,,,KLINT,Avalanche Mint AW Slim
Menthol -Mint Slim (Punisher) AW,Royal Lifetsyle Cool Menthol Special Snus mit Minzaroma – Snus Special Menthol/Mint SLIM Super White,Menthol -Mint Slim (Punisher) AW,Unisex,,,,,,,https://cdn.shopify.com/s/files/1/0072/0646/9679/files/royal-lifestyle-menthol-mint-punisher-aw_4eacc539-b34b-4f69-99d9-53e92482b70c.png,,,,,5.90,0.00,1,G,32,IN,3,3,3,,,,
,,RL-6010-1,Unisex,Title,Default Title,,,,,,,,,,5.90,0.00,1,G,32,IN,3,3,3,,,Royal Lifestyle,Menthol -Mint Slim (Punisher) AW
Crushed Ice OP,"<meta charset=""utf-8"">
<div class=""item flex"">
<div class=""title"">
<div class=""info"">
<p>Die beliebteste Variante von Nick &amp; Johnny trifft auf tradionelles Snus Erlebnis: Der Nick &amp; Johnny Crushed Ice Xtra Strong Original Portion bietet ein Minz/Menthol Geschmackserlebnis in etwas feuchteren Beuteln. </p>
</div>
</div>
</div>
<div class=""item flex""></div>",Crushed Ice OP,Unisex,,,,,,,https://cdn.shopify.com/s/files/1/0072/0646/9679/products/1636553542143900_nick-johnny-crushed-ice-xtra-strong-portion.jpg,,,,,5.90,0.00,1,G,1,IN,3,3,3,,,,
,,NJ-2005-1,Unisex,Title,Default Title,,,,,,,,,,5.90,0.00,1,G,1,IN,3,3,3,,,Nick & Johnny,Crushed Ice OP
Crisp Ice Extreme AW,<p><span>Spüren Sie die eisige Frische von GRITT Crisp Ice Extreme! Mit seinem erfrischenden Minzgeschmack und dem praktischen Super Slim-Format wird jede Pouch zu einem intensiven und erfrischenden Vergnügen. Kühlen Sie sich mit GRITT Crisp Ice Extreme ab!</span></p>,Crisp Ice Extreme AW,Unisex,,,,,,,https://cdn.shopify.com/s/files/1/0072/0646/9679/files/GRITTCrispIceExtraStrong-sized.png,,,,,5.90,0.00,1,G,1,IN,3,3,3,,,,
,,Gt-1005-1,Unisex,Title,Default Title,,,,,,,,,,5.90,0.00,1,G,1,IN,3,3,3,,,GRITT,Crisp Ice Extreme AW
Chill-Mint Slim (Sparten) AW,Cool Chill Mint Special Snus mit verschiedene Minzaroma – Snus Special Chill/Mint SLIM Super White,Chill-Mint Slim (Sparten) AW,Unisex,,,,,,,https://cdn.shopify.com/s/files/1/0072/0646/9679/files/royal-lifestyle-chill-mint-spartan-aw_e5f0d2a2-6bce-4b1d-975b-6ceba3543edb.png,,,,,5.90,0.00,1,G,32,IN,3,3,3,,,,
,,RL-4010-1,Unisex,Title,Default Title,,,,,,,,,,5.90,0.00,1,G,32,IN,3,3,3,,,Royal Lifestyle,Chill-Mint Slim (Sparten) AW
X Cosmic Cool Mint AW,"<p>Erlebe <a href=""https://snushus.ch/collections/ace-snus"">Ace</a> X Cosmic Cool Mint – Dein ultimativer Begleiter für ein intensives und erfrischendes Nikotinerlebnis. Mit einem Geschmack von kühler Minze und kräftiger Pfefferminze bietet Dir dieser Snus eine unvergleichliche Geschmacksexplosion. Mit einer Stärke von 6/5 und einem beeindruckenden Nikotingehalt von 20 mg/g liefert Ace X Cosmic Cool Mint eine kraftvolle und langanhaltende Wirkung.</p>
<p>Ace X Cosmic Cool Mint ist in Regular Size Pouches verpackt, die Dir einen Kick kosmischer Proportionen verleihen. Das verbesserte Freisetzungsprofil sorgt dafür, dass das Nikotin schneller freigesetzt wird, wodurch Du eine sofortige und intensive Wirkung spürst. Dieser Snus beschleunigt wie ein Komet um die Sonne und bietet Dir ein bisher unerreichtes Nikotinerlebnis.</p>
<p>Bestelle jetzt Deinen Ace X Cosmic Cool Mint online und entdecke die perfekte Kombination aus Frische und Stärke. Erlebe die unvergleichliche Kraft von Ace X und gönn Dir diesen intensiven Genuss!</p>",X Cosmic Cool Mint AW,Unisex,,,,,,,https://cdn.shopify.com/s/files/1/0072/0646/9679/files/AceXCoolMintCosmic-sized.png,,,,,5.90,0.00,1,G,20,IN,3,3,3,,,,
,,AC-2005-1,Unisex,Title,Default Title,,,,,,,,,,5.90,0.00,1,G,20,IN,3,3,3,,,Ace,X Cosmic Cool Mint AW
Mighty Fresh,"<p>COCO Nicotine Pouches werden sorgfältig aus Kokosfasern hergestellt, die eine längere und sanftere Freisetzung von Nikotin und Aromen ermöglichen. Im Gegensatz zu anderen Marken, die oft übermässig verarbeitete Pflanzenfasern verwenden, werden die Kokosfasern der COCO-Beutel direkt mit Nikotin und natürlichen Aromen versetzt. <br data-mce-fragment=""1""><br data-mce-fragment=""1"">Erlebe eine verlängerte Freisetzung von Nikotin und köstlichen Aromen von bis zu 60+ Minuten befriedigender Momente. Entdecke den Unterschied mit COCO Nikotinbeuteln - die länger anhaltende, natürlichere und sanftere Wahl für Deinen Lebensstil mit Nikotinbeuteln. COCO Mighty Fresh ist Teil des Mighty Stong-Sortiments und bietet 13,5mg/Beutel, kombiniert mit einer intensiven und kühlenden Kombination aus Pfefferminz und Menthol.<br></p>
<p><br></p>
<p>Verwendung:</p>
<p><span>Für eine schnelle Freisetzung von Nikotin und Aromen:</span><br><span>1. Befeuchte den Beutel, indem Du ihn auf die Zunge legst.</span><br><span>2. Sobald der Beutel feucht ist, kaue den Beutel einmal vorsichtig. Achte darauf, den Beutel nicht zu </span><span>öffnen</span><span>.</span><br><span>3. Lege den Beutel unter die Oberlippe und spüre den intensiven Geschmack und die schnelle Nikotinfreisetzung.</span><br><span>4. Geniesse den Kick bis zu einer Stunde lang</span></p>",Mighty Fresh,Unisex,,,,,,,https://cdn.shopify.com/s/files/1/0072/0646/9679/files/CoCo_Mighty_Fresh_sized.png,,,,,5.90,0.00,1,G,9,IN,3,3,3,,,,
,,CO-6005-1,Unisex,Title,Default Title,,,,,,,,,,5.90,0.00,1,G,9,IN,3,3,3,,,COCO,Mighty Fresh
Black WDP,"VIKA black ist einer der stärksten Tabak-Snus auf dem schwedischen Markt. Eine erlesene Tabakmischung aus Afrika und Europa wird mit einem Hauch von Bergamotte und Mentholaroma kombiniert. Diese Mischung liefert einen schnellen und starken Kick, der bis zu einer Stunde anhält. Die white Pouches sind trocken und laufen nicht aus.
<div></div>",Black WDP,Unisex,,,,,,,https://cdn.shopify.com/s/files/1/0072/0646/9679/products/VIKA_BLACK_sized.jpg,,,,,5.20,0.00,1,G,13,IN,3,3,3,,,,
,,VK-1000-1,Unisex,Title,Default Title,,,,,,,,,,5.20,0.00,1,G,13,IN,3,3,3,,,Vika,Black WDP
Ice Mint Slim AW,Erfrischender Snus mit vollmundigem Charakter – Snus Super White Ice Mint SLIM,Ice Mint Slim AW,Unisex,,,,,,,https://cdn.shopify.com/s/files/1/0072/0646/9679/files/royal-lifestyle-ice-mint-aw_5b8e9b29-b952-42da-af03-02d47af71218.png,,,,,5.90,0.00,1,G,32,IN,3,3,3,,,,
,,RL-2010-1,Unisex,Title,Default Title,,,,,,,,,,5.90,0.00,1,G,32,IN,3,3,3,,,Royal Lifestyle,Ice Mint Slim AW
Classic Slim WDP,"<p>Intensiver, kräftiger Snus mit frischem ""sibirischer"" Pfefferminze.</p>
<p><span>Bei den White Dry Portions von</span><span> Royal Snus wird an der Stelle von Tabak eine Pflanzenart verwendet, die Damiana genannt wird.</span><br><span>Damiana ist eine Strauchpflanze, die zur Pflanzengattung der Safranmalven (turnera diffusa) gehört. </span><span>Ihr natürliches Verbreitungsgebiet reicht vom südlichen Nordamerika bis nach Argentinien. Vorzugsweise gedeiht Damiana an trockenen, felsigen Standorten – etwa auf Klippen, auf Kalksteinen oder auch in Mischwäldern in Höhenlagen zwischen 500 Metern und 1950 Metern. Dazu wurde Damiana schon seit längerem auch in Mexiko als Tabakersatz verwendet.</span></p>",Classic Slim WDP,Unisex,,,,,,,https://cdn.shopify.com/s/files/1/0072/0646/9679/files/royal-lifestyle-classic-slim-wdp_fb27aa66-a02c-4ccd-a5e8-332463a47b42.png,,,,,5.90,0.00,1,G,36,IN,3,3,3,,,,
,,RL-1010-1,Unisex,Title,Default Title,,,,,,,,,,5.90,0.00,1,G,36,IN,3,3,3,,,Royal Lifestyle,Classic Slim WDP
Mint WP,"<meta charset=""utf-8"">
<div class=""item flex"">
<div class=""title""></div>
</div>
<div class=""item flex"">
<div class=""info"">
<p>Oden's Mint White Portion besticht mit seiner Minz-Note, wobei der Tabak nicht zu kurz kommt. Ein White Portion Snus mit 9 mg/g Nikotin. </p>
</div>
<div class=""info""></div>
<div class=""info"">
<div class=""info"">
<div class=""item flex""></div>
</div>
</div>
</div>",Mint WP,Unisex,,,,,,,https://cdn.shopify.com/s/files/1/0072/0646/9679/products/odens-mint-white-portion.png,,,,,4.80,0.00,1,G,1,IN,3,3,3,,,,
,,OD-9005-1,Unisex,Title,Default Title,,,,,,,,,,4.80,0.00,1,G,1,IN,3,3,3,,,Oden's,Mint WP
Iced-Mint Tobacco WDP,"<p>Bist Du bereit für die langanhaltende, entspannende Wirkung von ¡VALE! Iced Mint Tobacco WDP - einem White Dry Portion Snus mit hervorragender Qualität<br>zum attraktiven Preis.</p>
<p>Der ¡VALE! Iced-Mint Tobacco vereint Menthol, Minze und Tabakgeschmack zu einem vollmundigen und einzigartigen Erlebnis mit seinen 45mg/g Nikotin.<br>Erlebe die erfrischende Kühle der Minze in Kombination mit dem natürlichen Tabakgeschmack.</p>",Iced-Mint Tobacco WDP,Unisex,,,,,,,https://cdn.shopify.com/s/files/1/0072/0646/9679/files/vale-iced-mint-tobacco-strong-wdp.png,,,,,5.90,0.00,1,G,1,IN,3,3,3,,,,
,,VA-3000-1,Unisex,Title,Default Title,,,,,,,,,,5.90,0.00,1,G,1,IN,3,3,3,,,¡VALE!,Iced-Mint Tobacco WDP
Whip Alpine Mint AW Slim,<span>Nico Whip Alpine Mint Strong Nicotine Pouches schmecken frisch nach kühler alpinen Minze. Der hohe Nikotingehalt von 10 mg/g sorgt für ein kraftvollesGefühl. Die Füllung der bequemen Slim-Portionen besteht aus Pflanzenfasern und ist daher komplett tabakfrei. Zudem laufen die Nicotine Pouches kaum und schmecken so richtig lang. Die belebende Wirkung des Nikotins ist ebenfalls lange zu spüren.</span>,Whip Alpine Mint AW Slim,Unisex,,,,,,,https://cdn.shopify.com/s/files/1/0072/0646/9679/products/NICO_Whip_sized.jpg,,,,,5.20,0.00,1,G,16,IN,3,3,3,,,,
,,NI-2000-1,Unisex,Title,Default Title,,,,,,,,,,5.20,0.00,1,G,16,IN,3,3,3,,,Nico,Whip Alpine Mint AW Slim
Frost Bite Extreme AW,Erleben Sie ein einzigartiges Minz-Geschmackserlebnis! GRITT Frost Bite Extreme bietet Ihnen eine erfrischende Intensität und kommt in einem praktischen Super Slim-Format daher. Geniessen Sie ein Endlos-Minz-Erlebnis!,Frost Bite Extreme AW,Unisex,,,,,,,https://cdn.shopify.com/s/files/1/0072/0646/9679/files/GRITTFrostBiteExtraStrong-sized.png,,,,,5.90,0.00,1,G,12000,IN,3,3,3,,,,
,,GT-2005-1,Unisex,Title,Default Title,,,,,,,,,,5.90,0.00,1,G,12000,IN,3,3,3,,,GRITT,Frost Bite Extreme AW
Icing WDP Slim,"<p>PUCK ICING Extreme Strong Slim von The Snusfactory ist ein Snus, der Nikotin-Kicks mit der Stärke eines kräftigen Slap-Shots zusammen mit einem eiskalten Minzegeschmack liefert. Er enthält einen extrem hohen Nikotingehalt (45mg/g) und liefert einen unglaublich frischen Geschmack von Schweizer Menthol und Pfefferminze.</p>
<p>Seine bequemen Portionen sind so gestaltet, dass sie eine sofortige Freisetzung sowohl von Nikotin als auch von Geschmack ermöglichen. Ihre trockene Oberfläche sorgt für ein geringes Laufen, was wiederum dafür sorgt, dass diese stimulierende und erfrischende Freisetzung zufriedenstellend lange anhält.</p>",Icing WDP Slim,Unisex,,,,,,,https://cdn.shopify.com/s/files/1/0072/0646/9679/products/Puck_Icing_Extreme_Strong_Slim.jpg,,,,,5.20,0.00,1,G,13,IN,3,3,3,,,,
,,PU-2010-1,Unisex,Title,Default Title,,,,,,,,,,5.20,0.00,1,G,13,IN,3,3,3,,,Puck,Icing WDP Slim
Supermassive WDP,"<span>VIKA Supermassive ist der stärkste Tabak-Snus der Marke VIKA und gleichzeitig einer der stärksten auf dem Markt. Er ist damit ideal für erfahrene Snus-Konsumenten, die nach einem intensiven Nikotinkick suchen.</span>",Supermassive WDP,Unisex,,,,,,,https://cdn.shopify.com/s/files/1/0072/0646/9679/products/VIKA_SUPERMASSIV_sized.jpg,,,,,5.20,0.00,1,G,13,IN,3,3,3,,,,
,,VK-3000-1,Unisex,Title,Default Title,,,,,,,,,,5.20,0.00,1,G,13,IN,3,3,3,,,Vika,Supermassive WDP
Classic Original WDP,"<p>Intensiver, kräftiger Snus mit frischem ""sibirischer"" Pfefferminze.</p>
<p>Bei den White Dry Portions von Royal Snus wird an der Stelle von Tabak eine Pflanzenart verwendet, die Damiana genannt wird. <br>Damiana ist eine Strauchpflanze, die zur Pflanzengattung der Safranmalven (turnera diffusa) gehört. Ihr natürliches Verbreitungsgebiet reicht vom südlichen Nordamerika bis nach Argentinien. Vorzugsweise gedeiht Damiana an trockenen, felsigen Standorten – etwa auf Klippen, auf Kalksteinen oder auch in Mischwäldern in Höhenlagen zwischen 500 Metern und 1950 Metern. Dazu wurde Damiana schon seit längerem auch in Mexiko als Tabakersatz verwendet.</p>",Classic Original WDP,Unisex,,,,,,,https://cdn.shopify.com/s/files/1/0072/0646/9679/files/royal-lifestyle-classic-original-wdp_36c0e7fe-6fc0-4ee4-8ba6-c42268343d6a.png,,,,,5.90,0.00,1,G,36,IN,3,3,3,,,,
,,RL-1000-1,Unisex,Title,Default Title,,,,,,,,,,5.90,0.00,1,G,36,IN,3,3,3,,,Royal Lifestyle,Classic Original WDP
SPEARMINT AW Mini,"<p class=""MsoNormal""><span lang=""DE-AT"" style=""mso-ansi-language: DE-AT;"">Mach dich bereit für das ultimative Frischeerlebnis mit den brandneuen Mini Pouches von edel! Der edel Spearmint Mini ist eine sorgfältig ausgewählte Kombination aus knackiger Frische und intensiver Minznote – dein perfekter Begleiter für jeden Moment, der nach einen Kick und Frische verlangt.</span><span lang=""DE"" style=""mso-ansi-language: DE;""></span></p>",SPEARMINT AW Mini,Unisex,,,,,,,https://cdn.shopify.com/s/files/1/0072/0646/9679/files/edelsnus_PP_Top_Spearmint-Mini_wo_Shadow_ec55fe19-f59c-459c-afd8-3219fed27915.png,,,,,5.90,,1,G,1,IN,3,3,3,,,,
,,ED-7110-1,Unisex,Title,Default Title,,,,,,,,,,5.90,,1,G,1,IN,3,3,3,,,edel,SPEARMINT AW Mini
Apple Mint AW Slim,Die perfekte Kombination aus Apfel und Minze in einem starken Nikotinbeutel. Apple Mint gibt Ihnen einen frischen und lang anhaltenden Geschmack und befriedigt Deinen Nikotinbedarf.,Apple Mint AW Slim,Unisex,,,,,,,https://cdn.shopify.com/s/files/1/0072/0646/9679/files/KLINT_S5_apple-mint_AW.png,,,,,5.90,0.00,1,G,29,IN,3,3,3,,,,
,,KL-4115-1,Unisex,Title,Default Title,,,,,,,,,,5.90,0.00,1,G,29,IN,3,3,3,,,KLINT,Apple Mint AW Slim
Fresh-Mint AW Slim,"<p data-mce-fragment=""1"">Der Fünfhaus Flavour mit erfrischendem Minzgeschmack sorgt für die nötige Freshness im stressigen Alltag.<br data-mce-fragment=""1""></p>
<p data-mce-fragment=""1"">15 bringt den Fünfhaus Flavour direkt in deine Hosentasche. Die neuen Nicotine Baggies aus dem fünfzehnten Wiener Gemeindebezirk ermöglichen dir rauchfreien Genuss in erfrischenden Geschmacksrichtungen. Ob beim Arbeiten, Trainieren, Feiern oder einfach zum Entspannen: Es gibt mehr als 1150 Gründe, um mit 15 Nicotine Pouches nicht den Fokus zu verlieren. Komm in deinen Flow!</p>",Fresh-Mint AW Slim,Unisex,,,,,,,https://cdn.shopify.com/s/files/1/0072/0646/9679/files/15-Baggies_PackshotFreshMintDarkBG_600x600_62ceae55-2cf2-4c4e-ae9f-fc7f27f53103.png,,,,,7.90,0.00,1,G,12,IN,3,3,3,,,,
,,FH-1010-1,Unisex,Title,Default Title,,,,,,,,,,7.90,0.00,1,G,12,IN,3,3,3,,,15 Nicotine Baggies,Fresh-Mint AW Slim
Habanero Mint Extra Strong AW,"<p data-mce-fragment=""1"">Loop Habanero Mint Extra Strong<strong data-mce-fragment=""1""><span data-mce-fragment=""1""> </span></strong>ist ein starker Nikotinbeutel mit einer Kombination aus scharfer Habanero (Chili) und kühler Minze, wodurch das Erlebnis dieses starken Nikotinbeutels sehr intensiv ist. Die Mischung aus würzigem Chili und kühlender Minze ist genial und köstlich interessant.</p>
<p data-mce-fragment=""1"">Diese Nikotinbeutel enthalten einen Nikotingehalt von 20 mg/g, was stark ist. Sie geben ihren Inhalt dank LOOPs InstantRush-Technologie schnell und kraftvoll ab, was bedeutet, dass der Nikotinkick aus diesen Beuteln stark und unmittelbar ist. Eine Dose kommt mit 24 Beuteln, die schlank und feucht und völlig tropffrei sind.</p>
<p data-mce-fragment=""1"">LOOP ist eine Marke, die das Wort Spaß wirklich verkörpert. Ihre Dosen, ihre Geschmacksrichtungen, ihre Website, alles an ihnen sticht hervor und das ist ein Grund für die Liebe, die sie erhalten haben. Sie sind auch für ihre Intensität und ihren starken Nikotingehalt bekannt, der zwischen 10 mg/g und 20 mg/g liegt</p>",Habanero Mint Extra Strong AW,Unisex,,,,,,,https://cdn.shopify.com/s/files/1/0072/0646/9679/files/loop-habanero-mint-extra-strong-sized-aw.png,,,,,8.90,0.00,1,G,13,IN,3,3,3,,,,
,,LO-2000-1,Unisex,Title,Default Title,,,,,,,,,,8.90,0.00,1,G,13,IN,3,3,3,,,LOOP,Habanero Mint Extra Strong AW
Spearmint Strong AW,"<p><span>Geniesse den erfrischenden Geschmack von Spearmint mit XQS Spearmint Strong AW. Hergestellt in Schweden, ist dieser All White Snus das perfekte Produkt für alle, die eine starke Alternative zu herkömmlichen Tabakprodukten suchen. Erlebe einen intensiven Minzgeschmack und ein angenehmes Gefühl - probiere XQS Spearmint Strong AW jetzt!</span></p>
<p><span>Mit einer Stärke von 4/5 und einem Nikotingehalt von 16 mg/g bietet dieser Snus eine kraftvolle Erfahrung. Jede Dose enthält 10 g Tabakersatz, und die Beutel sind in der praktischen Slim-Grösse.</span></p>
<!---->",Spearmint Strong AW,Unisex,,,,,,,https://cdn.shopify.com/s/files/1/0072/0646/9679/files/XQS_Spearmint_03_75950912-8b25-482f-aeee-a42a3d37581e.png,,,,,4.20,0.00,1,G,1,IN,3,3,3,,,,
,,XQ-2115-1,Unisex,Title,Default Title,,,,,,,,,,4.20,0.00,1,G,1,IN,3,3,3,,,XQS,Spearmint Strong AW
Lash Glacier Mint AW Slim,"<span>Dieser Nico Snus ist einer der stärksten tabakfreien Nikotinbeutel, welche es auf dem Markt gibt.</span><br><span>The Snus Factory kombiniert bei diesem Snus scharfe, Schweizer Pfefferminze mit eisigem Menthol.</span><br><br><span>Diese Nikotinbeutel geben einen erfrischend, minzigen Geschmack, der von einem extra starken Nikotinkick verstärkt wird.</span>",Lash Glacier Mint AW Slim,Unisex,,,,,,,https://cdn.shopify.com/s/files/1/0072/0646/9679/products/NICO_Lash_sized.jpg,,,,,5.20,0.00,1,G,16,IN,3,3,3,,,,
,,NI-1000-1,Unisex,Title,Default Title,,,,,,,,,,5.20,0.00,1,G,16,IN,3,3,3,,,Nico,Lash Glacier Mint AW Slim
Icing WDP,"<p>PUCK ICING Extreme Strong von The Snusfactory ist ein Snus, der Nikotin-Kicks mit der Stärke eines kräftigen Slap-Shots zusammen mit einem eiskalten Minzegeschmack liefert. Er enthält einen extrem hohen Nikotingehalt (45mg/g) und liefert einen unglaublich frischen Geschmack von Schweizer Menthol und Pfefferminze.</p>
<p>Seine bequemen Portionen sind so gestaltet, dass sie eine sofortige Freisetzung sowohl von Nikotin als auch von Geschmack ermöglichen. Ihre trockene Oberfläche sorgt für ein geringes Laufen, was wiederum dafür sorgt, dass diese stimulierende und erfrischende Freisetzung zufriedenstellend lange anhält.</p>",Icing WDP,Unisex,,,,,,,https://cdn.shopify.com/s/files/1/0072/0646/9679/files/PUCK_ICING_Peppermint_sized.png,,,,,5.20,0.00,1,G,16,IN,3,3,3,,,,
,,PU-2000-1,Unisex,Title,Default Title,,,,,,,,,,5.20,0.00,1,G,16,IN,3,3,3,,,Puck,Icing WDP
Spearing WDP Slim,"<p>PUCK SPEARING Extra Strong Slim von The SnusFactory, ein Snus nach Mass für diejenigen, die den ultimativen Kältekick erleben wollen, den nur ein eisiger Minzgeschmack und extra starke Kicks bieten können!</p>
<p>Seine modernen Portionen haben die gleichen Eigenschaften wie White Dry Portionen. Das bedeutet, dass sie so optimiert sind, dass sie nur gering saften, was wiederum die beinahe sofortige Freisetzung sowohl des Geschmacks als auch des Nikotins fördert.</p>",Spearing WDP Slim,Unisex,,,,,,,https://cdn.shopify.com/s/files/1/0072/0646/9679/products/Puck_Spearing_Extra_Strong_Slim_sized.jpg,,,,,5.20,0.00,1,G,13,IN,3,3,3,,,,
,,PU-1010-1,Unisex,Title,Default Title,,,,,,,,,,5.20,0.00,1,G,13,IN,3,3,3,,,Puck,Spearing WDP Slim
Red WDP,"<span>VIKA Red hat einen Hauch von gefrorenem Minzaroma, welches einen Freeze-Faktor und einen intensiven Geschmack bringt. Der gut ausbalancierte Nikotinkick kommt etwa nach 30 Sekunden und hält mindestens 20 erfrischende Minuten an.</span>",Red WDP,Unisex,,,,,,,https://cdn.shopify.com/s/files/1/0072/0646/9679/products/VIKA_RED_sized.jpg,,,,,5.20,0.00,1,G,13,IN,3,3,3,,,,
,,VK-2000-1,Unisex,Title,Default Title,,,,,,,,,,5.20,0.00,1,G,13,IN,3,3,3,,,Vika,Red WDP
Arctic Mint AW Slim,"Extra starke Minze. Dieses Produkt ist nur für erfahrene Konsumenten, die die höhere Nikotindosis vertragen können. Nicht für Anfänger geeignet.",Arctic Mint AW Slim,Unisex,,,,,,,https://cdn.shopify.com/s/files/1/0072/0646/9679/files/KLINT_S5_arctic-mint_AW.png,,,,,5.90,0.00,1,G,29,IN,3,3,3,,,,
,,KL-3115-1,Unisex,Title,Default Title,,,,,,,,,,5.90,0.00,1,G,29,IN,3,3,3,,,KLINT,Arctic Mint AW Slim
Icemint AW,"<p>Ein extrem starker tabakfreier Snus für alle, die einen aussergewöhnlich starken Nikotinkick wollen. Sein unverwechselbarer Geschmack von natürlicher Minze gibt ein eisig frisches und atemberaubendes Gefühl. Die schnelle Freisetzung mit lang anhaltenden Aromen macht Sie gut fühlen und von anderen geschätzt werden.</p>
<p>Die Dose enthält 20 schlanke Beutel aus exklusivem, weichem und weissem Vliesmaterial. Die Nikotinstärke beträgt 11,2 mg/Beutel.</p>",Icemint AW,Unisex,,,,,,,https://cdn.shopify.com/s/files/1/0072/0646/9679/files/Fumi_Icemint_sized.png,,,,,5.90,0.00,1,G,1,IN,3,3,3,,,,
,,FU-4015-1,Unisex,Title,Default Title,,,,,,,,,,5.90,0.00,1,G,1,IN,3,3,3,,,FUMI,Icemint AW
Breeze Mint AW Slim,"Ein frischer Hauch von Minze mit dem süssen und beruhigenden Geschmack von Pfefferminze und einem Hauch von Kräuterextrakten, die eine kühlende Wirkung und lang anhaltende Frische bieten.",Breeze Mint AW Slim,Unisex,,,,,,,https://cdn.shopify.com/s/files/1/0072/0646/9679/files/KLINT_S2_breeze-mint_AW.png,,,,,5.90,0.00,1,G,29,IN,3,3,3,,,,
,,KL-2015-1,Unisex,Title,Default Title,,,,,,,,,,5.90,0.00,1,G,29,IN,3,3,3,,,KLINT,Breeze Mint AW Slim
Spearing WDP,"<p>PUCK SPEARING Extra Strong Portion von The SnusFactory, ein Snus nach Mass für diejenigen, die den ultimativen Kältekick erleben wollen, den nur ein eisiger Minzgeschmack und extra starke Kicks bieten können!</p>
<p>Seine modernen Portionen haben die gleichen Eigenschaften wie White Dry Portionen. Das bedeutet, dass sie so optimiert sind, dass sie nur gering saften, was wiederum die beinahe sofortige Freisetzung sowohl des Geschmacks als auch des Nikotins fördert.</p>",Spearing WDP,Unisex,,,,,,,https://cdn.shopify.com/s/files/1/0072/0646/9679/files/PUCK_ICING_Spearmint_sized.png,,,,,5.20,0.00,1,G,16,IN,3,3,3,,,,
,,PU-1000-1,Unisex,Title,Default Title,,,,,,,,,,5.20,0.00,1,G,16,IN,3,3,3,,,Puck,Spearing WDP
Cool Mint AW Slim,"<p>Geniesse den erfrischenden Geschmack von <a href=""https://snushus.ch/collections/kelly-white-snus"">Kelly White</a> Cool Mint All White. Hergestellt in Schweden, ist dieser All White Snus das perfekte Produkt für alle, die eine starke Alternative zu herkömmlichen Tabakprodukten suchen. Kühl, intensiv und frisch – erlebe einen klaren Minzgeschmack von kühlem Menthol, kräuteriger Pfefferminze und einem Hauch von Süsse. Mit einer Stärke von 3/5 und einem Nikotingehalt von 14 mg/g bietet dieser Snus eine angenehme, aber kraftvolle Erfahrung. Jede Dose enthält 10 g Tabakersatz, verteilt auf 20 Slim-Beutel.</p>
<p>Alle unsere Nikotinbeutel sind leicht feucht. Die Feuchtigkeit zusammen mit einem Hauch von Süsse bedeutet, dass der Geschmack hervorgehoben wird und länger anhält. Probiere Kelly White Cool Mint Strong AW jetzt und erlebe einen intensiven Geschmack und ein angenehmes Gefühl!</p>",Cool Mint AW Slim,Unisex,,,,,,,https://cdn.shopify.com/s/files/1/0072/0646/9679/files/Kelly_White_Cool_Mint_sized.png,,,,,5.20,0.00,1,G,1,IN,3,3,3,,,,
,,KW-1015-1,Unisex,Title,Default Title,,,,,,,,,,5.20,0.00,1,G,1,IN,3,3,3,,,Kelly White,Cool Mint AW Slim
Freeze Mint AW Slim,"Die maximale Geschmackswirkung von Minze und eiskaltem Menthol, die Dir einen angenehmen Kühleffekt und eine besonders lang anhaltende Frische verleiht.",Freeze Mint AW Slim,Unisex,,,,,,,https://cdn.shopify.com/s/files/1/0072/0646/9679/files/KLINT_S4_freeze-mint_AW.png,,,,,5.90,0.00,1,G,29,IN,3,3,3,,,,
,,KL-9015-1,Unisex,Title,Default Title,,,,,,,,,,5.90,0.00,1,G,29,IN,3,3,3,,,KLINT,Freeze Mint AW Slim
Polar Mint AW Slim,"<span>Die schwedischen Beutel bieten einen Minzgeschmack für lang anhaltende Frische. Geniesse den Geschmack von Schweden mit jedem Beutel. Mache Dich bereit, erstaunt zu sein!</span>",Polar Mint AW Slim,Unisex,,,,,,,https://cdn.shopify.com/s/files/1/0072/0646/9679/files/KLINT_S3_polar-mint_AW.png,,,,,5.90,0.00,1,G,29,IN,3,3,3,,,,
,,KL-7015-1,Unisex,Title,Default Title,,,,,,,,,,5.90,0.00,1,G,29,IN,3,3,3,,,KLINT,Polar Mint AW Slim
Mint AW Slim,"Ein beruhigendes Minzaroma, das die Sinne verwöhnt. Die Süsse und Frische der Minze mit einem Hauch von Kräutern und einer lang anhaltenden kühlenden Wirkung.",Mint AW Slim,Unisex,,,,,,,https://cdn.shopify.com/s/files/1/0072/0646/9679/files/KLINT_S1_mint_AW.png,,,,,5.90,0.00,1,G,29,IN,3,3,3,,,,
,,KL-1015-1,Unisex,Title,Default Title,,,,,,,,,,5.90,0.00,1,G,29,IN,3,3,3,,,KLINT,Mint AW Slim
Sweet Melon Mint AW Slim,"<div data-scroll-anchor=""false"" data-testid=""conversation-turn-22"" dir=""auto"" class=""w-full text-token-text-primary"">
<div class=""py-2 juice:py-[18px] px-3 text-base md:px-4 m-auto md:px-5 lg:px-1 xl:px-5"">
<div class=""mx-auto flex flex-1 gap-3 text-base juice:gap-4 juice:md:gap-6 md:max-w-3xl lg:max-w-[40rem] xl:max-w-[48rem]"">
<div class=""group/conversation-turn relative flex w-full min-w-0 flex-col"">
<div class=""flex-col gap-1 md:gap-3"">
<div class=""flex flex-grow flex-col max-w-full"">
<div class=""min-h-[20px] text-message flex flex-col items-start whitespace-pre-wrap break-words [.text-message+&amp;]:mt-5 juice:w-full juice:items-end overflow-x-auto gap-2"" dir=""auto"" data-message-id=""aaa2567a-cb79-4e1b-a40f-57047ba0fbda"" data-message-author-role=""user"">
<div class=""flex w-full flex-col gap-1 juice:empty:hidden items-end rtl:items-start"">
<div class=""relative max-w-[70%] rounded-3xl bg-[#f4f4f4] px-5 py-2.5 dark:bg-token-main-surface-secondary"">Erlebe den erfrischenden Geschmack von <a href=""https://snushus.ch/collections/kelly-white-snus"">Kelly White</a> Sweet Melon Mint. Genau wie es klingt, vereint dieser All White Snus einen süssen Minzgeschmack mit fruchtiger Melone, was für ein einzigartiges und erfrischendes Erlebnis sorgt. Mit einer Stärke von 2/5 und einem Nikotingehalt von 10 mg/g bietet dieser Snus eine sanfte, aber dennoch befriedigende Wirkung. Jede Dose enthält 10 g Tabakersatz, verteilt auf 20 Slim-Beutel. </div>
<div class=""relative max-w-[70%] rounded-3xl bg-[#f4f4f4] px-5 py-2.5 dark:bg-token-main-surface-secondary"">
<span></span><br>
</div>
<div class=""relative max-w-[70%] rounded-3xl bg-[#f4f4f4] px-5 py-2.5 dark:bg-token-main-surface-secondary""><span>Alle unsere Nikotinbeutel sind leicht feucht. Die Feuchtigkeit zusammen mit einem Hauch von Süsse bedeutet, dass der Geschmack hervorgehoben wird und länger anhält. Probiere Sweet Melon Mint jetzt und geniesse die perfekte Kombination aus süsser Minze und fruchtiger Melone!</span></div>
</div>
</div>
</div>
</div>
</div>
</div>
</div>
</div>",Sweet Melon Mint AW Slim,Unisex,,,,,,,https://cdn.shopify.com/s/files/1/0072/0646/9679/files/Kelly_White_Sweet_Melon_Mint_sized.png,,,,,5.20,0.00,1,G,1,IN,3,3,3,,,,
,,KW-2015-1,Unisex,Title,Default Title,,,,,,,,,,5.20,0.00,1,G,1,IN,3,3,3,,,Kelly White,Sweet Melon Mint AW Slim
Spearmint Strong AW,"<p>Entdecke <a href=""https://snushus.ch/collections/xo-snus"">XO</a> Spearmint Strong AW – Dein idealer Begleiter für ein intensives und erfrischendes Nikotinerlebnis! Mit einem Nikotingehalt von 16 mg/g und Slim Beuteln bietet Dir dieser All White Snus eine starke und lang anhaltende Erfahrung. Der erfrischende Geschmack nach Pfefferminze sorgt für ein belebendes Aroma, das Deine Sinne erfrischt.</p>
<p>XO Spearmint Strong AW ist die perfekte Wahl für alle, die auf der Suche nach einem starken und erfrischenden Snus sind. Die Slim Beutel sind diskret und angenehm zu tragen, sodass Du Deinen Snus jederzeit und überall geniessen kannst. Die praktische 10 g Dose enthält 20 Beutel und bietet Dir somit ausreichend Vorrat für viele genussvolle Momente.</p>
<p>Hergestellt in Schweden, gehört XO Spearmint Strong AW zu einer renommierten schwedischen Snus Marke, die für ihre hohe Qualität und exzellenten Geschmack bekannt ist.</p>
<!---->",Spearmint Strong AW,Unisex,,,,,,,https://cdn.shopify.com/s/files/1/0072/0646/9679/files/XO_Spearmint_d01deb41-5228-4b38-9750-e6cd52e3d97d.png,,,,,4.90,0.00,1,G,1,IN,3,3,3,,,,
,,XO-4015-1,Unisex,Title,Default Title,,,,,,,,,,4.90,0.00,1,G,1,IN,3,3,3,,,XO,Spearmint Strong AW
Ice Cool Strong AW,"<p>Erlebe den intensiven Genuss von <a href=""https://snushus.ch/collections/xo-snus"">XO</a> Ice Cool Strong Snus – der perfekte Begleiter für erfahrene Snuser, die einen starken Kick suchen. Mit einem erfrischenden Minzgeschmack und einer hohen Nikotinkonzentration von 16 mg/g bietet dieser Snus ein kraftvolles und belebendes Erlebnis, das Deine Sinne weckt.</p>
<p>XO Ice Cool Strong überzeugt mit seinem frischen Minzgeschmack, der Dich bei jedem Gebrauch erfrischt. Die 20 Slim Beutel pro Dose sind besonders diskret und angenehm zu tragen, sodass Du Deinen Snus jederzeit und überall geniessen kannst. Jeder Beutel ist präzise portioniert, um Dir einen konstanten und intensiven Geschmack sowie die gewünschte Nikotindosis zu liefern.</p>
<p>Dieser starke Snus ist ideal für gewohnte Snuser, die einen kräftigen und langanhaltenden Genuss bevorzugen. Die hochwertige Verarbeitung und die sorgfältig ausgewählten Inhaltsstoffe garantieren ein erstklassiges Snus-Erlebnis. Mit XO Ice Cool Strong erhältst Du nicht nur den gewünschten Nikotin-Kick, sondern auch eine erfrischende Minzbrise, die Deinen Tag belebt.</p>
<p>Bestelle jetzt Deine XO Ice Cool Strong Snus Dose online und geniesse den unvergleichlichen Geschmack und die starke Wirkung. Dein idealer Snus-Genuss wartet auf Dich – und das zu einem attraktiven Preis.</p>
<!---->",Ice Cool Strong AW,Unisex,,,,,,,https://cdn.shopify.com/s/files/1/0072/0646/9679/files/XO_Ice_Cool_54c63bca-f5b9-4613-97f1-13d2248adfda.png,,,,,4.90,0.00,1,G,1,IN,3,3,3,,,,
,,XO-2015-1,Unisex,Title,Default Title,,,,,,,,,,4.90,0.00,1,G,1,IN,3,3,3,,,XO,Ice Cool Strong AW
Mint AW Slim,"<p>Entdecke <a href=""https://snushus.ch/collections/red-muule-snus"">Red Muule</a><a href=""https://snushus.ch/collections/red-muule""> </a>Mint All White Slim – Deine perfekte Wahl für ein erfrischendes Nikotinerlebnis! Mit einem Nikotingehalt von 14 mg/g und schlanken Beuteln bietet Dir dieser Snus eine ausgewogene und intensive Erfahrung. Die All White Nikotinbeutel sorgen für einen frischen Minzgeschmack, der Deine Sinne belebt.</p>
<p>Red Muule Mint AW Slim, die auf der Suche nach einem hochwertigen und erfrischenden Produkt sind. Die schlanken Beutel sind diskret und angenehm zu tragen, sodass Du Deinen Snus jederzeit und überall geniessen kannst. Die 20g Dose bietet Dir ausreichend Vorrat für langanhaltenden Genuss.</p>
<p>Geniesse den frischen Minzgeschmack von Red Muule Mint AW Slim und erlebe, wie dieser All White Snus Deinen Tag belebt. Einfach einen Beutel entnehmen und das erfrischende Nikotinerlebnis geniessen.</p>
<p>Bestelle jetzt Deinen Red Muule Mint AW Slim online und entdecke die erfrischende Welt von Red Muule.</p>
<!---->",Mint AW Slim,Unisex,,,,,,,https://cdn.shopify.com/s/files/1/0072/0646/9679/files/redmuule_mint_5fcea3f5-3992-4c97-a01b-68b7c3989889.png,,,,,4.90,0.00,1,G,10,IN,3,3,3,,,,
,,RM-1015-1,Unisex,Title,Default Title,,,,,,,,,,4.90,0.00,1,G,10,IN,3,3,3,,,Red Muule,Mint AW Slim
Brown -80 Degrees OP,"<div class=""item flex"">
<div class=""title"">
<div class=""info"">
<p>Siberia Braun Original Portion ist der traditionelle Bruder des <a href=""https://snushus.ch/products/siberia-snus-rot-80-degrees-white-dry-portion"">roten Siberia</a>. Ein Portion Snus mit Minz Aroma und den bekannten 43 mg/g Nikotin! </p>
</div>
</div>
</div>
<div class=""item flex""><br></div>",Brown -80 Degrees OP,Unisex,,,,,,,https://cdn.shopify.com/s/files/1/0072/0646/9679/products/1636398926398455_siberia-brown-original-portion.jpg,,,,,5.20,0.00,1,G,1,IN,3,3,3,,,,
,,SI-5005-1,Unisex,Title,Default Title,,,,,,,,,,5.20,0.00,1,G,1,IN,3,3,3,,,Siberia,Brown -80 Degrees OP
CITRUS AW,"<p class=""MsoNormal""><span lang=""DE-AT"" style=""mso-ansi-language: DE-AT;"">Diese harmonische Symphonie aus den beliebtesten Zitrusfrüchten, gepaart mit einem Nikotingehalt von 15mg/g, verleiht diesem All-White Snus eine unwiderstehliche Vollendung. Ein Hauch von Sonne, Strand und Meer lässt dich Tagträumen und verleiht deinem Moment der Entspannung eine Extraportion Frische.</span><span lang=""DE"" style=""mso-ansi-language: DE;""></span></p>",CITRUS AW,Unisex,,,,,,,https://cdn.shopify.com/s/files/1/0072/0646/9679/files/edelsnus_PP_Top_Citrus_wo_Shadow.png,,,,,5.90,,1,G,14,IN,3,3,3,,,,
,,ED-2010-1,Unisex,Title,Default Title,,,,,,,,,,5.90,,1,G,14,IN,3,3,3,,,edel,CITRUS AW
Zesty Elderflower AW,"<p>Erlebe <a href=""https://snushus.ch/collections/velo-snus"">VELO</a>  Zesty Elderflower AW – Dein frischer Begleiter für ein angenehmes Nikotinerlebnis. Mit einem erfrischenden Geschmack von Holunderblüten und Limetten bietet Dir dieser Snus eine ausgewogene Stärke von 3/5 und 10 mg/g Nikotin. Die 14g Dose umfasst insgesamt 20 Slim Beutel, die für ein langanhaltendes Vergnügen sorgen.</p>
<p>Auf aromatisierter Zellulosebasis und völlig frei von Tabak kommen auch die VELO Beutel im Slim Format. Das bedeutet: kein Tabakgeruch und keine Tabakschadstoffe – derzeit gibt es weltweit keine weniger schädliche Art, Nikotin zu konsumieren. All White Snus / Nicotine Pouches sind besonders für Raucher geeignet, die mit traditionellen Rauchentwöhnungsmethoden wie Nikotinpflastern, -kaugummis oder -sprays wenig Erfolg haben.</p>
<p><strong>der altbekannte VELO Elderflower Spritz wird zu VELO Zesty Elderflower. Er bietet Dir einen erfrischenden Geschmack, der an den beliebten VELO Hugo AW erinnert</strong>.</p>
<p>  Die Kombination aus Holunderblüten und Limetten schafft ein einzigartiges Aroma, das Deine Sinne belebt und erfrischt. Diese Nikotinbeutel sind perfekt für den täglichen Gebrauch und bieten Dir eine diskrete und praktische Möglichkeit, Nikotin zu geniessen.</p>
<p>Bestelle jetzt Deinen VELO Zesty Elderflower AW online und entdecke die perfekte Balance aus Geschmack und Stärke. Gönn Dir diesen erfrischenden Genuss und erlebe, warum VELO die bevorzugte Wahl für Snus-Liebhaber ist!</p>
<p><a href=""https://snushus.ch/blogs/snusbuch/epok-und-lyft-werden-ersetzt-mit-velo"">EPOK, LYFT oder VELO? Hier findest Du alle Informationen zu diesem Thema!</a></p>",Zesty Elderflower AW,Unisex,,,,,,,https://cdn.shopify.com/s/files/1/0072/0646/9679/files/velo-zesty-elderflower-3.png,,,,,5.20,0.00,1,G,14,IN,3,3,3,,,,
,,VE-5005-1,Unisex,Title,Default Title,,,,,,,,,,5.20,0.00,1,G,14,IN,3,3,3,,,VELO (SE),Zesty Elderflower AW
Orange Jizz AW,"La Fruteria - Orange Jizz. Ein Geschmack, den es so noch nie in einem Pouch gegeben hat. Spritzige Orange und ein Schuss Blutorange für den Extra ""JIZZ"". Fruchtiger Frischekick und dazu sehr stark - ohne dass das Produkt gleichzeitig gefährlich ist wie zum Beispiel <a href=""https://snushus.ch/blogs/snusbuch/supreme-snus-co-nikotingehalt-erklart-das-problem-im-uberblick"">Supreme Snus</a>, da es in der Schweiz produziert wird.",Orange Jizz AW,Unisex,,,,,,,https://cdn.shopify.com/s/files/1/0072/0646/9679/files/Snus_Container_Top_View_La_Fruteria_Orange.png,,,,,7.90,0.00,1,G,14,IN,3,3,3,,,,
,,LF-2000-1,Unisex,Title,Default Title,,,,,,,,,,7.90,0.00,1,G,14,IN,3,3,3,,,La Fruteria,Orange Jizz AW
No.3 Lemon Curd AW,"<p>Erlebe Après No.3 Lemon Curd All White – Dein erfrischender Begleiter für ein sanftes und belebendes Nikotinerlebnis. Mit einem Nikotingehalt von 8 mg/g und einer Stärke von 2/5 bietet Dir dieser Snus eine angenehme und langanhaltende Wirkung. Die 20 Slim Beutel enthalten insgesamt 11g Tabakersatz und sorgen für einen diskreten und komfortablen Genuss.</p>
<p>Après No.3 Lemon Curd AW wurde entwickelt, um das Gefühl einer frisch gepflückten Zitrone aus den Feldern Argentiniens einzufangen. Der intensive, frische Duft beim Öffnen der Dose sorgt für eine sensorische Explosion und bietet Dir die perfekte Mischung aus süss und sauer.</p>
<p>Geniesse den erfrischenden Zitronengeschmack von Après No.3 Lemon Curd All White. Gönn Dir diesen spritzigen und belebenden Genuss und bringe neue Frische in Deinen Alltag!</p>",No.3 Lemon Curd AW,Unisex,,,,,,,https://cdn.shopify.com/s/files/1/0072/0646/9679/files/apres-no-3-lemon-curd-aw-2023.png,,,,,5.20,0.00,1,G,1,IN,3,3,3,,,,
,,AP-3005-1,Unisex,Title,Default Title,,,,,,,,,,5.20,0.00,1,G,1,IN,3,3,3,,,Après,No.3 Lemon Curd AW
Minty Orange AW,"Die kühlende Frische der Minze kombiniert mit saftigem, bittersüssem Orangenaroma und Noten von Orangenschalen.",Minty Orange AW,Unisex,,,,,,,https://cdn.shopify.com/s/files/1/0072/0646/9679/files/strom-minty-orange-aw-sized.png,,,,,4.90,0.00,1,G,13,IN,3,3,3,,,,
,,SR-3010-1,Unisex,Title,Default Title,,,,,,,,,,4.90,0.00,1,G,13,IN,3,3,3,,,STRÖM,Minty Orange AW
No.9 Cactus Lime AW,"<p>Entdecke Après No.9 Cactus Lime All White Slim – Dein erfrischender Begleiter für ein leichtes und belebendes Nikotinerlebnis. Mit einer Stärke von 2/5 und einem Nikotingehalt von 8 mg/g bietet Dir dieser Snus eine sanfte und langanhaltende Wirkung. Die Slim Beutel sorgen für einen diskreten und komfortablen Genuss.</p>
<p>Après No.9 Cactus Lime ist eine einzigartige Mischung aus zwei besonderen Aromen – Kaktus und Limette. Diese Kombination schafft eine perfekte Harmonie zwischen der Trockenheit der Wüste und der Feuchtigkeit des tropischen Waldes. Das Geschmackserlebnis ist unvergleichlich und wird in einem weichen, kleinen Beutel geliefert, der sich perfekt für den täglichen Gebrauch eignet.</p>",No.9 Cactus Lime AW,Unisex,,,,,,,https://cdn.shopify.com/s/files/1/0072/0646/9679/files/apres-no-9-cactus-lime-aw.png,,,,,5.20,0.00,1,G,1,IN,3,3,3,,,,
,,AP-6005-1,Unisex,Title,Default Title,,,,,,,,,,5.20,0.00,1,G,1,IN,3,3,3,,,Après,No.9 Cactus Lime AW
Lime Smash AW DUOPACK,"<span data-mce-fragment=""1"">Der DOPE Lime Smash Strong ist eine exotische Mischung aus dem eisigen Gefühl von DOPE und dem süsslichen Geschmack von Limette. Die DOPE RUSH Instant Kick Technologie setzt das Nikotin mit intensivem und kraftvollem Kick frei. Wenn Du einen erfrischenden Geschmack mit garantiertem Kick willst, ist Deine Wahl DOPE! Jede Dose enthält 22 Nikotinbeutel im Slimformat.</span>",Lime Smash AW DUOPACK,Unisex,,,,,,,https://cdn.shopify.com/s/files/1/0072/0646/9679/products/Dope_Lime_Smash_Strong_Edition.jpg,,,,,5.90,,1,G,15,IN,3,3,3,,,,
,,DO-2020-1,Unisex,Title,Default Title,,,,,,,,,,5.90,,1,G,15,IN,3,3,3,,,DOPE,Lime Smash AW DUOPACK
Tangy Citrus 150mg,"<a href=""https://snushus.ch/collections/nikotinfreie-portion"" title=""CBD Snus online kaufen | Snushus.ch"">CBD</a> Portionsbeutelchen mit scharfem Einschlag von säuerlicher Apfelsine und Zitrone. <span data-mce-fragment=""1"">Hergestellt mit allen natürlichen Zutaten (THC-Frei, Tabakfrei und Nikotinfrei). Rauchlos, diskret und schnell wirkend.</span>",Tangy Citrus 150mg,Unisex,,,,,,,https://cdn.shopify.com/s/files/1/0072/0646/9679/files/CannadipsCitrusTinFront_ac40e402-614c-47be-893e-859cd4732f06.png,,,,,8.90,,1,G,30,IN,3,3,3,,,,
,,CD-1000-1,Unisex,Title,Default Title,,,,,,,,,,8.90,,1,G,30,IN,3,3,3,,,Cannadips,Tangy Citrus 150mg
Pink Grape 300mg,"<p>Machen Sie sich bereit für einen intensiven, süssen Ausbruch von Grapefruit in jedem Voon Mini-Beutel aus weissem und trockenem Hanf.</p>
<p><span>Jeder Beutel enthält 20 mg hochwertig extrahiertes und reinstes CBD für ein sorgenfreies Vergnügen! Schliessen Sie die Augen und tauchen Sie ein in ein wahres mentales Wohlbefinden!</span></p>",Pink Grape 300mg,Unisex,,,,,,,https://cdn.shopify.com/s/files/1/0072/0646/9679/files/voon-pink-grape-cbd-pouches.png,,,,,8.90,,1,G,19000,IN,3,3,3,,,,
,,VO-4000-1,Unisex,Title,Default Title,,,,,,,,,,8.90,,1,G,19000,IN,3,3,3,,,Voon,Pink Grape 300mg
No.3 Lemon Curd X-Strong AW,"<p>Erlebe Après No.3 Lemon Curd X-Strong All White – Dein erfrischender Begleiter für ein kräftiges und belebendes Nikotinerlebnis. Mit einem Nikotingehalt von 15 mg/g und einer Stärke von 4/5 bietet Dir dieser Snus eine angenehme und langanhaltende Wirkung. Die 20 Slim Beutel enthalten insgesamt 11g Tabakersatz und sorgen für einen diskreten und komfortablen Genuss. Der Klassiker von <span data-mce-fragment=""1"">Après n</span>un auch in Extra Stark erhältlich.</p>
<p>Après No.3 Lemon Curd X-Strong AW wurde entwickelt, um das Gefühl einer frisch gepflückten Zitrone aus den Feldern Argentiniens einzufangen. Der intensive, frische Duft beim Öffnen der Dose sorgt für eine sensorische Explosion und bietet Dir die perfekte Mischung aus süss und sauer.</p>
<p>Geniesse den erfrischenden Zitronengeschmack von Après No.3 Lemon Curd All White. Gönn Dir diesen spritzigen und belebenden Genuss und bringe neue Frische in Deinen Alltag!</p>",No.3 Lemon Curd X-Strong AW,Unisex,,,,,,,https://cdn.shopify.com/s/files/1/0072/0646/9679/files/apres-no-3-Lemon-Curd-x-strong-aw.png,,,,,5.20,0.00,1,G,13,IN,3,3,3,,,,
,,AP-3105-1,Unisex,Title,Default Title,,,,,,,,,,5.20,0.00,1,G,13,IN,3,3,3,,,Après,No.3 Lemon Curd X-Strong AW
Mint-Lime Slim (Joker) AW,Kräftiger Special Snus mit Limettenkick auf Minze- Snus Special Limette/Mint SLIM Super White<br>,Mint-Lime Slim (Joker) AW,Unisex,,,,,,,https://cdn.shopify.com/s/files/1/0072/0646/9679/files/royal-lifestyle-mint-lime-joker-aw_3dd8775c-60bd-40b7-9660-9eb7307ab04a.png,,,,,5.90,0.00,1,G,32,IN,3,3,3,,,,
,,RL-3010-1,Unisex,Title,Default Title,,,,,,,,,,5.90,0.00,1,G,32,IN,3,3,3,,,Royal Lifestyle,Mint-Lime Slim (Joker) AW
Lemon WP,"<meta charset=""utf-8"">
<div class=""item flex"">
<div class=""title""></div>
</div>
<div class=""item flex"">
<div class=""info"">
<p>GN Tobacco kann auch anders! Mit dem Oden's Lemon White Portion wird der Tabak ausgezeichnet mit einem Citrus-Aroma vermischt. Das Produkt kommt mit 9 mg/g Nikotin in normalgrossen Portionen.</p>
</div>
<div class=""info""></div>
<div class=""info"">
<div class=""info"">
<div class=""item flex""></div>
</div>
</div>
</div>",Lemon WP,Unisex,,,,,,,https://cdn.shopify.com/s/files/1/0072/0646/9679/products/odens-lemon-white-portion.png,,,,,4.80,0.00,1,G,1,IN,3,3,3,,,,
,,OD-8005-1,Unisex,Title,Default Title,,,,,,,,,,4.80,0.00,1,G,1,IN,3,3,3,,,Oden's,Lemon WP
Jalapeño Lime Extra Strong AW,"<p data-mce-fragment=""1"">Loop Jalapeño Lime Slim Strong<span data-mce-fragment=""1""> </span>ist sicherlich einzigartig. Mit seinen scharfen Noten von grünem Jalapeño, die Sie sofort erreichen, wenn der Nikotinbeutel unter der Oberlippe angefeuchtet ist, und dem säuerlichen Abgang in Form von Limette wird er Ihnen ein Geschmackserlebnis bescheren, das Sie so schnell nicht vergessen werden! Minzprodukte waren anfangs das große Ding in Europa. Heute gibt es sie in Hülle und Fülle. Aber irgendwann gab es eine Verschiebung der Nachfrage und die europäischen Anwender wünschen sich jetzt einzigartigere Mischungen wie Jalapeño und Limette!</p>
<p data-mce-fragment=""1"">Die Portionen sind dünn und schmal, wodurch sie perfekt unter Ihre Lippe passen. Dank des all white, tabakfreien Inhalts jedes Beutels verfärben sich Ihre Zähne nicht. Auch übermäßiges Tropfen ist nicht zu befürchten. Mit der ständigen Bewegung von Menschen über Ozeane und Ländergrenzen hinweg wird es für die Benutzer immer wichtiger, einen diskreten Beutel zu haben, der keiner Erklärung oder Rechtfertigung bedarf – hier eignen sich die unglaublichen Beutel von LOOP wirklich hervorragend. Sie sind beides – bequem und diskret! Der Nikotingehalt liegt bei 15 mg/g – ein starker Nikotingehalt, der vom erfahrenen Benutzer geschätzt wird.</p>
<p data-mce-fragment=""1"">LOOP wird von Another Snus Factory hergestellt, die ihren Sitz in Stockholm und in Oslo hat. LOOP ist die erste Marke dieses aufstrebenden Snusherstellers.</p>",Jalapeño Lime Extra Strong AW,Unisex,,,,,,,https://cdn.shopify.com/s/files/1/0072/0646/9679/files/Loop-Jalapeno-lime-extra-strong-sized.png,,,,,8.90,,1,G,13,IN,3,3,3,,,,
,,LO-1000-1,Unisex,Title,Default Title,,,,,,,,,,8.90,,1,G,13,IN,3,3,3,,,LOOP,Jalapeño Lime Extra Strong AW
Snazzy Tangerine 300mg,"<p>Probieren Sie eine Mischung aus leichten Mandarinen-Säure- und Limettenaromen mit einem Hauch süsse in jedem Voon Mini- Beutel aus weissem und trockenem Hanf.</p>
<p><span>Jeder Beutel enthält 20 mg hochwertig extrahiertes und reinstes CBD für ein sorgenfreies Vergnügen! Schliessen Sie die Augen und tauchen Sie ein in ein wahres mentales Wohlbefinden!</span></p>",Snazzy Tangerine 300mg,Unisex,,,,,,,https://cdn.shopify.com/s/files/1/0072/0646/9679/files/voon-snazzy-tangerine-cbd-pouches.png,,,,,8.90,,1,G,19000,IN,3,3,3,,,,
,,VO-3000-1,Unisex,Title,Default Title,,,,,,,,,,8.90,,1,G,19000,IN,3,3,3,,,Voon,Snazzy Tangerine 300mg
Citrus Cooling Strong AW,"<p>Entdecke <a href=""https://snushus.ch/collections/xqs-snus"">XQS</a> Citrus Cooling All White – Dein idealer Begleiter für ein starkes und erfrischendes Nikotinerlebnis. Mit einer Stärke von 4/5 und einem Nikotingehalt von 16 mg/g bietet Dir dieser Snus eine intensive und langanhaltende Wirkung. Die Slim Beutel sind perfekt für diskreten und komfortablen Genuss, während der erfrischende Zitrusgeschmack Deine Sinne belebt.</p>
<p>XQS Citrus Cooling Strong besticht durch seine einzigartige Kombination aus frischem Zitrusgeschmack und einer prickelnden, kühlenden Wirkung. Diese besondere Mischung schafft ein unvergleichliches Erlebnis, das Dir jedes Mal aufs Neue Freude bereitet. Hergestellt in Schweden, steht XQS für erstklassige Qualität und innovative Geschmackserlebnisse.</p>
<p>Geniesse die belebende Frische von XQS Citrus Cooling All White und die Vorteile eines tabakfreien Nikotinerlebnisses. Bestelle jetzt online und entdecke, warum XQS die bevorzugte Wahl für Snus-Liebhaber ist. Gönn Dir diesen erfrischenden und starken Genuss und bringe neue Frische in Deinen Alltag!</p>
<!---->",Citrus Cooling Strong AW,Unisex,,,,,,,https://cdn.shopify.com/s/files/1/0072/0646/9679/files/XQS_Citruscooling_97010f75-aa16-47ae-9d23-34aafac43a84.png,,,,,4.20,0.00,1,G,14,IN,3,3,3,,,,
,,XQ-1115-1,Unisex,Title,Default Title,,,,,,,,,,4.20,0.00,1,G,14,IN,3,3,3,,,XQS,Citrus Cooling Strong AW
Elderflower Strong AW,"<p>Entdecke <a href=""https://snushus.ch/collections/xqs-snus"">XQS</a> Elderflower All White – Dein erfrischender Begleiter für ein sanftes und belebendes Nikotinerlebnis. Die Slim Beutel bieten Dir eine angenehme Stärke von 4/5 und enthalten 16 mg/g Nikotin, was perfekt für den täglichen Gebrauch geeignet ist.</p>
<p>XQS Elderflower Strong kombiniert botanische Noten von Holunderblüten mit schneidenden Zitrustönen und bietet Dir ein einzigartiges Geschmackserlebnis, das besonders an heissen Tagen erfrischt. Jeder Beutel enthält 8 mg Nikotin, was für einen fortgeschrittenen Konsumenten ideal ist und einen extra Kick verleiht.</p>
<p>Geniesse die erfrischende Kombination aus Holunderblüten und Zitrus und erlebe die Vorteile eines tabakfreien Nikotinerlebnisses mit XQS Elderflower All White. Bestelle jetzt online und entdecke, warum XQS die bevorzugte Wahl für Snus-Liebhaber ist. Gönn Dir diesen erfrischenden und leichten Genuss und bringe neue Frische in Deinen Alltag!</p>
<!---->",Elderflower Strong AW,Unisex,,,,,,,https://cdn.shopify.com/s/files/1/0072/0646/9679/files/XQS_Elderflower_strong.png,,,,,4.20,0.00,1,G,14,IN,3,3,3,,,,
,,XQ-4115-1,Unisex,Title,Default Title,,,,,,,,,,4.20,0.00,1,G,14,IN,3,3,3,,,XQS,Elderflower Strong AW
Cola Lime AW Slim,Das Beste aus zwei Welten - der klassische Geschmack von Cola und die belebende Frische von Limette. Unterstützt von würzigem Zimt und dunklem kubanischem Rum wird er Deine Sinne verführen.,Cola Lime AW Slim,Unisex,,,,,,,https://cdn.shopify.com/s/files/1/0072/0646/9679/files/KLINT_S4_cola-lime_AW.png,,,,,5.90,0.00,1,G,29000,IN,3,3,3,,,,
,,KL-1115-1,Unisex,Title,Default Title,,,,,,,,,,5.90,0.00,1,G,29000,IN,3,3,3,,,KLINT,Cola Lime AW Slim
Pink Grapefruit AW Slim,"Eine perfekte Mischung aus süssen und herben Noten, die die Essenz des Saftes und den erfrischenden Geschmack der reifen rosa Grapefruit einfängt. Unterstützt von Noten von Guave und Rhabarber.",Pink Grapefruit AW Slim,Unisex,,,,,,,https://cdn.shopify.com/s/files/1/0072/0646/9679/files/KLINT_S4_pink-grapefruit_AW.png,,,,,5.90,0.00,1,G,29,IN,3,3,3,,,,
,,KL-2115-1,Unisex,Title,Default Title,,,,,,,,,,5.90,0.00,1,G,29,IN,3,3,3,,,KLINT,Pink Grapefruit AW Slim
Fresh Lime AW Slim,"Schmecke die unglaubliche Frische der Limette. Der reichhaltige und süsse Zitrusgeschmack sorgt für ein erfrischendes Gefühl, während der leicht pikante Geschmack ein lang anhaltendes Vergnügen bereitet.",Fresh Lime AW Slim,Unisex,,,,,,,https://cdn.shopify.com/s/files/1/0072/0646/9679/files/KLINT_S2_fresh-lime_AW.png,,,,,5.90,0.00,1,G,29,IN,3,3,3,,,,
,,KL-3015-1,Unisex,Title,Default Title,,,,,,,,,,5.90,0.00,1,G,29,IN,3,3,3,,,KLINT,Fresh Lime AW Slim
Lime Cactus AW Slim,"<p>Tauche ein in das erfrischende Erlebnis von <a href=""https://snushus.ch/collections/red-muule-snus"">Red Muule</a> Lime Cactus – die ideale Wahl für alle, die nach einem exotischen und spritzigen Snus suchen. Mit einem Nikotingehalt von 14 mg/g bietet dieser Snus eine ausgewogene und kräftige Wirkung, die sich perfekt für Snus-Liebhaber eignet.</p>
<p>Red Muule Lime Cactus vereint den einzigartigen Geschmack von Kaktus mit der frischen Note von Limette. Die schlanken Beutel sind besonders unauffällig und angenehm zu tragen, sodass Du Deinen Snus diskret und komfortabel geniessen kannst.</p>
<p>Die hochwertigen Zutaten und die exzellente Verarbeitung sorgen für ein gleichmässiges und zufriedenstellendes Snus-Erlebnis. Red Muule Lime Cactus steht für erfrischenden Genuss und ein exotisches Aroma, das jeden Moment aufwertet.</p>
<p>Sichere Dir jetzt Deinen Red Muule Lime Cactus Snus online und erlebe die harmonische Mischung aus Kaktus und Limette. Gönne Dir diesen besonderen Snus und entdecke, warum Red Muule Lime Cactus die perfekte Wahl für Snus-Liebhaber ist.</p>
<!---->",Lime Cactus AW Slim,Unisex,,,,,,,https://cdn.shopify.com/s/files/1/0072/0646/9679/files/redmuule_lime_cactus.png,,,,,4.90,0.00,1,G,10,IN,3,3,3,,,,
,,RM-5015-1,Unisex,Title,Default Title,,,,,,,,,,4.90,0.00,1,G,10,IN,3,3,3,,,Red Muule,Lime Cactus AW Slim
Extreme WDP 500g Box,"<p>Soldat Extreme für die langen Tage auf dem Feld! Mit seinen unglaublichen 45 mg/g Nikotingehalt, gibt er jedem Snuser einen unverwechselbaren Kick welcher lange anhält. Unter der Lippe fühlen sich die Beutel sehr geschmeidig an und der Minz/Menthol Geschmack kommt angenehm zur Geltung. Jetzt auch in der beliebten 500g Box erhältlich!<br></p>",Extreme WDP 500g Box,Unisex,,,,,,,https://cdn.shopify.com/s/files/1/0072/0646/9679/files/soldat-black-extreme-white-dry-portion-500g-box.png,,,,,99.00,,1,G,600000,IN,3,3,3,,,,
,,SO-3025-1,Unisex,Title,Default Title,,,,,,,,,,99.00,,1,G,600000,IN,3,3,3,,,Soldat,Extreme WDP 500g Box
Extreme WDP Slim 500g Box,"<p>Soldat Extreme für die langen Tage auf dem Feld! Mit seinen unglaublichen 45 mg/g Nikotingehalt, gibt er jedem Snuser einen unverwechselbaren Kick welcher lange anhält. Unter der Lippe fühlen sich die Beutel sehr geschmeidig an und der Minz/Menthol Geschmack kommt angenehm zur Geltung. Jetzt auch in der beliebten 500g Box erhältlich! <br></p>",Extreme WDP Slim 500g Box,Unisex,,,,,,,https://cdn.shopify.com/s/files/1/0072/0646/9679/files/soldat-black-extreme-white-dry-portion-slim-500g-box.png,,,,,99.00,0.00,1,G,600000,IN,3,3,3,,,,
,,SO-3125-1,Unisex,Title,Default Title,,,,,,,,,,99.00,0.00,1,G,600000,IN,3,3,3,,,Soldat,Extreme WDP Slim 500g Box
Soldat Extreme WDP,"<meta charset=""utf-8"">
<div class=""item flex"">
<div class=""title""></div>
</div>
<div class=""item flex"">
<div class=""info"">
<p>Soldat Extreme - für die langen Tage auf dem Feld!<br><br>Mit seinen unglaublichen 45 mg/g Nikotingehalt gibt er jedem Snuser einen unverwechselbaren, lang anhaltenden Kick. Unter der Lippe fühlen sich die Beutel sehr geschmeidig an und der Minz/Menthol Geschmack kommt angenehm zur Geltung. Ideal für lange Einsätze im Militär oder für Siberia-Snuser, die gerne mal etwas Neues probieren möchten...</p>
<p> </p>
</div>
<div class=""info"">
<div class=""info""></div>
</div>
</div>",Soldat Extreme WDP,Unisex,,,,,,,https://cdn.shopify.com/s/files/1/0072/0646/9679/files/Snus_Container_Top_View_Soldat.png,,,,,3.90,,1,G,30,IN,3,3,3,,,,
,,SO-3005-1,Unisex,Title,Default Title,,,,,,,,,,3.90,,1,G,30,IN,3,3,3,,,Soldat,Soldat Extreme WDP
Soldat WP,"<meta charset=""utf-8"">
<div class=""item flex "">
<div class=""title""></div>
</div>
<div class=""item flex "">
<div class=""info"">
<p>Ein Snus mit klarem und frischem Geschmack. Er erhebt sich nicht, ist nicht aufdringlich und beeinträchtigt nicht Ihre Geschmacksknospen. Der Soldat ist da. Sicher, stabil und zur richtigen Zeit am richtigen Ort.</p>
</div>
<div class=""info"">
<div class=""info""></div>
</div>
</div>",Soldat WP,Unisex,,,,,,,https://cdn.shopify.com/s/files/1/0072/0646/9679/products/soldat-white-portion.png,,,,,3.90,,1,G,30,IN,3,3,3,,,,
,,SO-1005-1,Unisex,Title,Default Title,,,,,,,,,,3.90,,1,G,30,IN,3,3,3,,,Soldat,Soldat WP
Extreme WDP Slim,"Soldat Extreme WDP Slim für die langen Tage auf dem Feld! Mit seinen unglaublichen 45 mg/g Nikotingehalt, gibt er jedem Snuser einen unverwechselbaren Kick welcher lange anhält. Unter der Lippe fühlen sich die Beutel sehr geschmeidig an und der Minz/Menthol Geschmack kommt angenehm zur Geltung.",Extreme WDP Slim,Unisex,,,,,,,https://cdn.shopify.com/s/files/1/0072/0646/9679/files/Snus_Container_Top_View_Soldat_Slim.png,,,,,2.90,0.00,1,G,1,IN,3,3,3,,,,
,,SO-3015-1,Unisex,Title,Default Title,,,,,,,,,,2.90,0.00,1,G,1,IN,3,3,3,,,Soldat,Extreme WDP Slim
Soldat Vinter WP,"<meta charset=""utf-8"">
<div class=""item flex "">
<div class=""title""></div>
</div>
<div class=""item flex "">
<div class=""info"">
<p>Soldat Winter gibt ein cooles Gefühl, wird aber mit klaren und frischen Tönen aufgehellt. Sorgfältig ausgewählter Tabak, der die schwere Erdigkeit fernhält, wirkt mit einer sehr ausgewogenen Geschmackspalette und verleiht Ihnen ein außergewöhnliches Snuserlebnis</p>
</div>
<div class=""info"">
<div class=""info""></div>
</div>
</div>",Soldat Vinter WP,Unisex,,,,,,,https://cdn.shopify.com/s/files/1/0072/0646/9679/products/soldat-vinter-white-portion.png,,,,,3.90,,1,G,30,IN,3,3,3,,,,
,,SO-2005-1,Unisex,Title,Default Title,,,,,,,,,,3.90,,1,G,30,IN,3,3,3,,,Soldat,Soldat Vinter WP
Mini Urban Vibe Medium AW,"<p>Nur kurz verfügbar! </p>
<p>Bei diesem Produkt handelt es sich um Restposten, welcher etwas älter ist. Die Produkte wurden von uns getestet und sind problemlos geniessbar.</p>
<p>Intensiver Geschmack von Cranberries und anderen roten Früchten in der urbanen Wildnis. Vielleicht kannten Sie dieses Produkt schon als LYFT Urban Vibe.</p>
<p>EPOK, LYFT oder VELO?! <br>Weitere Informationen dazu findest Du in <a href=""https://snushus.ch/blogs/snusbuch/was-ist-all-white-snus"" target=""_blank"">unserem Blog</a>.</p>",Mini Urban Vibe Medium AW,Unisex,,,,,,,https://cdn.shopify.com/s/files/1/0072/0646/9679/files/velo-mini-urban-vibe-medium-aw.png,,,,,6.90,,1,G,1,IN,3,3,3,,,,
,,VE-2505-1,Unisex,Title,Default Title,,,,,,,,,,6.90,,1,G,1,IN,3,3,3,,,VELO (SK),Mini Urban Vibe Medium AW
Mini Tropic Breeze Medium AW,"<p>Nur kurz verfügbar! <br>Bei diesem Produkt handelt es sich um Restposten, welcher etwas älter ist. Die Produkte wurden von uns getestet und sind problemlos geniessbar.</p>
<p>Aromatisiert mit exotischer Mandarine, Passionsfrucht und Mango, die an den Sommer erinnern.</p>
<p>EPOK, LYFT oder VELO?! <br>Weitere Informationen dazu findest Du in <a href=""https://snushus.ch/blogs/snusbuch/was-ist-all-white-snus"" target=""_blank"">unserem Blog</a>.</p>",Mini Tropic Breeze Medium AW,Unisex,,,,,,,https://cdn.shopify.com/s/files/1/0072/0646/9679/files/velo-mini-tropic-breeze-medium-aw.png,,,,,5.50,,1,G,1,IN,3,3,3,,,,
,,VE-2805-1,Unisex,Title,Default Title,,,,,,,,,,5.50,,1,G,1,IN,3,3,3,,,VELO (SK),Mini Tropic Breeze Medium AW
No.1 Menthol AW Mini,"<p>Entdecke <a href=""https://snushus.ch/collections/apres-snus"">Après</a> No.1 Menthol All White Mini – Dein erfrischender Begleiter für ein sanftes und belebendes Nikotinerlebnis. Mit einer Stärke von 1/5 und einem Nikotingehalt von 8 mg/g bietet Dir dieser Snus eine leichte und langanhaltende Wirkung. Die Mini Beutel sind ideal für diskreten und komfortablen Genuss, jede Dose enthält 8g Tabakersatz.</p>
<p>Après No.1 Menthol Mini ist genau das, wonach Du suchst – ein erfrischendes Mentholerlebnis, das ein frisches Gefühl auf den Lippen hinterlässt. Klappe den Deckel auf, lehne Dich zurück und geniesse die Kraft der Zermatter Bergwelt. Die einzigartige Kombination aus Menthol und dem praktischen Mini-Format macht diesen Snus zur perfekten Wahl für jeden Moment.</p>
<p>Geniesse den erfrischenden Mentholgeschmack von Après No.1 Menthol All White Mini und erlebe die perfekte Kombination aus Leichtigkeit und Frische. Bestelle jetzt online und entdecke, warum Après die bevorzugte Wahl für Snus-Liebhaber ist. Gönn Dir diesen sanften und belebenden Genuss und bringe Frische in Deinen Alltag!</p>",No.1 Menthol AW Mini,Unisex,,,,,,,https://cdn.shopify.com/s/files/1/0072/0646/9679/files/apres-no-1-mentol-mini-aw.png,,,,,5.20,0.00,1,G,1,IN,3,3,3,,,,
,,AP-1015-1,Unisex,Title,Default Title,,,,,,,,,,5.20,0.00,1,G,1,IN,3,3,3,,,Après,No.1 Menthol AW Mini
No.1 Menthol X-Strong AW,"<p>Tauche ein in das erfrischende Erlebnis von <a href=""https://snushus.ch/collections/apres-snus"">Après</a> No.1 Menthol Extra Strong All White – Dein starker Partner für ein belebendes Nikotinerlebnis. Mit einem hohen Nikotingehalt von 15 mg/g und einer Stärke von 3/5 liefert dieser Snus eine kräftige und anhaltende Wirkung. Die Dose enthält 20 Beutel, die ideal für den täglichen Gebrauch und den diskreten Genuss unterwegs sind.</p>
<p>Après No.1 Menthol Extra Strong ist genau das, wonach Du suchst – ein erfrischendes Mentholerlebnis, das ein frisches Gefühl auf den Lippen hinterlässt. Klappe den Deckel auf, lehne Dich zurück und geniesse die Kraft der Zermatter Bergwelt. Der kraftvolle Mentholgeschmack und die starke Nikotinwirkung machen diesen Snus zur perfekten Wahl für jeden Moment.</p>
<p>Geniesse den intensiven Mentholgeschmack von Après No.1 Menthol Extra Strong All White und erlebe die perfekte Kombination aus Stärke und Frische. Bestelle jetzt online und entdecke, warum Après die bevorzugte Wahl für Snus-Liebhaber ist. Gönn Dir diesen starken und belebenden Genuss und bringe Frische in Deinen Alltag!</p>",No.1 Menthol X-Strong AW,Unisex,,,,,,,https://cdn.shopify.com/s/files/1/0072/0646/9679/files/apres-no-1-mentol-extra-strong-aw.png,,,,,5.20,,1,G,1,IN,3,3,3,,,,
,,AP-1005-1,Unisex,Title,Default Title,,,,,,,,,,5.20,,1,G,1,IN,3,3,3,,,Après,No.1 Menthol X-Strong AW
No.2 Mint AW,"<p>Entdecke Après No.2 Mint All White Mint – Dein erfrischender Begleiter für ein leichtes und angenehmes Nikotinerlebnis. Mit einer Stärke von 2/5 und einem Nikotingehalt von 8 mg/g bietet Dir dieser Snus eine sanfte und wohltuende Wirkung. Der frische Minzgeschmack sorgt für ein süsses und belebendes Aroma, das Deine Sinne erfrischt.</p>
<p>Après No.2 Mint schmeckt so, wie eine Minze schmecken sollte – süss, frisch und mit einem Hauch Pfefferminze, der Dir ein anhaltendes Gefühl von Vitalität verleiht. Diese Kombination sorgt für ein langanhaltendes, erfrischendes Erlebnis, das perfekt für den täglichen Gebrauch geeignet ist.</p>
<p>Geniesse den frischen Minzgeschmack von Après No.2 Mint All White Mint und erlebe die perfekte Kombination aus Leichtigkeit und Frische. Bestelle jetzt online und entdecke, warum Après die bevorzugte Wahl für Snus-Liebhaber ist. Gönn Dir diesen erfrischenden und vitalisierenden Genuss und bringe neue Frische in Deinen Alltag!</p>
<!---->",No.2 Mint AW,Unisex,,,,,,,https://cdn.shopify.com/s/files/1/0072/0646/9679/files/apres-no-2-mint-aw.png,,,,,5.20,,1,G,1,IN,3,3,3,,,,
,,AP-2005-1,Unisex,Title,Default Title,,,,,,,,,,5.20,,1,G,1,IN,3,3,3,,,Après,No.2 Mint AW
No.3 Lemon Curd AW,"<p>Erlebe Après No.3 Lemon Curd All White – Dein erfrischender Begleiter für ein sanftes und belebendes Nikotinerlebnis. Mit einem Nikotingehalt von 8 mg/g und einer Stärke von 2/5 bietet Dir dieser Snus eine angenehme und langanhaltende Wirkung. Die 20 Slim Beutel enthalten insgesamt 11g Tabakersatz und sorgen für einen diskreten und komfortablen Genuss.</p>
<p>Après No.3 Lemon Curd AW wurde entwickelt, um das Gefühl einer frisch gepflückten Zitrone aus den Feldern Argentiniens einzufangen. Der intensive, frische Duft beim Öffnen der Dose sorgt für eine sensorische Explosion und bietet Dir die perfekte Mischung aus süss und sauer.</p>
<p>Geniesse den erfrischenden Zitronengeschmack von Après No.3 Lemon Curd All White. Gönn Dir diesen spritzigen und belebenden Genuss und bringe neue Frische in Deinen Alltag!</p>",No.3 Lemon Curd AW,Unisex,,,,,,,https://cdn.shopify.com/s/files/1/0072/0646/9679/files/apres-no-3-lemon-curd-aw-2023.png,,,,,5.20,0.00,1,G,1,IN,3,3,3,,,,
,,AP-3005-1,Unisex,Title,Default Title,,,,,,,,,,5.20,0.00,1,G,1,IN,3,3,3,,,Après,No.3 Lemon Curd AW
No.4 Cola AW,"<p>Entdecke Après No.4 Cola All White Slim– Dein neuer Favorit für ein sanftes und erfrischendes Nikotinerlebnis. Mit einer Stärke von 2/5 und einem Nikotingehalt von 8 mg/g bietet Dir dieser Snus eine angenehme und langanhaltende Wirkung. Die Slim Beutel enthalten insgesamt 11g Tabakersatz pro Dose und sind ideal für diskreten und bequemen Genuss.</p>
<p>Après No.4 Cola AW Slim verspricht einen Geschmack, der die Nostalgie von Cola einfängt, wie wir sie alle kennen und lieben. Dieses sinnliche Erlebnis bietet Dir die perfekte Mischung aus vertrautem Cola-Geschmack und belebender Frische, ein Genuss, der am liebsten nie enden sollte.</p>
<p>Geniesse den nostalgischen Cola-Geschmack von Après No.4 Cola All White Slim und erlebe die perfekte Kombination aus Frische und Leichtigkeit. Bestelle jetzt online und entdecke Après für Dich.</p>",No.4 Cola AW,Unisex,,,,,,,https://cdn.shopify.com/s/files/1/0072/0646/9679/files/apres-no-4-cola-aw-2023.png,,,,,5.20,0.00,1,G,1,IN,3,3,3,,,,
,,AP-4005-1,Unisex,Title,Default Title,,,,,,,,,,5.20,0.00,1,G,1,IN,3,3,3,,,Après,No.4 Cola AW
No.5 Ice Tea Peach AW,"<p>Entdecke Après No.5 Ice Tea Peach All White Slim – Dein köstlicher Begleiter für ein leichtes und erfrischendes Nikotinerlebnis. Mit einem Nikotingehalt von 8 mg/g und einer Stärke von 2/5 bietet Dir dieser Snus eine sanfte und langanhaltende Wirkung. Die Slim Pouches sind ideal für den diskreten und komfortablen Genuss.</p>
<p>Après No.5 Ice Tea Peach ist ein Genuss für die Sinne. Der Geschmack von süssem Pfirsich und einem Hauch von schwarzem Tee sorgt für ein vollmundiges Eistee-Erlebnis. Es ist fast so, als hättest Du eine grosse Karaffe Eistee direkt in einen weichen kleinen Beutel gegossen.</p>",No.5 Ice Tea Peach AW,Unisex,,,,,,,https://cdn.shopify.com/s/files/1/0072/0646/9679/files/apres-no-5-ice-tea-peach-aw-2023.png,,,,,5.20,0.00,1,G,1,IN,3,3,3,,,,
,,AP-5005-1,Unisex,Title,Default Title,,,,,,,,,,5.20,0.00,1,G,1,IN,3,3,3,,,Après,No.5 Ice Tea Peach AW
No.9 Cactus Lime AW,"<p>Entdecke Après No.9 Cactus Lime All White Slim – Dein erfrischender Begleiter für ein leichtes und belebendes Nikotinerlebnis. Mit einer Stärke von 2/5 und einem Nikotingehalt von 8 mg/g bietet Dir dieser Snus eine sanfte und langanhaltende Wirkung. Die Slim Beutel sorgen für einen diskreten und komfortablen Genuss.</p>
<p>Après No.9 Cactus Lime ist eine einzigartige Mischung aus zwei besonderen Aromen – Kaktus und Limette. Diese Kombination schafft eine perfekte Harmonie zwischen der Trockenheit der Wüste und der Feuchtigkeit des tropischen Waldes. Das Geschmackserlebnis ist unvergleichlich und wird in einem weichen, kleinen Beutel geliefert, der sich perfekt für den täglichen Gebrauch eignet.</p>",No.9 Cactus Lime AW,Unisex,,,,,,,https://cdn.shopify.com/s/files/1/0072/0646/9679/files/apres-no-9-cactus-lime-aw.png,,,,,5.20,0.00,1,G,1,IN,3,3,3,,,,
,,AP-6005-1,Unisex,Title,Default Title,,,,,,,,,,5.20,0.00,1,G,1,IN,3,3,3,,,Après,No.9 Cactus Lime AW
No.5 Ice Tea Peach X-Strong AW,"<p>Entdecke Après No.5 Ice Tea Peach X-Strong All White – Dein köstlicher Begleiter für ein kräftiges und erfrischendes Nikotinerlebnis. Mit einem Nikotingehalt von 15 mg/g und einer Stärke von 2/5 bietet Dir dieser Snus eine sanfte und langanhaltende Wirkung. Die Slim Pouches sind ideal für den diskreten und komfortablen Genuss.</p>
<p>Après No.5 Ice Tea Peach X-Strong ist ein Genuss für die Sinne. Der Geschmack von süssem Pfirsich und einem Hauch von schwarzem Tee sorgt für ein vollmundiges Eistee-Erlebnis. Es ist fast so, als hättest Du eine grosse Karaffe Eistee direkt in einen weichen kleinen Beutel gegossen.</p>",No.5 Ice Tea Peach X-Strong AW,Unisex,,,,,,,https://cdn.shopify.com/s/files/1/0072/0646/9679/files/apres-no-5-ice-tea-peach-x-strong-aw-2023.png,,,,,5.20,,1,G,26000,IN,3,3,3,,,,
,,AP-5105-1,Unisex,Title,Default Title,,,,,,,,,,5.20,,1,G,26000,IN,3,3,3,,,Après,No.5 Ice Tea Peach X-Strong AW
No.4 Cola X-Strong AW,"<p>Entdecke Après No.4 Cola X-Strong All White Slim– Dein neuer Favorit für ein kräftiges und erfrischendes Nikotinerlebnis. Mit einer Stärke von 5/5 und einem Nikotingehalt von 15 mg/g bietet Dir dieser Snus eine angenehme und langanhaltende Wirkung. Die Slim Beutel enthalten insgesamt 11g Tabakersatz pro Dose und sind ideal für diskreten und bequemen Genuss.</p>
<p>Après No.4 Cola X-Strong AW Slim verspricht einen Geschmack, der die Nostalgie von Cola einfängt, wie wir sie alle kennen und lieben. Dieses sinnliche Erlebnis bietet Dir die perfekte Mischung aus vertrautem Cola-Geschmack und belebender Frische, ein Genuss, der am liebsten nie enden sollte.</p>
<p>Geniesse den nostalgischen Cola-Geschmack von Après No.4 Cola X-Strong All White Slim und erlebe die perfekte Kombination aus Frische und Geschmack. Bestelle jetzt online und entdecke Après für Dich.</p>",No.4 Cola X-Strong AW,Unisex,,,,,,,https://cdn.shopify.com/s/files/1/0072/0646/9679/files/apres-no-4-cola-aw.png,,,,,5.20,0.00,1,G,26000,IN,3,3,3,,,,
,,AP-4105-1,Unisex,Title,Default Title,,,,,,,,,,5.20,0.00,1,G,26000,IN,3,3,3,,,Après,No.4 Cola X-Strong AW
No.8 Raspberry Liqorice AW,"<p>Entdecke Après No.8 Raspberry-Liquorice All White Slim – Dein starker Begleiter für ein einzigartiges und belebendes Nikotinerlebnis. Mit einem Nikotingehalt von 8 mg/g und einer Stärke von 3/5 bietet Dir dieser Snus eine kraftvolle und langanhaltende Wirkung. Die 20 Slim Beutel sorgen für einen diskreten und komfortablen Genuss.</p>
<p>Après No.8 Himbeer-Lakritz vereint die bewährte Geschmackskombination aus süssen Himbeeren und würzigem Lakritz. Dieses harmonische Zusammenspiel verleiht Dir ein unvergleichliches Geschmackserlebnis.</p>
<p>Geniesse die perfekte Balance aus Himbeeren und Lakritz mit Après No.8 Himbeer-Lakritz und erlebe die Vorteile eines tabakfreien Nikotinerlebnisses. </p>",No.8 Raspberry Liqorice AW,Unisex,,,,,,,https://cdn.shopify.com/s/files/1/0072/0646/9679/files/apres-no-8-Raspberry-Liqorice-aw_479f4086-edc1-4843-87e3-fec337a346d2.png,,,,,5.20,0.00,1,G,26000,IN,3,3,3,,,,
,,AP-8005-1,Unisex,Title,Default Title,,,,,,,,,,5.20,0.00,1,G,26000,IN,3,3,3,,,Après,No.8 Raspberry Liqorice AW
No.8 Raspberry Liqorice AW Mini,"<p>Entdecke Après No.8 Raspberry-Liquorice AW Mini – Dein starker Begleiter für ein einzigartiges und belebendes Nikotinerlebnis. Mit einem Nikotingehalt von 8 mg/g und einer Stärke von 3/5 bietet Dir dieser Snus eine kraftvolle und langanhaltende Wirkung. Die 20 Slim Beutel sorgen für einen diskreten und komfortablen Genuss.</p>
<p>Après No.8 Himbeer-Lakritz vereint die bewährte Geschmackskombination aus süssen Himbeeren und würzigem Lakritz. Dieses harmonische Zusammenspiel verleiht Dir ein unvergleichliches Geschmackserlebnis.</p>
<p>Geniesse die perfekte Balance aus Himbeeren und Lakritz mit Après No.8 Himbeer-Lakritz und erlebe die Vorteile eines tabakfreien Nikotinerlebnisses. </p>
<div class=""info"">
<div class=""info"">
<div class=""item flex"">
<div class=""title""><br></div>
</div>
</div>
</div>",No.8 Raspberry Liqorice AW Mini,Unisex,,,,,,,https://cdn.shopify.com/s/files/1/0072/0646/9679/files/apres-no-8-Raspberry-Liqorice-mini-aw.png,,,,,5.20,0.00,1,G,26,IN,3,3,3,,,,
,,AP-8015-1,Unisex,Title,Default Title,,,,,,,,,,5.20,0.00,1,G,26,IN,3,3,3,,,Après,No.8 Raspberry Liqorice AW Mini
No.4 Après Cola AW Mini,"<p>Entdecke Après No.4 Cola All White Mini – Dein neuer Favorit für ein sanftes und erfrischendes Nikotinerlebnis. Mit einer Stärke von 2/5 und einem Nikotingehalt von 8 mg/g bietet Dir dieser Snus eine angenehme und langanhaltende Wirkung. Die Mini Beutel enthalten insgesamt 8g Tabakersatz pro Dose und sind ideal für diskreten und bequemen Genuss.</p>
<p>Après No.4 Cola Mini verspricht einen Geschmack, der die Nostalgie von Cola einfängt, wie wir sie alle kennen und lieben. Dieses sinnliche Erlebnis bietet Dir die perfekte Mischung aus vertrautem Cola-Geschmack und belebender Frische, ein Genuss, der am liebsten nie enden sollte.</p>
<p>Geniesse den nostalgischen Cola-Geschmack von Après No.4 Cola All White Mini und erlebe die perfekte Kombination aus Frische und Leichtigkeit. Bestelle jetzt online und entdecke Après für Dich.</p>",No.4 Après Cola AW Mini,Unisex,,,,,,,https://cdn.shopify.com/s/files/1/0072/0646/9679/files/apres-no-4-cola-mini-aw.png,,,,,5.20,0.00,1,G,26000,IN,3,3,3,,,,
,,AP-4015-1,Unisex,Title,Default Title,,,,,,,,,,5.20,0.00,1,G,26000,IN,3,3,3,,,Après,No.4 Après Cola AW Mini
No.5 Ice Tea Peach AW Mini,"<p>Entdecke Après No.5 Ice Tea Peach All White Mini – Dein köstlicher Begleiter für ein leichtes und erfrischendes Nikotinerlebnis. Mit einem Nikotingehalt von 8 mg/g und einer Stärke von 2/5 bietet Dir dieser Snus eine sanfte und langanhaltende Wirkung. Die Mini Pouches sind ideal für den diskreten und komfortablen Genuss.</p>
<p>Après No.5 Ice Tea Peach Mini ist ein Genuss für die Sinne. Der Geschmack von süssem Pfirsich und einem Hauch von schwarzem Tee sorgt für ein vollmundiges Eistee-Erlebnis. Es ist fast so, als hättest Du eine grosse Karaffe Eistee direkt in einen weichen kleinen Beutel gegossen.</p>",No.5 Ice Tea Peach AW Mini,Unisex,,,,,,,https://cdn.shopify.com/s/files/1/0072/0646/9679/files/apres-no-5-ice-tea-peach-mini-aw.png,,,,,5.20,,1,G,26000,IN,3,3,3,,,,
,,AP-5015-1,Unisex,Title,Default Title,,,,,,,,,,5.20,,1,G,26000,IN,3,3,3,,,Après,No.5 Ice Tea Peach AW Mini
No.6 Appletini X-Strong AW,"<p>Entdecke Après No.6 Appletini X-Strong All White – Dein idealer Begleiter für ein erfrischendes und sanftes Nikotinerlebnis. Mit einer Stärke von 5/5 und einem Nikotingehalt von 15 mg/g bietet Dir dieser Snus eine angenehme und langanhaltende Wirkung.</p>
<p>Gib Deiner Nacht einen Cocktail-Kick mit Appletini von Après. Geniesse den unglaublichen Geschmack saftiger Äpfel und probiere den knackigen und fruchtig-kräftigen Extrakt. Dieses erfrischende Aroma sorgt dafür, dass Deine Nacht zu einem unvergesslichen Erlebnis wird!</p>
<p>Geniesse den fruchtigen Apfelgeschmack von Après No.6 Appletini X-Strong All White und erlebe die perfekte Kombination aus Frische und Leichtigkeit. Gönn Dir diesen spritzigen und belebenden Genuss.</p>",No.6 Appletini X-Strong AW,Unisex,,,,,,,https://cdn.shopify.com/s/files/1/0072/0646/9679/files/apres-no-6-appletini-aw.png,,,,,5.20,,1,G,13,IN,3,3,3,,,,
,,AP-9005-1,Unisex,Title,Default Title,,,,,,,,,,5.20,,1,G,13,IN,3,3,3,,,Après,No.6 Appletini X-Strong AW
No.7 Very Berry AW,"<p>Entdecke Après No.7 Very Berry All White – Dein fruchtiger Begleiter für ein leichtes und erfrischendes Nikotinerlebnis. Mit einer Stärke von 2/5 und einem Nikotingehalt von 8 mg/g bietet Dir dieser Snus eine angenehme und langanhaltende Wirkung. Der köstliche Beerengeschmack sorgt für ein erfrischendes und fruchtiges Aroma, das Deine Sinne belebt.</p>
<p>Geniesse den einzigartigen Geschmack von No.7 Very Berry. Die aromatische Mischung aus verschiedenen Beerennoten verleiht Dir ein unvergleichliches Geschmackserlebnis. Lass Dich vom fruchtigen Aroma verzaubern und erlebe eine neue Art des tabakfreien Nikotingenusses.</p>
<p>Bestelle jetzt Deinen Après No.7 Very Berry All White online und entdecke die perfekte Kombination aus Frische und Fruchtigkeit. Erfahre, warum Après die bevorzugte Wahl für Snus-Liebhaber ist. Gönn Dir diesen erfrischenden und belebenden Genuss und bringe neue Frische in Deinen Alltag!</p>",No.7 Very Berry AW,Unisex,,,,,,,https://cdn.shopify.com/s/files/1/0072/0646/9679/files/apres-no-7-Very-Berry-aw.png,,,,,5.20,0.00,1,G,13,IN,3,3,3,,,,
,,AP-1105-1,Unisex,Title,Default Title,,,,,,,,,,5.20,0.00,1,G,13,IN,3,3,3,,,Après,No.7 Very Berry AW
No.3 Lemon Curd X-Strong AW,"<p>Erlebe Après No.3 Lemon Curd X-Strong All White – Dein erfrischender Begleiter für ein kräftiges und belebendes Nikotinerlebnis. Mit einem Nikotingehalt von 15 mg/g und einer Stärke von 4/5 bietet Dir dieser Snus eine angenehme und langanhaltende Wirkung. Die 20 Slim Beutel enthalten insgesamt 11g Tabakersatz und sorgen für einen diskreten und komfortablen Genuss. Der Klassiker von <span data-mce-fragment=""1"">Après n</span>un auch in Extra Stark erhältlich.</p>
<p>Après No.3 Lemon Curd X-Strong AW wurde entwickelt, um das Gefühl einer frisch gepflückten Zitrone aus den Feldern Argentiniens einzufangen. Der intensive, frische Duft beim Öffnen der Dose sorgt für eine sensorische Explosion und bietet Dir die perfekte Mischung aus süss und sauer.</p>
<p>Geniesse den erfrischenden Zitronengeschmack von Après No.3 Lemon Curd All White. Gönn Dir diesen spritzigen und belebenden Genuss und bringe neue Frische in Deinen Alltag!</p>",No.3 Lemon Curd X-Strong AW,Unisex,,,,,,,https://cdn.shopify.com/s/files/1/0072/0646/9679/files/apres-no-3-Lemon-Curd-x-strong-aw.png,,,,,5.20,0.00,1,G,13,IN,3,3,3,,,,
,,AP-3105-1,Unisex,Title,Default Title,,,,,,,,,,5.20,0.00,1,G,13,IN,3,3,3,,,Après,No.3 Lemon Curd X-Strong AW
No.6 Appletini AW,"<p>Entdecke Après No.6 Appletini All White – Dein idealer Begleiter für ein erfrischendes und sanftes Nikotinerlebnis. Mit einer Stärke von 2/5 und einem Nikotingehalt von 8 mg/g bietet Dir dieser Snus eine angenehme und langanhaltende Wirkung.</p>
<p>Gib Deiner Nacht einen Cocktail-Kick mit Appletini von Après. Geniesse den unglaublichen Geschmack saftiger Äpfel und probiere den knackigen und fruchtig-kräftigen Extrakt. Dieses erfrischende Aroma sorgt dafür, dass Deine Nacht zu einem unvergesslichen Erlebnis wird!</p>
<p>Geniesse den fruchtigen Apfelgeschmack von Après No.6 Appletini All White und erlebe die perfekte Kombination aus Frische und Leichtigkeit. Gönn Dir diesen spritzigen und belebenden Genuss.</p>",No.6 Appletini AW,Unisex,,,,,,,https://cdn.shopify.com/s/files/1/0072/0646/9679/files/apres-no-6-appletini-extra-strong-aw.png,,,,,5.20,,1,G,1,IN,3,3,3,,,,
,,AP-9105-1,Unisex,Title,Default Title,,,,,,,,,,5.20,,1,G,1,IN,3,3,3,,,Après,No.6 Appletini AW
COLD AW Bigpack,Der edel COLD ist in aller Munde und wurde bereits im ersten Jahr zum beliebtesten und meistverkauften All White Snus Produkt auf dem Schweizer Markt. Diese einzigartige Minz-Menthol Mischung mit Frischebooster und 20 mg/g Nikotin wurde speziell für die Vorlieben der heimischen Konsumenten entwickelt. Mit der Kraft des COLD kann kommen was wolle - immer und überall. Jetzt auch in der Vorteilspackung aus umweltfreundlichem Karton mit 100 Snusbeuteln!,COLD AW Bigpack,Unisex,,,,,,,https://cdn.shopify.com/s/files/1/0072/0646/9679/files/edelsnus-cold-all-white-big-pack-20.png,https://cdn.shopify.com/s/files/1/0072/0646/9679/products/edelsnus-cold-all-white-big-pack-comparison.png,,,,24.90,0.00,1,G,1,IN,3,3,3,,,,
,,ED-1020-1,Unisex,Title,Default Title,,,,,,,,,,24.90,0.00,1,G,1,IN,3,3,3,,,edel,COLD AW Bigpack
ONYX AW Bigpack,"<p>Der edel ONYX ist das bisher stärkste All White Produkt auf dem Schweizer Markt. Eine Mischung saftiger Bergkräuter mit einem Hauch von Eukalyptus. ONYX ist nichts für schwache Gemüter, aber trotzdem unglaublich lecker. Bist du bereit für den Kick? Jetzt auch in der Vorteilspackung aus umweltfreundlichem Karton mit 100 Snusbeuteln!</p>",ONYX AW Bigpack,Unisex,,,,,,,https://cdn.shopify.com/s/files/1/0072/0646/9679/files/edelsnus-onyx-all-white-big-pack-20.png,https://cdn.shopify.com/s/files/1/0072/0646/9679/products/edelsnus-onyx-all-white-big-pack-comparison.png,,,,24.90,0.00,1,G,1,IN,3,3,3,,,,
,,ED-9020-1,Unisex,Title,Default Title,,,,,,,,,,24.90,0.00,1,G,1,IN,3,3,3,,,edel,ONYX AW Bigpack
Crispy Peppermint AW,"<p>Erlebe <a href=""https://snushus.ch/collections/velo-snus"">VELO</a> Crispy Peppermint AW – Dein erfrischender Begleiter für ein belebendes Nikotinerlebnis. Mit einem Minzgeschmack und einer Stärke von 3/5 bietet Dir dieser Snus eine angenehme und langanhaltende Wirkung. Die 20 Slim-Beutel pro Schachtel sind ideal für den diskreten und bequemen Genuss. Der Nikotingehalt von 14 mg/g überzeugt Dich.</p>
<p>Erlebe mit dem VELO Crispy Peppermint AW eine erfrischende Neuheit! <strong>Der altbekannte Velo Ice Cool Strong AW</strong> wurde aufgewertet und erstrahlt nun unter dem neuen Design.</p>
<p>Auf aromatisierter Zellulosebasis und völlig frei von Tabak kommen auch die VELO Beutel im Slim Format. Ohne Tabak bedeutet ohne gewöhnungsbedürftigen Tabakgeruch sowie ohne jegliche Tabakschadstoffe – weltweit gibt es aktuell keine weniger schädliche Art, Nikotin zu konsumieren.</p>
<p>All White Nicotine Pouches bieten sich deshalb vor allem Rauchern an, die mit herkömmlichen Methoden zur Rauchentwöhnung wie Nikotinpflastern, Nikotinkaugummis oder Nikotinsprays nichts anfangen können. VELO Crispy Peppermint AW bietet eine erfrischende Kombination aus Minzgeschmack und sanfter Stärke, perfekt für den täglichen Gebrauch.</p>
<p>Geniesse die frische Pfefferminze von VELO Crispy Peppermint AW und erlebe die Vorteile eines tabakfreien Nikotinerlebnisses. Bestelle jetzt online und entdecke, warum VELO die bevorzugte Wahl für Nicotine Pouch-Liebhaber ist. Gönn Dir diesen erfrischenden Genuss und bringe Frische in Deinen Alltag!</p>
<p><a href=""https://snushus.ch/blogs/snusbuch/epok-und-lyft-werden-ersetzt-mit-velo"">EPOK, LYFT oder VELO? Hier findest Du alle Informationen zu diesem Thema!</a></p>",Crispy Peppermint AW,Unisex,,,,,,,https://cdn.shopify.com/s/files/1/0072/0646/9679/files/Velo-crispy-Peppermint-2024_e3a020fd-a282-4a3f-8c23-19b6201d014a.png,https://cdn.shopify.com/s/files/1/0072/0646/9679/files/velo-crispy-peppermint_14395c0a-747d-41a3-b4bd-5435fad2ec24.png,,,,5.20,,1,G,14,IN,3,3,3,,,,
,,VE-6005-1,Unisex,Title,Default Title,,,,,,,,,,5.20,,1,G,14,IN,3,3,3,,,VELO (SE),Crispy Peppermint AW
MELON AW,"<p class=""MsoNormal""><span lang=""DE-AT"" style=""mso-ansi-language: DE-AT;"">Vermisst du das erfrischende Gefühl einer saftigen Wassermelone? Dann ist der edel MELON mit seinem fruchtigen Aroma und einem Nikotingehalt von 15 mg/g genau das Richtige für dich. Kaugummi war gestern!</span><span lang=""DE"" style=""mso-ansi-language: DE;""></span></p>",MELON AW,Unisex,,,,,,,https://cdn.shopify.com/s/files/1/0072/0646/9679/files/edelsnus_PP_Top_Melon_wo_Shadow_a6003fed-4760-413e-8100-ea4462fb1d13.png,,,,,5.90,,1,G,14,IN,3,3,3,,,,
,,ED-3010-1,Unisex,Title,Default Title,,,,,,,,,,5.90,,1,G,14,IN,3,3,3,,,edel,MELON AW
CITRUS AW,"<p class=""MsoNormal""><span lang=""DE-AT"" style=""mso-ansi-language: DE-AT;"">Diese harmonische Symphonie aus den beliebtesten Zitrusfrüchten, gepaart mit einem Nikotingehalt von 15mg/g, verleiht diesem All-White Snus eine unwiderstehliche Vollendung. Ein Hauch von Sonne, Strand und Meer lässt dich Tagträumen und verleiht deinem Moment der Entspannung eine Extraportion Frische.</span><span lang=""DE"" style=""mso-ansi-language: DE;""></span></p>",CITRUS AW,Unisex,,,,,,,https://cdn.shopify.com/s/files/1/0072/0646/9679/files/edelsnus_PP_Top_Citrus_wo_Shadow.png,,,,,5.90,,1,G,14,IN,3,3,3,,,,
,,ED-2010-1,Unisex,Title,Default Title,,,,,,,,,,5.90,,1,G,14,IN,3,3,3,,,edel,CITRUS AW
Super White Fresh Mint No.54 AW,"<meta charset=""utf-8"">
<div class=""item flex"">
<div class=""title""></div>
</div>
<div class=""item flex"">
<div class=""info"">
<p> </p>
<div class=""info"">
<p><span>Auf aromatisierter Zellulosebasis und völlig frei von Tabak kommen auch die Skruf Super White Beutel im Slim Format. Ohne Tabak bedeutet ohne gewöhnungsbedürftigen Tabakgeruch sowie ohne jegliche Tabakschadstoffe - aktuell gibt es weltweit keine weniger schädliche Art, Nikotin zu konsumieren. All White Snus / Nicotine Pouches bietet sich deshalb vor allem Rauchern an, welche mit Rauchentwöhnung wie Nikotinpflaster, Nikotinkaugummi oder Nikotinspray nichts anfangen können.<br></span></p>
<p> </p>
<p>Der Skruf Super White Fresh schmeckt nach frischer Minze und hat einen hohen Nikotingehalt - den höchsten der Skruf Super White Linie.</p>
<p> </p>
</div>
<div class=""info"">
<div class=""info"">
<div class=""item flex"">
<div class=""title""></div>
</div>
</div>
</div>
</div>
<div class=""info"">
<div class=""info"">
<div class=""item flex"">
<div class=""title"">
<div class=""info"">
<p>Der Artikel erscheint in einem neuen Design, hat jedoch die selbe Rezeptur wie der alt bekannte Skruf Super White Fresh #4 AW</p>
</div>
<div class=""info"">
<div class=""info"">
<div class=""item flex"">
<div class=""title""></div>
</div>
</div>
</div>
</div>
<div class=""title""><br></div>
</div>
</div>
</div>
</div>",Super White Fresh Mint No.54 AW,Unisex,,,,,,,https://cdn.shopify.com/s/files/1/0072/0646/9679/products/Skruf_Superwhite_no54_xtra.jpg,,,,,5.20,,1,G,30,IN,3,3,3,,,,
,,SK-1005-1,Unisex,Title,Default Title,,,,,,,,,,5.20,,1,G,30,IN,3,3,3,,,Skruf,Super White Fresh Mint No.54 AW
Mini Berry Frost Medium AW,"<p>Kühlender Geschmack von süssen Himbeeren, Heidelbeeren und Brombeeren mit leicht würzigen Tönen.</p>
<p>EPOK, LYFT oder VELO?! <br>Weitere Informationen dazu findest Du in <a href=""https://snushus.ch/blogs/snusbuch/was-ist-all-white-snus"" target=""_blank"" rel=""noopener noreferrer"">unserem Blog</a>.</p>",Mini Berry Frost Medium AW,Unisex,,,,,,,https://cdn.shopify.com/s/files/1/0072/0646/9679/files/velo-mini-berry-frost-medium-aw_88bb7d36-fa14-4e03-ad9d-fb64bb28f1f9.png,,,,,6.90,,1,G,10,IN,3,3,3,,,,
,,VE-2205-1,Unisex,Title,Default Title,,,,,,,,,,6.90,,1,G,10,IN,3,3,3,,,VELO (SK),Mini Berry Frost Medium AW
Mini Polar Mint Medium AW,"<p>Perfekt kühlende Frische von Menthol mit süssen Tönen. </p>
<p>EPOK, LYFT oder VELO?! <br>Weitere Informationen dazu findest Du in <a href=""https://snushus.ch/blogs/snusbuch/epok-und-lyft-werden-ersetzt-mit-velo"" data-mce-href=""https://snushus.ch/blogs/snusbuch/epok-und-lyft-werden-ersetzt-mit-velo"" target=""_blank"">unserem Blog</a>.</p>",Mini Polar Mint Medium AW,Unisex,,,,,,,https://cdn.shopify.com/s/files/1/0072/0646/9679/files/velo-mini-polar-mint-medium-aw_f8f3f821-3ecf-4c0c-9494-43a43bad602e.png,,,,,6.90,,1,G,10,IN,3,3,3,,,,
,,VE-2305-1,Unisex,Title,Default Title,,,,,,,,,,6.90,,1,G,10,IN,3,3,3,,,VELO (SK),Mini Polar Mint Medium AW
No.5 Ice Tea Peach X-Strong AW,"<p>Entdecke Après No.5 Ice Tea Peach X-Strong All White – Dein köstlicher Begleiter für ein kräftiges und erfrischendes Nikotinerlebnis. Mit einem Nikotingehalt von 15 mg/g und einer Stärke von 2/5 bietet Dir dieser Snus eine sanfte und langanhaltende Wirkung. Die Slim Pouches sind ideal für den diskreten und komfortablen Genuss.</p>
<p>Après No.5 Ice Tea Peach X-Strong ist ein Genuss für die Sinne. Der Geschmack von süssem Pfirsich und einem Hauch von schwarzem Tee sorgt für ein vollmundiges Eistee-Erlebnis. Es ist fast so, als hättest Du eine grosse Karaffe Eistee direkt in einen weichen kleinen Beutel gegossen.</p>",No.5 Ice Tea Peach X-Strong AW,Unisex,,,,,,,https://cdn.shopify.com/s/files/1/0072/0646/9679/files/apres-no-5-ice-tea-peach-x-strong-aw-2023.png,,,,,5.20,,1,G,26000,IN,3,3,3,,,,
,,AP-5105-1,Unisex,Title,Default Title,,,,,,,,,,5.20,,1,G,26000,IN,3,3,3,,,Après,No.5 Ice Tea Peach X-Strong AW
Mighty Peppermint Intense AW Slim,"<p>Eisdurchdringender, intensiver Geschmack auf salziger Geschmacksbasis. Sie erinnern sich vielleicht unter dem ursprünglichen Namen LYFT Freeze daran.</p>
<p><span>Erlebe mit dem VELO Mighty Peppermint Intense AW eine erfrischende Neuheit! Der altbekannte Velo Freeze Ultra Strong AW wurde aufgewertet und erstrahlt nun unter dem neuen Design. </span></p>
<p>EPOK, LYFT oder VELO?! <br>Weitere Informationen dazu findest Du in <a rel=""noopener noreferrer"" href=""https://snushus.ch/blogs/snusbuch/was-ist-all-white-snus"" target=""_blank"">unserem Blog</a>.</p>",Mighty Peppermint Intense AW Slim,Unisex,,,,,,,https://cdn.shopify.com/s/files/1/0072/0646/9679/files/Velo-Mighty-Peppermint-Intense-Slim-2024.png,,,,,6.90,,1,G,1,IN,3,3,3,,,,
,,VE-5105-1,Unisex,Title,Default Title,,,,,,,,,,6.90,,1,G,1,IN,3,3,3,,,VELO (SK),Mighty Peppermint Intense AW Slim
Mini Crispy Peppermint AW,"<p><span data-mce-fragment=""1"">Erlebe mit dem VELO Crispy Peppermint AW Mini eine erfrischende Neuheit! Der altbekannte Velo Mini Ice Cool Strong AW wurde aufgewertet und erstrahlt nun unter dem neuen Design. </span></p>
<p><span data-mce-fragment=""1"">Die Minibeutel haben den gleichen intensiv kühlenden Minzgeschmack, für den VELO Crispy Peppermint bekannt ist: scharfe Pfefferminze mit einem Hauch von Süsse und Minze.</span></p>",Mini Crispy Peppermint AW,Unisex,,,,,,,https://cdn.shopify.com/s/files/1/0072/0646/9679/files/velo-crispy-peppermint-mini.png,,,,,5.20,0.00,1,G,20,IN,3,3,3,,,,
,,VE-6115-1,Unisex,Title,Default Title,,,,,,,,,,5.20,0.00,1,G,20,IN,3,3,3,,,VELO (SE),Mini Crispy Peppermint AW
White Fox AW,"<meta charset=""utf-8"">
<div class=""item flex "">
<div class=""title"">
<div class=""info"">
<div class=""info"">
<p>Unter der Marke White Fox vertreibt der Produzent von <a href=""https://snushus.ch/collections/odens"" title=""Oden's"">Oden's</a> und <a href=""https://snushus.ch/collections/siberia"" title=""Siberia"">Siberia </a>(GN Tobacco) seine All White Portionsbeutel. Der White Fox kommt mit einem eisigen Minzgeschmack im Slim Beutel.</p>
<p> </p>
<p>Auf aromatisierter Zellulosebasis und völlig frei von Tabak kommen auch die White Fox Beutel im Slim Format. Ohne Tabak bedeutet ohne gewöhnungsbedürftigen Tabakgeruch sowie ohne jegliche Tabakschadstoffe - aktuell gibt es weltweit keine weniger schädliche Art, Nikotin zu konsumieren. All White Snus / Nicotine Pouches bietet sich deshalb vor allem Rauchern an, welche mit Rauchentwöhnung wie Nikotinpflaster, Nikotinkaugummi oder Nikotinspray nichts anfangen können.</p>
</div>
</div>
</div>
</div>
<div class=""item flex ""></div>",White Fox AW,Unisex,,,,,,,https://cdn.shopify.com/s/files/1/0072/0646/9679/products/white-fox-all-white.png,,,,,5.20,,1,G,30,IN,3,3,3,,,,
,,WF-1005-1,Unisex,Title,Default Title,,,,,,,,,,5.20,,1,G,30,IN,3,3,3,,,White Fox,White Fox AW
Blueberry Mint Strong AW,"<p>Dieses XQS-Produkt ist perfekt für alle, die auf der Suche nach einem erfrischenden Geschmack mit einem Hauch von Frucht sind. Du hättest nicht gedacht, dass Blaubeere und Minze eine leckere Kombination sind, aber wir bitten Dich, sie selbst zu probieren! Mit einem grossartigen Geschmack und einem starken Nikotin-Kick werden Deine Geschmacksnerven Kribbeln.</p>
<p>Die Beutel sind ganz weiss und färben nicht auf die Zähne ab. Die Beutel sind schlank und fühlen sich unter der Lippe angenehm an. <span data-mce-fragment=""1"">Die Beutel müssen nicht gekühlt aufbewahrt werden.</span></p>",Blueberry Mint Strong AW,Unisex,,,,,,,https://cdn.shopify.com/s/files/1/0072/0646/9679/files/XQS_Blueberry_Mint_sized_3073c03c-6d2a-43cf-bc9c-966300be9dab.png,,,,,4.20,0.00,1,G,1,IN,3,3,3,,,,
,,XQ-2015-1,Unisex,Title,Default Title,,,,,,,,,,4.20,0.00,1,G,1,IN,3,3,3,,,XQS,Blueberry Mint Strong AW
No.4 Cola X-Strong AW,"<p>Entdecke Après No.4 Cola X-Strong All White Slim– Dein neuer Favorit für ein kräftiges und erfrischendes Nikotinerlebnis. Mit einer Stärke von 5/5 und einem Nikotingehalt von 15 mg/g bietet Dir dieser Snus eine angenehme und langanhaltende Wirkung. Die Slim Beutel enthalten insgesamt 11g Tabakersatz pro Dose und sind ideal für diskreten und bequemen Genuss.</p>
<p>Après No.4 Cola X-Strong AW Slim verspricht einen Geschmack, der die Nostalgie von Cola einfängt, wie wir sie alle kennen und lieben. Dieses sinnliche Erlebnis bietet Dir die perfekte Mischung aus vertrautem Cola-Geschmack und belebender Frische, ein Genuss, der am liebsten nie enden sollte.</p>
<p>Geniesse den nostalgischen Cola-Geschmack von Après No.4 Cola X-Strong All White Slim und erlebe die perfekte Kombination aus Frische und Geschmack. Bestelle jetzt online und entdecke Après für Dich.</p>",No.4 Cola X-Strong AW,Unisex,,,,,,,https://cdn.shopify.com/s/files/1/0072/0646/9679/files/apres-no-4-cola-aw.png,,,,,5.20,0.00,1,G,26000,IN,3,3,3,,,,
,,AP-4105-1,Unisex,Title,Default Title,,,,,,,,,,5.20,0.00,1,G,26000,IN,3,3,3,,,Après,No.4 Cola X-Strong AW
Watermelon AW,"<p>VID ist die neuste Kreation vom Hause Kurbits Snus AB - kräftige Schweizer Aromen treffen auf schwedisches Snus Know How. Herrliches Sommerfeeling verleiht der VID Watermelon All White mit einem fruchtigen Aroma von Wassermelone.</p>
<p>Auf aromatisierter Zellulosebasis und völlig frei von Tabak kommen auch die VID Beutel im Slim Format. Ohne Tabak bedeutet ohne gewöhnungsbedürftigen Tabakgeruch sowie ohne jegliche Tabakschadstoffe - aktuell gibt es weltweit keine weniger schädliche Art, Nikotin zu konsumieren. All White Snus / Nicotine Pouches bietet sich deshalb vor allem Rauchern an, welche mit Rauchentwöhnung wie Nikotinpflaster, Nikotinkaugummi oder Nikotinspray nichts anfangen können.</p>
<div class=""info"">
<div class=""info"">
<div class=""item flex"">
<div class=""title""></div>
</div>
</div>
</div>",Watermelon AW,Unisex,,,,,,,https://cdn.shopify.com/s/files/1/0072/0646/9679/products/VID-watermelon-2023-aw.png,,,,,3.90,,1,G,1,IN,3,3,3,,,,
,,VI-2005-1,Unisex,Title,Default Title,,,,,,,,,,3.90,,1,G,1,IN,3,3,3,,,VID,Watermelon AW
Tropical Strong AW,"XQS Tropical mit einem einzigartigen Design und einem Geschmack, der Dich in tropische Wälder entführt.<br data-mce-fragment=""1"">Tropical wurde im Sommer 2021 als limitierte Auflage herausgebracht, erfreute sich aber so grosser Beliebtheit, dass sie ihren festen Platz in unserem Sortiment bekam und hier bleibt!<br data-mce-fragment=""1"">Die Aromen von Ananas, Passionsfrucht und Mango sorgen für ein köstliches Geschmackserlebnis.<br data-mce-fragment=""1""><br data-mce-fragment=""1"">Die Beutel sind ganz weiss und färben nicht auf die Zähne ab. Die Beutel sind schlank und fühlen sich unter der Lippe angenehm an. Die Beutel müssen nicht gekühlt aufbewahrt werden.",Tropical Strong AW,Unisex,,,,,,,https://cdn.shopify.com/s/files/1/0072/0646/9679/files/xqs-tropical-sized.png,,,,,4.20,0.00,1,G,1,IN,3,3,3,,,,
,,XQ-4015-1,Unisex,Title,Default Title,,,,,,,,,,4.20,0.00,1,G,1,IN,3,3,3,,,XQS,Tropical Strong AW
Twisted Pineapple Strong AW,"<p>Sommer, Sonne, Snus: VELO Twisted Pineapple Strong bringt Dir den Sommer unter die Lippe! Das Aroma ist an den beliebten Drink Piña Colada angelehnt.</p>
<p>Der alt bekannt VELO Carribean Spirit hatte ein rebranding und heisst nun VELO Twisted Pineapple. </p>
<p>EPOK und LYFT heissen neu VELO!</p>
<p>Auf aromatisierter Zellulosebasis und völlig frei von Tabak kommen auch die<span> VELO </span>Beutel im Slim Format. Ohne Tabak bedeutet ohne gewöhnungsbedürftigen Tabakgeruch sowie ohne jegliche Tabakschadstoffe - aktuell gibt es weltweit keine weniger schädliche Art, Nikotin zu konsumieren. All White Snus / Nicotine Pouches bietet sich deshalb vor allem Rauchern an, welche mit Rauchentwöhnung wie Nikotinpflaster, Nikotinkaugummi oder Nikotinspray nichts anfangen können.</p>",Twisted Pineapple Strong AW,Unisex,,,,,,,https://cdn.shopify.com/s/files/1/0072/0646/9679/files/velo-Twisted-Pineapple-Strong-aw_8d042020-f586-469a-b78f-1f3decade286.png,,,,,5.20,0.00,1,G,14,IN,3,3,3,,,,
,,VE-1605-1,Unisex,Title,Default Title,,,,,,,,,,5.20,0.00,1,G,14,IN,3,3,3,,,VELO (SE),Twisted Pineapple Strong AW
Extra Strong OP,"<meta charset=""utf-8"">
<div class=""item flex "">
<div class=""title"">
<div class=""info"">
<p><span>General Extra Stark Original Portion ist ein starker Snus mit kräftigem Tabakgeschmack. Dazu gesellt sich ein leichter Hauch von Citrus sowie Bergamotte und Tee. Als Teil der General-Serie ist dieser Snus ein absoluter Klassiker - hergestellt vom Marktführer Swedish Match.</span></p>
</div>
</div>
</div>
<div class=""item flex ""></div>",Extra Strong OP,Unisex,,,,,,,https://cdn.shopify.com/s/files/1/0072/0646/9679/files/general-extra-strong-portion-2023-design.png,,,,,5.20,,1,G,300,IN,3,3,3,,,,
,,GE-1005-1,Unisex,Title,Default Title,,,,,,,,,,5.20,,1,G,300,IN,3,3,3,,,General,Extra Strong OP
Blueberry Extra Strong AW,<span>Killa Blueberry Extra Strong Slim All White - schlanke Portionen mit süssem Heidelbeeraroma.</span>,Blueberry Extra Strong AW,Unisex,,,,,,,https://cdn.shopify.com/s/files/1/0072/0646/9679/products/2b2751bc8fc359606f682460463ded3a.jpg,,,,,5.20,0.00,1,G,28000,IN,3,3,3,,,,
,,KI-2005-1,Unisex,Title,Default Title,,,,,,,,,,5.20,0.00,1,G,28000,IN,3,3,3,,,Killa,Blueberry Extra Strong AW
Fruit Fusion AW,"<p>VID ist die neuste Kreation vom Hause Kurbits Snus AB - kräftige Schweizer Aromen treffen auf schwedisches Snus Know How. Ein Beeren Aroma wie frisch aus dem Wald gepflückt! Die Nikotinbeutel von VID sind im Slim Format und sorgen für eine diskrete Anwendung.</p>
<p>Auf aromatisierter Zellulosebasis und völlig frei von Tabak kommen auch die VID Beutel im Slim Format. Ohne Tabak bedeutet ohne gewöhnungsbedürftigen Tabakgeruch sowie ohne jegliche Tabakschadstoffe - aktuell gibt es weltweit keine weniger schädliche Art, Nikotin zu konsumieren. All White Snus / Nicotine Pouches bietet sich deshalb vor allem Rauchern an, welche mit Rauchentwöhnung wie Nikotinpflaster, Nikotinkaugummi oder Nikotinspray nichts anfangen können.</p>",Fruit Fusion AW,Unisex,,,,,,,https://cdn.shopify.com/s/files/1/0072/0646/9679/files/VID-Fruit-Fusion-AW-23.png,,,,,3.90,,1,G,1,IN,3,3,3,,,,
,,VI-3005-1,Unisex,Title,Default Title,,,,,,,,,,3.90,,1,G,1,IN,3,3,3,,,VID,Fruit Fusion AW
Melon WP Slim,"<meta charset=""utf-8"">
<div class=""item flex "">
<div class=""title""></div>
</div>
<div class=""item flex "">
<div class=""info"">
<div class=""info"">
<p>Jakobssons Melon Slim White Dry Portion Snus ist ein geschmacksintensiver Snus, der trotz trockener, weisser Beutel durch seinen aromatischen Melonen-Geschmack überzeugt. Durch seinen niedrigen Feuchtigkeitsgehalt und dem hohen Nikotingehalt von 14 mg/g, ist er ein wahres Snus Erlebnis. Eine Dose beinhaltet 20 Beutel.</p>
</div>
<div class=""info"">
<div class=""info"">
<div class=""item flex ""></div>
</div>
</div>
</div>
<div class=""info"">
<div class=""item flex ""></div>
</div>
</div>",Melon WP Slim,Unisex,,,,,,,https://cdn.shopify.com/s/files/1/0072/0646/9679/products/jakobssons-melon-white-slim-portion.png,,,,,4.60,,1,G,30,IN,3,3,3,,,,
,,JK-1015-1,Unisex,Title,Default Title,,,,,,,,,,4.60,,1,G,30,IN,3,3,3,,,Jakobssons,Melon WP Slim
Black Cherry Strong AW,"<p>XQS Black Cherry Strong ist ein aufregendes Erlebnis mit einem süssen und exquisiten Kirschgeschmack, der Ihre Geschmacksnerven auf eine sehr angenehme Weise kitzeln wird. Der Kirschgeschmack ist reichhaltig und detailliert, mit einem scharfen Unterton, um ihn ein wenig aufblitzen zu lassen.</p>
<p>Die Beutel sind ganz weiss und färben nicht auf die Zähne ab. Die Beutel sind schlank und fühlen sich unter der Lippe angenehm an. <span data-mce-fragment=""1"">Die Beutel müssen nicht gekühlt aufbewahrt werden.</span></p>",Black Cherry Strong AW,Unisex,,,,,,,https://cdn.shopify.com/s/files/1/0072/0646/9679/files/XQS_Black_Cherry_sized.png,,,,,4.20,0.00,1,G,1,IN,3,3,3,,,,
,,XQ-1015-1,Unisex,Title,Default Title,,,,,,,,,,4.20,0.00,1,G,1,IN,3,3,3,,,XQS,Black Cherry Strong AW
Super White Polar Eucalyptus Strong No.57 AW,"<meta charset=""utf-8"">
<div class=""item flex"">
<div class=""title""><br></div>
</div>
<div class=""item flex"">
<div class=""info"">
<p><span>Auf aromatisierter Zellulosebasis und völlig frei von Tabak kommen auch die Skruf Super White Beutel im Slim Format. Ohne Tabak bedeutet ohne gewöhnungsbedürftigen Tabakgeruch sowie ohne jegliche Tabakschadstoffe - aktuell gibt es weltweit keine weniger schädliche Art, Nikotin zu konsumieren. All White Snus / Nicotine Pouches bietet sich deshalb vor allem Rauchern an, welche mit Rauchentwöhnung wie Nikotinpflaster, Nikotinkaugummi oder Nikotinspray nichts anfangen können.<br></span></p>
<p> </p>
<p>Der Skruf Super White Polar<span> schmeckt nach Menthol sowie Eukalyptus </span>und hat einen durchschnittlichen<span> </span>Nikotingehalt.</p>
</div>
<div class=""info"">
<div class=""info"">
<div class=""item flex"">
<div class=""title""><br></div>
<div class=""title""><br></div>
</div>
</div>
</div>
</div>",Super White Polar Eucalyptus Strong No.57 AW,Unisex,,,,,,,https://cdn.shopify.com/s/files/1/0072/0646/9679/products/skruf-Polar_eucalyptus-no-57-sized.png,,,,,5.20,,1,G,30,IN,3,3,3,,,,
,,SK-2005-1,Unisex,Title,Default Title,,,,,,,,,,5.20,,1,G,30,IN,3,3,3,,,Skruf,Super White Polar Eucalyptus Strong No.57 AW
Fresh Mint AW,"Starker frischer Pfefferminzgeschmack mit einem hauch an Kräutern. Ström Mint liefert Dir Mittelstarke Kühlung mit lang anhaltendem Geschmack.<br data-mce-fragment=""1""><br>",Fresh Mint AW,Unisex,,,,,,,https://cdn.shopify.com/s/files/1/0072/0646/9679/files/strom-fresh-mint-aw-sized.png,,,,,4.90,0.00,1,G,13,IN,3,3,3,,,,
,,SR-1010-1,Unisex,Title,Default Title,,,,,,,,,,4.90,0.00,1,G,13,IN,3,3,3,,,STRÖM,Fresh Mint AW
No.1 Menthol X-Strong AW,"<p>Tauche ein in das erfrischende Erlebnis von <a href=""https://snushus.ch/collections/apres-snus"">Après</a> No.1 Menthol Extra Strong All White – Dein starker Partner für ein belebendes Nikotinerlebnis. Mit einem hohen Nikotingehalt von 15 mg/g und einer Stärke von 3/5 liefert dieser Snus eine kräftige und anhaltende Wirkung. Die Dose enthält 20 Beutel, die ideal für den täglichen Gebrauch und den diskreten Genuss unterwegs sind.</p>
<p>Après No.1 Menthol Extra Strong ist genau das, wonach Du suchst – ein erfrischendes Mentholerlebnis, das ein frisches Gefühl auf den Lippen hinterlässt. Klappe den Deckel auf, lehne Dich zurück und geniesse die Kraft der Zermatter Bergwelt. Der kraftvolle Mentholgeschmack und die starke Nikotinwirkung machen diesen Snus zur perfekten Wahl für jeden Moment.</p>
<p>Geniesse den intensiven Mentholgeschmack von Après No.1 Menthol Extra Strong All White und erlebe die perfekte Kombination aus Stärke und Frische. Bestelle jetzt online und entdecke, warum Après die bevorzugte Wahl für Snus-Liebhaber ist. Gönn Dir diesen starken und belebenden Genuss und bringe Frische in Deinen Alltag!</p>",No.1 Menthol X-Strong AW,Unisex,,,,,,,https://cdn.shopify.com/s/files/1/0072/0646/9679/files/apres-no-1-mentol-extra-strong-aw.png,,,,,5.20,,1,G,1,IN,3,3,3,,,,
,,AP-1005-1,Unisex,Title,Default Title,,,,,,,,,,5.20,,1,G,1,IN,3,3,3,,,Après,No.1 Menthol X-Strong AW
Twin Apple Strong AW,"<p>XQS Twin Apple bietet einen ausgeprägten Apfelgeschmack, was sie ideal für alle macht, die einen fruchtigen Kick mögen. Das Produkt wird Ihre Geschmacksknospen garantiert zum Kribbeln bringen!</p>
<p>Die Beutel sind schlank und fühlen sich unter der Lippe angenehm an. Die Beutel müssen nicht gekühlt aufbewahrt werden.</p>",Twin Apple Strong AW,Unisex,,,,,,,https://cdn.shopify.com/s/files/1/0072/0646/9679/files/XQS_Twin_Apple_sized.png,,,,,4.20,0.00,1,G,1,IN,3,3,3,,,,
,,XQ-5015-1,Unisex,Title,Default Title,,,,,,,,,,4.20,0.00,1,G,1,IN,3,3,3,,,XQS,Twin Apple Strong AW
Orange Apple Strong AW,"<p>XQS Orange Apple Strong hat eine Kombination aus frischem Orangen- und Apfelgeschmack mit einem perfekten Feuchtigkeitsgrad, um die kontrollierte Freisetzung von Geschmack und Nikotin zu ermöglichen.</p>
<p>Die Beutel sind ganz weiss und färben nicht auf die Zähne ab. Die Beutel sind schlank und fühlen sich unter der Lippe angenehm an. <span data-mce-fragment=""1"">Die Beutel müssen nicht gekühlt aufbewahrt werden.</span></p>
<p><br></p>",Orange Apple Strong AW,Unisex,,,,,,,https://cdn.shopify.com/s/files/1/0072/0646/9679/files/XQS_Orange_Apple_sized.png,,,,,4.20,0.00,1,G,1,IN,3,3,3,,,,
,,XQ-3015-1,Unisex,Title,Default Title,,,,,,,,,,4.20,0.00,1,G,1,IN,3,3,3,,,XQS,Orange Apple Strong AW
XRANGE Strong WP Slim,"<meta charset=""utf-8"">
<div class=""item flex"">
<div class=""title"">
<div class=""info"">
<p>Der XRANGE General Slim Strong White ist ein Klassiker vom Hersteller Swedish Match, welcher immer für hohe Qualität steht. Dieser Snus ist hell und trocken auf der Aussenseite des Beutels und rinnt damit sehr wenig. Auf der Innenseite ist der Snus angenehm feucht und erlaubt damit die Wahrnehmung vom würzigen Tabakgeschmack mit Spuren von Citrus und Bergamotte sowie Tee. </p>
</div>
</div>
</div>
<div class=""item flex""></div>",XRANGE Strong WP Slim,Unisex,,,,,,,https://cdn.shopify.com/s/files/1/0072/0646/9679/files/general-xrange-strong-white-portion-2023.png,,,,,5.20,,1,G,30,IN,3,3,3,,,,
,,GE-3015-1,Unisex,Title,Default Title,,,,,,,,,,5.20,,1,G,30,IN,3,3,3,,,General,XRANGE Strong WP Slim
Juicy Berry AW,"Anfänglich saftige und zitrusartige Frische kombiniert mit Melonenfruchtigkeit und Süsse, gefolgt von einem frischen und fruchtigen Beerengeschmack.",Juicy Berry AW,Unisex,,,,,,,https://cdn.shopify.com/s/files/1/0072/0646/9679/files/strom-juicy-berry-aw-sized.png,,,,,4.90,0.00,1,G,13,IN,3,3,3,,,,
,,SR-2010-1,Unisex,Title,Default Title,,,,,,,,,,4.90,0.00,1,G,13,IN,3,3,3,,,STRÖM,Juicy Berry AW
Strong Cola WP Slim,"<meta charset=""utf-8"">
<div class=""item flex"">
<div class=""title""></div>
</div>
<div class=""item flex"">
<div class=""info"">
<div class=""info"">
<p>Mit einer Mischung von intensivem Cola-Geschmack und traditionellem Snus, bietet dieser Snus für alle Snus-Liebhaber etwas! Es ist ein trockener White Portion Snus und die Beutel kommen in dieser Variante im Slim Format. Mit gemässigten 14 mg/g Nikotin ist es ein angenehmer Snus für den alltäglichen Gebrauch.</p>
</div>
<div class=""info"">
<div class=""info"">
<div class=""item flex""></div>
</div>
</div>
</div>
<div class=""info"">
<div class=""item flex""></div>
</div>
</div>",Strong Cola WP Slim,Unisex,,,,,,,https://cdn.shopify.com/s/files/1/0072/0646/9679/products/jakobssons-strong-cola-white-portion.png,,,,,4.60,,1,G,30,IN,3,3,3,,,,
,,JK-2015-1,Unisex,Title,Default Title,,,,,,,,,,4.60,,1,G,30,IN,3,3,3,,,Jakobssons,Strong Cola WP Slim
Cold Mint Extra Strong AW,<span>Killa Cold Mint Extra Strong Slim All White - schlanke Portionen mit kühlendem Minzgeschmack.</span>,Cold Mint Extra Strong AW,Unisex,,,,,,,https://cdn.shopify.com/s/files/1/0072/0646/9679/products/c3a9d8486e1d81d69a40a5851c68db83.jpg,,,,,5.20,0.00,1,G,28000,IN,3,3,3,,,,
,,KI-1005-1,Unisex,Title,Default Title,,,,,,,,,,5.20,0.00,1,G,28000,IN,3,3,3,,,Killa,Cold Mint Extra Strong AW
Minty Orange AW,"Die kühlende Frische der Minze kombiniert mit saftigem, bittersüssem Orangenaroma und Noten von Orangenschalen.",Minty Orange AW,Unisex,,,,,,,https://cdn.shopify.com/s/files/1/0072/0646/9679/files/strom-minty-orange-aw-sized.png,,,,,4.90,0.00,1,G,13,IN,3,3,3,,,,
,,SR-3010-1,Unisex,Title,Default Title,,,,,,,,,,4.90,0.00,1,G,13,IN,3,3,3,,,STRÖM,Minty Orange AW
Soldat WP,"<meta charset=""utf-8"">
<div class=""item flex "">
<div class=""title""></div>
</div>
<div class=""item flex "">
<div class=""info"">
<p>Ein Snus mit klarem und frischem Geschmack. Er erhebt sich nicht, ist nicht aufdringlich und beeinträchtigt nicht Ihre Geschmacksknospen. Der Soldat ist da. Sicher, stabil und zur richtigen Zeit am richtigen Ort.</p>
</div>
<div class=""info"">
<div class=""info""></div>
</div>
</div>",Soldat WP,Unisex,,,,,,,https://cdn.shopify.com/s/files/1/0072/0646/9679/products/soldat-white-portion.png,,,,,3.90,,1,G,30,IN,3,3,3,,,,
,,SO-1005-1,Unisex,Title,Default Title,,,,,,,,,,3.90,,1,G,30,IN,3,3,3,,,Soldat,Soldat WP
Xtra Stark No.24 WP,"<meta charset=""utf-8"">
<div class=""item flex"">
<div class=""title""></div>
</div>
<div class=""item flex"">
<div class=""info"">
<p><span></span><span>Skruf Xtra Stark White Portion ist ein starker Snus mit klassischem Tabakgeschmack - und deshalb Liebhabern zu empfehlen. Hergestellt wird dieser Snus von Skruf in Schweden und gehört zu den beliebtesten Produkten des Konzerns.</span></p>
<p> </p>
<p><span>Der Artikel erscheint in einem neuen Design, hat jedoch die selbe Rezeptur wie der alt bekannte Skruf Xtra Stark WP</span></p>
</div>
<div class=""info"">
<div class=""info"">
<div class=""item flex"">
<div class=""title""><br></div>
</div>
</div>
</div>
</div>",Xtra Stark No.24 WP,Unisex,,,,,,,https://cdn.shopify.com/s/files/1/0072/0646/9679/products/skrufXtraStarkWhite.png,,,,,5.20,,1,G,30,IN,3,3,3,,,,
,,SK-6005-1,Unisex,Title,Default Title,,,,,,,,,,5.20,,1,G,30,IN,3,3,3,,,Skruf,Xtra Stark No.24 WP
Peppermint AW,"<meta charset=""utf-8"">
<div class=""item flex"">
<div class=""title"">
<div class=""info"">
<div class=""info"">
<p>Unter der Marke White Fox vertreibt der Produzent von <a href=""https://snushus.ch/collections/odens"" title=""Oden's"">Oden's</a> und <a href=""https://snushus.ch/collections/siberia"" title=""Siberia"">Siberia </a>(GN Tobacco) seine All White Portionsbeutel. Der White Fox kommt mit einem eisigen Minzgeschmack im Slim Beutel.</p>
<p> </p>
<p>Auf aromatisierter Zellulosebasis und völlig frei von Tabak kommen auch die White Fox Beutel im Slim Format. Ohne Tabak bedeutet ohne gewöhnungsbedürftigen Tabakgeruch sowie ohne jegliche Tabakschadstoffe - aktuell gibt es weltweit keine weniger schädliche Art, Nikotin zu konsumieren. All White Snus / Nicotine Pouches bietet sich deshalb vor allem Rauchern an, welche mit Rauchentwöhnung wie Nikotinpflaster, Nikotinkaugummi oder Nikotinspray nichts anfangen können.</p>
</div>
</div>
</div>
</div>
<div class=""item flex""></div>",Peppermint AW,Unisex,,,,,,,https://cdn.shopify.com/s/files/1/0072/0646/9679/products/fe93b5a36240d50c4d88c4598d1928d1.jpg,,,,,5.20,0.00,1,G,30000,IN,3,3,3,,,,
,,WF-4005-1,Unisex,Title,Default Title,,,,,,,,,,5.20,0.00,1,G,30000,IN,3,3,3,,,White Fox,Peppermint AW
Fresh Cola AW,"<p>VID ist die neuste Kreation vom Hause Kurbits Snus AB - kräftige Schweizer Aromen treffen auf schwedisches Snus Know How. Eine Abwechslung zu allen Nikotinbeuteln welche es bisher gab: VID Fresh Cola ist, wie der Name schon sagt, ein All White Snus mit Cola Geschmack! Ein unbeschreibliches Geschmackserlebnis.</p>
<p>Auf aromatisierter Zellulosebasis und völlig frei von Tabak kommen auch die VID Beutel im Slim Format. Ohne Tabak bedeutet ohne gewöhnungsbedürftigen Tabakgeruch sowie ohne jegliche Tabakschadstoffe - aktuell gibt es weltweit keine weniger schädliche Art, Nikotin zu konsumieren. All White Snus / Nicotine Pouches bietet sich deshalb vor allem Rauchern an, welche mit Rauchentwöhnung wie Nikotinpflaster, Nikotinkaugummi oder Nikotinspray nichts anfangen können.</p>",Fresh Cola AW,Unisex,,,,,,,https://cdn.shopify.com/s/files/1/0072/0646/9679/products/VID-Fresh-Cola-AW.png,,,,,3.90,,1,G,1,IN,3,3,3,,,,
,,VI-5005-1,Unisex,Title,Default Title,,,,,,,,,,3.90,,1,G,1,IN,3,3,3,,,VID,Fresh Cola AW
Sour Cola Strong AW,"<p>VID ist die neuste Kreation vom Hause Kurbits Snus AB - kräftige Schweizer Aromen treffen auf schwedisches Snus Know How. Eine Abwechslung zu allen Nikotinbeuteln welche es bisher gab: VID Sour Cola strong  ist, wie der Name schon sagt, ein All White Snus mit Cola Geschmack! Ein unbeschreibliches Geschmackserlebnis.</p>
<p>Auf aromatisierter Zellulosebasis und völlig frei von Tabak kommen auch die VID Beutel im Slim Format. Ohne Tabak bedeutet ohne gewöhnungsbedürftigen Tabakgeruch sowie ohne jegliche Tabakschadstoffe - aktuell gibt es weltweit keine weniger schädliche Art, Nikotin zu konsumieren. All White Snus / Nicotine Pouches bietet sich deshalb vor allem Rauchern an, welche mit Rauchentwöhnung wie Nikotinpflaster, Nikotinkaugummi oder Nikotinspray nichts anfangen können.</p>
<p><span>Neues Design gleicher Geschmack! Der VID Sour Cola Strong ersezt den alt bekannten VID Fresh Cola Strong.</span></p>",Sour Cola Strong AW,Unisex,,,,,,,https://cdn.shopify.com/s/files/1/0072/0646/9679/files/VID_Sour_Cola_Strong_sized.png,,,,,3.90,0.00,1,G,14,IN,3,3,3,,,,
,,VI-5105-1,Unisex,Title,Default Title,,,,,,,,,,3.90,0.00,1,G,14,IN,3,3,3,,,VID,Sour Cola Strong AW
Onyx WP,"<meta charset=""utf-8"">
<div class=""item flex "">
<div class=""title"">
<div class=""info"">
<p><span>General Onyx White Portion - ein absoluter Klassiker und Premium Snus. Der Name ist etwas verwirrend, da dieses Produkt zwar als White Portion gilt; die Beutel sind aber als einziges Produkt auf dem Markt komplett schwarz, weil anstelle von klassischem Papier ein schwarzes Papier verwendet wird. Ausser der optischen Auffälligkeit ergibt sich aber kein Unterschied zu normalen White Portion Snus.</span></p>
<p><span>Mit dem Design der Dose, dem rustikalen Tabakgeschmack und den ringförmig angeordneten Beutel gehört General Onyx zu den wahrscheinlich besten Snusprodukten auf dem Markt.</span></p>
</div>
</div>
</div>
<div class=""item flex ""></div>",Onyx WP,Unisex,,,,,,,https://cdn.shopify.com/s/files/1/0072/0646/9679/products/general-onyx-silver-white-portion.png,,,,,5.20,,1,G,30,IN,3,3,3,,,,
,,GE-2005-1,Unisex,Title,Default Title,,,,,,,,,,5.20,,1,G,30,IN,3,3,3,,,General,Onyx WP
No.6 Appletini X-Strong AW,"<p>Entdecke Après No.6 Appletini X-Strong All White – Dein idealer Begleiter für ein erfrischendes und sanftes Nikotinerlebnis. Mit einer Stärke von 5/5 und einem Nikotingehalt von 15 mg/g bietet Dir dieser Snus eine angenehme und langanhaltende Wirkung.</p>
<p>Gib Deiner Nacht einen Cocktail-Kick mit Appletini von Après. Geniesse den unglaublichen Geschmack saftiger Äpfel und probiere den knackigen und fruchtig-kräftigen Extrakt. Dieses erfrischende Aroma sorgt dafür, dass Deine Nacht zu einem unvergesslichen Erlebnis wird!</p>
<p>Geniesse den fruchtigen Apfelgeschmack von Après No.6 Appletini X-Strong All White und erlebe die perfekte Kombination aus Frische und Leichtigkeit. Gönn Dir diesen spritzigen und belebenden Genuss.</p>",No.6 Appletini X-Strong AW,Unisex,,,,,,,https://cdn.shopify.com/s/files/1/0072/0646/9679/files/apres-no-6-appletini-aw.png,,,,,5.20,,1,G,13,IN,3,3,3,,,,
,,AP-9005-1,Unisex,Title,Default Title,,,,,,,,,,5.20,,1,G,13,IN,3,3,3,,,Après,No.6 Appletini X-Strong AW
Vanilla Pear Strong AW,"Der Sommer ist eine fantastische Zeit voller Sonne, Strand und eisigem Birneneis. Auch wenn wir nicht das ganze Jahr über sonnige Sommertage haben können, können wir dieses Gefühl überall hin mitnehmen. Sonnengereifte Birnen, die zusammen mit klaren Vanilletönen einen wunderbaren Geschmack und eine Weichheit erzeugen, die uns an Freizeit, Spiel und Wärme erinnern.<br data-mce-fragment=""1""><br data-mce-fragment=""1""><br data-mce-fragment=""1"">Bei VID <span data-mce-fragment=""1"">Vanilla Pear Strong</span> wollten wir den Geschmack von köstlichem Birneneis hervorheben, einen Geschmack, den viele Menschen kennen und mögen. Die Aromen oszillieren zwischen Birnen-Vanille und Säure auf eine Weise, die herausfordernd ist, wenn es darum geht, was mit Aromen für Nikotinbeutel gemacht werden kann. Der weiche Geschmack und die angenehme Nikotinstärke machen <span data-mce-fragment=""1"">VID Vanilla Pear Strong</span> zum perfekten Produkt für diejenigen, die täglich Nikotinbeutel verwenden möchten, oder für diejenigen, die einen milden Nikotinbeutel wünschen, wenn das Verlangen nach Nikotin zu groß wird.<br>",Vanilla Pear Strong AW,Unisex,,,,,,,https://cdn.shopify.com/s/files/1/0072/0646/9679/files/VID-vanilla-pear-sized.png,,,,,3.90,0.00,1,G,14,IN,3,3,3,,,,
,,VI-8105-1,Unisex,Title,Default Title,,,,,,,,,,3.90,0.00,1,G,14,IN,3,3,3,,,VID,Vanilla Pear Strong AW
Minty Lemon AW,"<p>VID ist die neuste Kreation vom Hause Kurbits Snus AB - kräftige Schweizer Aromen treffen auf schwedisches Snus Know How. Ein kühles Zitrusaroma trifft auf 12 mg/g Nikotingehalt. Die Slim Nikotinbeutel stören kaum unter der Lippe. Ein perfektes Produkt für die Rauchentwöhnung! </p>
<p>Auf aromatisierter Zellulosebasis und völlig frei von Tabak kommen auch die VID Beutel im Slim Format. Ohne Tabak bedeutet ohne gewöhnungsbedürftigen Tabakgeruch sowie ohne jegliche Tabakschadstoffe - aktuell gibt es weltweit keine weniger schädliche Art, Nikotin zu konsumieren. All White Snus / Nicotine Pouches bietet sich deshalb vor allem Rauchern an, welche mit Rauchentwöhnung wie Nikotinpflaster, Nikotinkaugummi oder Nikotinspray nichts anfangen können.</p>
<p>Der altbekannte VID Cool Citrus mit neuem Namen!</p>",Minty Lemon AW,Unisex,,,,,,,https://cdn.shopify.com/s/files/1/0072/0646/9679/files/Vid-ruby-rasperry-sized.png,,,,,3.90,,1,G,1,IN,3,3,3,,,,
,,VI-4005-1,Unisex,Title,Default Title,,,,,,,,,,3.90,,1,G,1,IN,3,3,3,,,VID,Minty Lemon AW
Ice Mango AW DUOPACK,"<span data-mce-fragment=""1"">Der DOPE Ice Mango Strong ist eine saftige Mischung aus dem eisigen Gefühl von DOPE und dem unverwechselbaren fruchtigen Geschmack von Mango. Die DOPE RUSH Instant Kick Technologie setzt das Nikotin mit intensivem und kraftvollem Kick frei. Wenn Du einen erfrischenden Geschmack mit garantiertem Kick willst, ist Deine Wahl DOPE! Jede Dose enthält 22 Nikotinbeutel im Slimformat.</span>",Ice Mango AW DUOPACK,Unisex,,,,,,,https://cdn.shopify.com/s/files/1/0072/0646/9679/products/dope_ice_mango_strong_edition.jpg,,,,,5.90,0.00,1,G,15,IN,3,3,3,,,,
,,DO-1020-1,Unisex,Title,Default Title,,,,,,,,,,5.90,0.00,1,G,15,IN,3,3,3,,,DOPE,Ice Mango AW DUOPACK
Loose Extra Strong,"<meta charset=""utf-8"">
<div class=""item flex"">
<div class=""title"">
<div class=""info"">
<p>General Extra Stark Lös Snus / Loose Snus ist DAS ursprüngliche Snusprodukt, welches seit mehr als 200 Jahren produziert wird. Der kräftige Tabakgeschmack mit Spuren von Zitrusfrüchten, Bergamotte, Tee, getrockneten Gräser und Leder überzeugt durch seine natürliche Art. Ein Lös Snus, der einfach zu kneten ist und als absoluter Klassiker jedem Snus-Connoisseur zu empfehlen ist!</p>
</div>
</div>
</div>
<div class=""item flex""></div>",Loose Extra Strong,Unisex,,,,,,,https://cdn.shopify.com/s/files/1/0072/0646/9679/products/general-extra-strong-loose.png,,,,,5.90,0.00,1,G,300,IN,3,3,3,,,,
,,GE-4005-1,Unisex,Title,Default Title,,,,,,,,,,5.90,0.00,1,G,300,IN,3,3,3,,,General,Loose Extra Strong
Mojito Strawberry Pink AW Slim,"<span>VIKA Mojito Strawberry Pink ist ein all-white Snus. D.h. sowohl die Beutel als auch deren Inhalt sind weiss. Der Geschmack ist vom ersten Moment an interessant und bei vielen sehr beliebt. Er hat einen leicht süssen Erdbeergeschmack und ist gleichzeitig erfrischend. Der Kick kommt nach ca. 15 Sekunden und gibt dem Gehirn einen guten Nikotin-Rausch. VIKA Mojito Strawberry Pink ist speziell für rauchende Frauen entwickelt worden, um diese vom Rauchen abzuhalten und ihnen die Erleichterung und den Geschmack einer guten Pause zu geben.</span>",Mojito Strawberry Pink AW Slim,Unisex,,,,,,,https://cdn.shopify.com/s/files/1/0072/0646/9679/products/VIKA_Mojito_sized.jpg,,,,,5.20,0.00,1,G,12,IN,3,3,3,,,,
,,VK-4010-1,Unisex,Title,Default Title,,,,,,,,,,5.20,0.00,1,G,12,IN,3,3,3,,,Vika,Mojito Strawberry Pink AW Slim
Lime Smash AW DUOPACK,"<span data-mce-fragment=""1"">Der DOPE Lime Smash Strong ist eine exotische Mischung aus dem eisigen Gefühl von DOPE und dem süsslichen Geschmack von Limette. Die DOPE RUSH Instant Kick Technologie setzt das Nikotin mit intensivem und kraftvollem Kick frei. Wenn Du einen erfrischenden Geschmack mit garantiertem Kick willst, ist Deine Wahl DOPE! Jede Dose enthält 22 Nikotinbeutel im Slimformat.</span>",Lime Smash AW DUOPACK,Unisex,,,,,,,https://cdn.shopify.com/s/files/1/0072/0646/9679/products/Dope_Lime_Smash_Strong_Edition.jpg,,,,,5.90,,1,G,15,IN,3,3,3,,,,
,,DO-2020-1,Unisex,Title,Default Title,,,,,,,,,,5.90,,1,G,15,IN,3,3,3,,,DOPE,Lime Smash AW DUOPACK
Bouhlel Rouge Bentchikou,"Makla Bouhlel Rouge Bentchikou oder abgekürzt Makla Rouge genannt, ist der stärkste Sorte der Makla-Reihe. In Belgien hergestellt kommt dieser Kautabak mit einem kräfiten und vollen Aroma. Makla Kautabake werden alle ohne künstliche Aroma- und Zusatzstoffe nach traditionellen Rezepturen hergestellt. Nimm mit den Fingern eine Portion heraus und kneten es zu einer kleinen Kugel. Platziere die Kugel dann unter Deiner Oberlippe. Der Makla Kautabak entfaltet seine volle Wirkung nach ca. 15 bis 60 Minuten.",Bouhlel Rouge Bentchikou,Unisex,,,,,,,https://cdn.shopify.com/s/files/1/0072/0646/9679/files/Makla_Bouhlel_Bentchikousized.png,,,,,5.00,0.00,1,G,40000,IN,3,3,3,,,,
,,MA-2000-1,Unisex,Title,Default Title,,,,,,,,,,5.00,0.00,1,G,40000,IN,3,3,3,,,Makla,Bouhlel Rouge Bentchikou
Morgondagg WP,"<meta charset=""utf-8"">
<div class=""item flex "">
<div class=""title""></div>
</div>
<div class=""item flex "">
<div class=""info"">
<p>Im Kurbits Morgondagg (Morgentau) finden wir die Düfte und Erwartungen eines milden Mittsommermorgens. Blumen, Süße, Lakritz und eine vertraute Kühle von einem Morgen, der nicht wirklich von den Sonnenstrahlen erwärmt wurde. Der Tabak wurde gemischt und verarbeitet, um sich leicht, ansprechend und frisch anzufühlen.</p>
</div>
<div class=""info"">
<div class=""info""></div>
</div>
</div>",Morgondagg WP,Unisex,,,,,,,https://cdn.shopify.com/s/files/1/0072/0646/9679/products/kurbits-morgondagg-white-portion.png,,,,,3.90,,1,G,30,IN,3,3,3,,,,
,,KU-1005-1,Unisex,Title,Default Title,,,,,,,,,,3.90,,1,G,30,IN,3,3,3,,,Kurbits,Morgondagg WP
Blå WP,"Die One-Serie von Swedish Match soll die Klassiker ehren: Inspiert von Göteborgs Rapé wurde der ONE Blå White Portion entwickelt. Der Geschmack kommt mit einer Note von Wacholder, wobei der traditionelle Tabakgeschmack nicht zu kurz kommt. Dieser Snus hat eine Stärke von 13 mg/g Nikotin.",Blå WP,Unisex,,,,,,,https://cdn.shopify.com/s/files/1/0072/0646/9679/products/one-bla-white-portion.png,,,,,4.90,0.00,1,G,1,IN,3,3,3,,,,
,,OE-3005-1,Unisex,Title,Default Title,,,,,,,,,,4.90,0.00,1,G,1,IN,3,3,3,,,ONE,Blå WP
Fäbodsnus WP,"<meta charset=""utf-8"">
<div class=""item flex "">
<div class=""title""></div>
</div>
<div class=""item flex "">
<div class=""info"">
<p>Der Kurbits Fäbodsnus (Bauernhof-Snus) vereint die traditionellen Aromen und Düfte der Älteren Generationen des Snushandwerks. Ein klarer Geschmack aus rustikalem Tabak trifft auf sonnenverwöhnte Blumenwiesen und klare Noten von Süsse und Vanille. Die nüchternen, aber auch praktischen Gegebenheiten der Landwirtschaft und ihre abegehärteten Besitzer geben die Inspiration für einen Snus mit einem sehr ausgeprägten Geschmack und Geruch.</p>
</div>
<div class=""info"">
<div class=""info""></div>
</div>
</div>",Fäbodsnus WP,Unisex,,,,,,,https://cdn.shopify.com/s/files/1/0072/0646/9679/products/kurbits-fabodsnus-white-portion.png,,,,,3.90,,1,G,30,IN,3,3,3,,,,
,,KU-2005-1,Unisex,Title,Default Title,,,,,,,,,,3.90,,1,G,30,IN,3,3,3,,,Kurbits,Fäbodsnus WP
Cactus Sour Strong  AW,"<p>Entdecke <a href=""https://snushus.ch/collections/xqs-snus"" data-mce-href=""https://snushus.ch/collections/xqs-snus"">XQS</a> Cactus Sour Strong All White – Dein perfekter Begleiter für ein exotisches und starkes Nikotinerlebnis. Mit einem erfrischenden Kaktusgeschmack und einer Stärke von 4/5 bietet Dir dieser Snus eine intensive und langanhaltende Wirkung. Die Slim Beutel sind gefüllt mit 16 mg/g Nikotin und sorgen für ein diskretes und angenehmes Genuss-Erlebnis.</p>
<p>XQS Cactus Sour Strong All White ist eine Marke aus Schweden und steht für höchste Qualität und innovativen Geschmack. Auf aromatisierter Zellulosebasis und völlig frei von Tabak kommen die XQS Beutel im Slim Format. Ohne Tabak bedeutet kein gewöhnungsbedürftiger Tabakgeruch sowie keine Tabakschadstoffe – weltweit gibt es aktuell keine weniger schädliche Art, Nikotin zu konsumieren.</p>
<p>Erlebe die exotische Frische von XQS Cactus Sour Strong All White und geniesse die Vorteile eines tabakfreien Nikotinerlebnisses. Bestelle jetzt online und entdecke, warum XQS die bevorzugte Wahl für Snus-Liebhaber ist. Gönn Dir diesen starken und erfrischenden Genuss und bringe eine neue Geschmacksrichtung in Deinen Alltag!</p>
<!---->",Cactus Sour Strong  AW,Unisex,,,,,,,https://cdn.shopify.com/s/files/1/0072/0646/9679/files/XQS_Cactussour_3faff14a-a1dc-4989-b399-7ca50743988a.png,,,,,4.20,0.00,1,G,1,IN,3,3,3,,,,
,,XQ-3115-1,Unisex,Title,Default Title,,,,,,,,,,4.20,0.00,1,G,1,IN,3,3,3,,,XQS,Cactus Sour Strong  AW
Crushed Ice WP,"<meta charset=""utf-8"">
<div class=""item flex"">
<div class=""title"">
<div class=""info"">
<p>Der Klassiker schlechthin von Nick &amp; Johnny! Der Crushed Ice White Portion kommt mit einer Minz, Menthol-Frische welche in Schweden auf grossen Anklang stösst. Von Swedish Matach produziert kommt dieser White Portion Snus mit 12 mg/g Nikotin.</p>
</div>
</div>
</div>
<div class=""item flex""></div>",Crushed Ice WP,Unisex,,,,,,,https://cdn.shopify.com/s/files/1/0072/0646/9679/products/1636553557380422_nick-johnny-crushed-ice-xtra-strong-white-portion.jpg,,,,,5.90,0.00,1,G,1,IN,3,3,3,,,,
,,NJ-3005-1,Unisex,Title,Default Title,,,,,,,,,,5.90,0.00,1,G,1,IN,3,3,3,,,Nick & Johnny,Crushed Ice WP
Arctic Freeze Ultra AW,"<p>Geniesse den starken, erfrischenden Pfefferminzgeschmack mit dem neuen All White Snus aus Schweden! Mit einer Stärke von 6 von 5 bietet dieser Snus ein unglaublich intensives Erlebnis. Tauche ein in den intensiven, eisigen, kühlenden Geschmack und spüre das erfrischende Gefühl auf deiner Zunge. Eine leichte, süsse Note rundet das Geschmackserlebnis ab.</p>
<p>Mit einem Nikotingehalt von 16 mg/g bietet dieser Snus eine starke Wirkung, die dich den ganzen Tag begleiten wird. Jede Dose enthält 14 g Tabakersatz, verteilt auf 20 Slim-Beutel, die diskret und bequem zu verwenden sind.</p>
<p>Dieser Snus aus Schweden ist die perfekte Wahl für alle, die ein intensives und erfrischendes Geschmackserlebnis suchen. Probiere es jetzt und erlebe die einzigartige Qualität und den Geschmack, für den Snus aus Schweden bekannt ist!</p>
<!---->",Arctic Freeze Ultra AW,Unisex,,,,,,,https://cdn.shopify.com/s/files/1/0072/0646/9679/files/XQS_Arctic_Freeze_Ultra_03_b1464f2f-7166-4e4c-9de7-b264fe7514b0.png,,,,,4.20,0.00,1,G,1,IN,3,3,3,,,,
,,XQ-6015-1,Unisex,Title,Default Title,,,,,,,,,,4.20,0.00,1,G,1,IN,3,3,3,,,XQS,Arctic Freeze Ultra AW
Chili Mango X-Strong AW,"<p><span>Erlebe den aufregenden Geschmack von Chili und Mango im neuen X-Strong All White Snus. Perfekt für Liebhaber von süssen und scharfen Aromen, unser Snus bietet Dir ein einzigartiges Geschmackserlebnis, das Du nicht verpassen sollten. Probiere es jetzt aus und entdecke den neuen Trend der Snus-Welt.</span></p>
<!---->",Chili Mango X-Strong AW,Unisex,,,,,,,https://cdn.shopify.com/s/files/1/0072/0646/9679/files/XQS_Chili_Mango_03_5f92989c-b8f5-45b6-b748-0687e550afee.png,,,,,4.20,0.00,1,G,1,IN,3,3,3,,,,
,,XQ-7015-1,Unisex,Title,Default Title,,,,,,,,,,4.20,0.00,1,G,1,IN,3,3,3,,,XQS,Chili Mango X-Strong AW
Ice Cool AW DUOPACK,"Der DOPE Ice COOL Strong hat den Geschmack von eisiger Minze. Die DOPE RUSH Instant Kick Technologie setzt das Nikotin mit intensivem und kraftvollem Kick frei. Wenn Du einen erfrischenden Geschmack mit garantiertem Kick willst, ist Deine Wahl DOPE! Jede Dose enthält 22 Nikotinbeutel im Slimformat.",Ice Cool AW DUOPACK,Unisex,,,,,,,https://cdn.shopify.com/s/files/1/0072/0646/9679/products/dope_ice_cool_strong_edition_doppelpack_sized.png,,,,,5.90,0.00,1,G,15,IN,3,3,3,,,,
,,DO-3020-1,Unisex,Title,Default Title,,,,,,,,,,5.90,0.00,1,G,15,IN,3,3,3,,,DOPE,Ice Cool AW DUOPACK
No.3 Lemon Curd X-Strong AW,"<p>Erlebe Après No.3 Lemon Curd X-Strong All White – Dein erfrischender Begleiter für ein kräftiges und belebendes Nikotinerlebnis. Mit einem Nikotingehalt von 15 mg/g und einer Stärke von 4/5 bietet Dir dieser Snus eine angenehme und langanhaltende Wirkung. Die 20 Slim Beutel enthalten insgesamt 11g Tabakersatz und sorgen für einen diskreten und komfortablen Genuss. Der Klassiker von <span data-mce-fragment=""1"">Après n</span>un auch in Extra Stark erhältlich.</p>
<p>Après No.3 Lemon Curd X-Strong AW wurde entwickelt, um das Gefühl einer frisch gepflückten Zitrone aus den Feldern Argentiniens einzufangen. Der intensive, frische Duft beim Öffnen der Dose sorgt für eine sensorische Explosion und bietet Dir die perfekte Mischung aus süss und sauer.</p>
<p>Geniesse den erfrischenden Zitronengeschmack von Après No.3 Lemon Curd All White. Gönn Dir diesen spritzigen und belebenden Genuss und bringe neue Frische in Deinen Alltag!</p>",No.3 Lemon Curd X-Strong AW,Unisex,,,,,,,https://cdn.shopify.com/s/files/1/0072/0646/9679/files/apres-no-3-Lemon-Curd-x-strong-aw.png,,,,,5.20,0.00,1,G,13,IN,3,3,3,,,,
,,AP-3105-1,Unisex,Title,Default Title,,,,,,,,,,5.20,0.00,1,G,13,IN,3,3,3,,,Après,No.3 Lemon Curd X-Strong AW
Vit WP,"<meta charset=""utf-8"">
<div class=""item flex"">
<div class=""title"">
<div class=""info"">
<p>Die One-Serie von Swedish Match soll die Klassiker ehren: Der ONE Vit White Portion ist dabei von General inspiert und besticht mit seinem traditionellen Tabakgeschmack. Auch seine 13 mg/g Nikotin weichen dabei vom Konzept nicht ab. Eine tolle Homage!</p>
</div>
</div>
</div>
<div class=""item flex""></div>",Vit WP,Unisex,,,,,,,https://cdn.shopify.com/s/files/1/0072/0646/9679/products/one-vit-white-portion.png,,,,,4.90,0.00,1,G,1,IN,3,3,3,,,,
,,OE-1005-1,Unisex,Title,Default Title,,,,,,,,,,4.90,0.00,1,G,1,IN,3,3,3,,,ONE,Vit WP
Soldat Vinter WP,"<meta charset=""utf-8"">
<div class=""item flex "">
<div class=""title""></div>
</div>
<div class=""item flex "">
<div class=""info"">
<p>Soldat Winter gibt ein cooles Gefühl, wird aber mit klaren und frischen Tönen aufgehellt. Sorgfältig ausgewählter Tabak, der die schwere Erdigkeit fernhält, wirkt mit einer sehr ausgewogenen Geschmackspalette und verleiht Ihnen ein außergewöhnliches Snuserlebnis</p>
</div>
<div class=""info"">
<div class=""info""></div>
</div>
</div>",Soldat Vinter WP,Unisex,,,,,,,https://cdn.shopify.com/s/files/1/0072/0646/9679/products/soldat-vinter-white-portion.png,,,,,3.90,,1,G,30,IN,3,3,3,,,,
,,SO-2005-1,Unisex,Title,Default Title,,,,,,,,,,3.90,,1,G,30,IN,3,3,3,,,Soldat,Soldat Vinter WP
Perfect Pear AW,"<p>Der Sommer ist eine fantastische Zeit voller Sonne, Strand und eisigem Birneneis. Auch wenn wir nicht das ganze Jahr über sonnige Sommertage haben können, können wir dieses Gefühl überall hin mitnehmen. Sonnengereifte Birnen, die zusammen mit klaren Vanilletönen einen wunderbaren Geschmack und eine Weichheit erzeugen, die uns an Freizeit, Spiel und Wärme erinnern.</p>
<p> </p>
<p>Bei VID Perfect Pear wollten wir den Geschmack von köstlichem Birneneis hervorheben, einen Geschmack, den viele Menschen kennen und mögen. Die Aromen oszillieren zwischen Birnen-Vanille und Säure auf eine Weise, die herausfordernd ist, wenn es darum geht, was mit Aromen für Nikotinbeutel gemacht werden kann. Der weiche Geschmack und die angenehme Nikotinstärke machen VID Perfect Pear zum perfekten Produkt für diejenigen, die täglich Nikotinbeutel verwenden möchten, oder für diejenigen, die einen milden Nikotinbeutel wünschen, wenn das Verlangen nach Nikotin zu groß wird.</p>",Perfect Pear AW,Unisex,,,,,,,https://cdn.shopify.com/s/files/1/0072/0646/9679/products/VID-Perfect-Pear-AW.png,,,,,3.90,0.00,1,G,30000,IN,3,3,3,,,,
,,VI-8005-1,Unisex,Title,Default Title,,,,,,,,,,3.90,0.00,1,G,30000,IN,3,3,3,,,VID,Perfect Pear AW
Mint-Lime Slim (Joker) AW,Kräftiger Special Snus mit Limettenkick auf Minze- Snus Special Limette/Mint SLIM Super White<br>,Mint-Lime Slim (Joker) AW,Unisex,,,,,,,https://cdn.shopify.com/s/files/1/0072/0646/9679/files/royal-lifestyle-mint-lime-joker-aw_3dd8775c-60bd-40b7-9660-9eb7307ab04a.png,,,,,5.90,0.00,1,G,32,IN,3,3,3,,,,
,,RL-3010-1,Unisex,Title,Default Title,,,,,,,,,,5.90,0.00,1,G,32,IN,3,3,3,,,Royal Lifestyle,Mint-Lime Slim (Joker) AW
Strawberry Kiwi AW Slim,Erdbeere und Kiwi bilden eine perfekte Mischung und werden von lieblichen Noten exotischer Früchte wie Guave und Litschi begleitet.,Strawberry Kiwi AW Slim,Unisex,,,,,,,https://cdn.shopify.com/s/files/1/0072/0646/9679/files/FIX_S4_strawberry-kiwi_AW.png,,,,,5.40,0.00,1,G,29,IN,3,3,3,,,,
,,FI-4015-1,Unisex,Title,Default Title,,,,,,,,,,5.40,0.00,1,G,29,IN,3,3,3,,,FIX,Strawberry Kiwi AW Slim
Ice Cool Mint Blue AW Slim,"VIKA ICE COOL MINT ist ein schöner, weisser Portionssnus mit langanhaltendem Geschmack und einem schnellen Kick. Die weissen Pouches sind mit Mikrokristallen gefüllt, die keine Verfärbungen auf den Zähnen hinterlassen.
<div></div>",Ice Cool Mint Blue AW Slim,Unisex,,,,,,,https://cdn.shopify.com/s/files/1/0072/0646/9679/products/VIKA_Ice_Cool_Mint_sized.jpg,,,,,5.20,0.00,1,G,12,IN,3,3,3,,,,
,,VK-6010-1,Unisex,Title,Default Title,,,,,,,,,,5.20,0.00,1,G,12,IN,3,3,3,,,Vika,Ice Cool Mint Blue AW Slim
Violet Velvet AW,"<p>VID ist die neuste Kreation vom Hause Kurbits Snus AB - kräftige Schweizer Aromen treffen auf schwedisches Snus Know How.</p>
<p>Violet Velvet ist eine verspielte Kombination aus Veilchen und süsser Lakritze. Die schnelle Nikotinfreisetzung und der süsse Geschmack haben sich zu einer Sensation im Segment der frischen und süssen Nikotinbeutel entwickelt. Die Entwickler wollten dem Produkt das Gefühl eines angenehmen Geschmacks geben, der der nordischen Geschmackstradition nahe steht.</p>",Violet Velvet AW,Unisex,,,,,,,https://cdn.shopify.com/s/files/1/0072/0646/9679/products/VID-Violet-Velvet-AW.png,,,,,3.90,0.00,1,G,30000,IN,3,3,3,,,,
,,VI-6005-1,Unisex,Title,Default Title,,,,,,,,,,3.90,0.00,1,G,30000,IN,3,3,3,,,VID,Violet Velvet AW
Americana OP,"<meta charset=""utf-8"">
<div class=""item flex"">
<div class=""title"">
<div class=""info"">
<p>Eine aussergewöhnlichere Geschmacksmischung findet man wohl kaum auf dem Snusmarkt: Kirsche, Wintergrün und Zimt! Der Nick &amp; Johnny Americana erinnert, wie es der Name vermuten lässt, an Root Beer! Mit dem hohen Feuchtigkeitsanteil und seinen 14 mg/g Nikotin ist dieser Original Portion Snus etwas für Snuser die ein intensives Snus Erlebnis suchen!<br><br></p>
</div>
</div>
</div>
<div class=""item flex""></div>",Americana OP,Unisex,,,,,,,https://cdn.shopify.com/s/files/1/0072/0646/9679/products/1636553570015423_nick-johnny-americana-xtra-strong-portion.jpg,,,,,5.90,0.00,1,G,1,IN,3,3,3,,,,
,,NJ-4005-1,Unisex,Title,Default Title,,,,,,,,,,5.90,0.00,1,G,1,IN,3,3,3,,,Nick & Johnny,Americana OP
Menthol -Mint Slim (Punisher) AW,Royal Lifetsyle Cool Menthol Special Snus mit Minzaroma – Snus Special Menthol/Mint SLIM Super White,Menthol -Mint Slim (Punisher) AW,Unisex,,,,,,,https://cdn.shopify.com/s/files/1/0072/0646/9679/files/royal-lifestyle-menthol-mint-punisher-aw_4eacc539-b34b-4f69-99d9-53e92482b70c.png,,,,,5.90,0.00,1,G,32,IN,3,3,3,,,,
,,RL-6010-1,Unisex,Title,Default Title,,,,,,,,,,5.90,0.00,1,G,32,IN,3,3,3,,,Royal Lifestyle,Menthol -Mint Slim (Punisher) AW
Crushed Ice OP,"<meta charset=""utf-8"">
<div class=""item flex"">
<div class=""title"">
<div class=""info"">
<p>Die beliebteste Variante von Nick &amp; Johnny trifft auf tradionelles Snus Erlebnis: Der Nick &amp; Johnny Crushed Ice Xtra Strong Original Portion bietet ein Minz/Menthol Geschmackserlebnis in etwas feuchteren Beuteln. </p>
</div>
</div>
</div>
<div class=""item flex""></div>",Crushed Ice OP,Unisex,,,,,,,https://cdn.shopify.com/s/files/1/0072/0646/9679/products/1636553542143900_nick-johnny-crushed-ice-xtra-strong-portion.jpg,,,,,5.90,0.00,1,G,1,IN,3,3,3,,,,
,,NJ-2005-1,Unisex,Title,Default Title,,,,,,,,,,5.90,0.00,1,G,1,IN,3,3,3,,,Nick & Johnny,Crushed Ice OP
Strawberry Cream AW,"<p>Tabakfreier Snus mit dem exklusiven Geschmack des Getränks Frozen Strawberry Daiquiri. Der süsse, erfrischende Geschmack der Erdbeere gibt ein Gefühl der Feier. Die Beutel haben eine schnelle Freigabe und einen lang anhaltenden Geschmack.</p>
<p>Die Dosen enthalten 20 schlanke Portionsbeutel aus dem exklusiven Vliesstoff. Die Nikotinstärke beträgt 8.4 mg/Beutel.</p>",Strawberry Cream AW,Unisex,,,,,,,https://cdn.shopify.com/s/files/1/0072/0646/9679/files/Fumi_Strawberry_Cream_sized.png,,,,,5.90,0.00,1,G,1,IN,3,3,3,,,,
,,FU-3015-1,Unisex,Title,Default Title,,,,,,,,,,5.90,0.00,1,G,1,IN,3,3,3,,,FUMI,Strawberry Cream AW
Chill-Mint Slim (Sparten) AW,Cool Chill Mint Special Snus mit verschiedene Minzaroma – Snus Special Chill/Mint SLIM Super White,Chill-Mint Slim (Sparten) AW,Unisex,,,,,,,https://cdn.shopify.com/s/files/1/0072/0646/9679/files/royal-lifestyle-chill-mint-spartan-aw_e5f0d2a2-6bce-4b1d-975b-6ceba3543edb.png,,,,,5.90,0.00,1,G,32,IN,3,3,3,,,,
,,RL-4010-1,Unisex,Title,Default Title,,,,,,,,,,5.90,0.00,1,G,32,IN,3,3,3,,,Royal Lifestyle,Chill-Mint Slim (Sparten) AW
Jalapeño Lime Extra Strong AW,"<p data-mce-fragment=""1"">Loop Jalapeño Lime Slim Strong<span data-mce-fragment=""1""> </span>ist sicherlich einzigartig. Mit seinen scharfen Noten von grünem Jalapeño, die Sie sofort erreichen, wenn der Nikotinbeutel unter der Oberlippe angefeuchtet ist, und dem säuerlichen Abgang in Form von Limette wird er Ihnen ein Geschmackserlebnis bescheren, das Sie so schnell nicht vergessen werden! Minzprodukte waren anfangs das große Ding in Europa. Heute gibt es sie in Hülle und Fülle. Aber irgendwann gab es eine Verschiebung der Nachfrage und die europäischen Anwender wünschen sich jetzt einzigartigere Mischungen wie Jalapeño und Limette!</p>
<p data-mce-fragment=""1"">Die Portionen sind dünn und schmal, wodurch sie perfekt unter Ihre Lippe passen. Dank des all white, tabakfreien Inhalts jedes Beutels verfärben sich Ihre Zähne nicht. Auch übermäßiges Tropfen ist nicht zu befürchten. Mit der ständigen Bewegung von Menschen über Ozeane und Ländergrenzen hinweg wird es für die Benutzer immer wichtiger, einen diskreten Beutel zu haben, der keiner Erklärung oder Rechtfertigung bedarf – hier eignen sich die unglaublichen Beutel von LOOP wirklich hervorragend. Sie sind beides – bequem und diskret! Der Nikotingehalt liegt bei 15 mg/g – ein starker Nikotingehalt, der vom erfahrenen Benutzer geschätzt wird.</p>
<p data-mce-fragment=""1"">LOOP wird von Another Snus Factory hergestellt, die ihren Sitz in Stockholm und in Oslo hat. LOOP ist die erste Marke dieses aufstrebenden Snusherstellers.</p>",Jalapeño Lime Extra Strong AW,Unisex,,,,,,,https://cdn.shopify.com/s/files/1/0072/0646/9679/files/Loop-Jalapeno-lime-extra-strong-sized.png,,,,,8.90,,1,G,13,IN,3,3,3,,,,
,,LO-1000-1,Unisex,Title,Default Title,,,,,,,,,,8.90,,1,G,13,IN,3,3,3,,,LOOP,Jalapeño Lime Extra Strong AW
Xtra No.29 OP,"Skruf Original Portion no. 29 Xtra Strong - Der Geschmack ist mild und folgt der schwedischen Schnupftabak-Tradition mit dem Geschmack der begehrten Zitrusfrüchte Bergamotte und Rosenöl. Diese Variante ist etwas stärker, da sie mehr Tabak als normaler Snus und auch einen höheren Nikotingehalt enthält.",Xtra No.29 OP,Unisex,,,,,,,https://cdn.shopify.com/s/files/1/0072/0646/9679/products/skruf_xtra_portion_no29_op.jpg,,,,,5.90,0.00,1,G,22,IN,3,3,3,,,,
,,SK-8005-1,Unisex,Title,Default Title,,,,,,,,,,5.90,0.00,1,G,22,IN,3,3,3,,,Skruf,Xtra No.29 OP
Red Hot OP,"<meta charset=""utf-8"">
<div class=""item flex"">
<div class=""title"">
<div class=""info"">
<p>Wenn der Teufel einen Snus kreiert hätte, wäre es wohl der Nick &amp; Johnny Red Hot! Chilli, Zimt und Nelke wobei der Tabakgeschmack nicht zu kurz kommt. Eine Teufelsmischung.</p>
</div>
</div>
</div>
<div class=""item flex""></div>",Red Hot OP,Unisex,,,,,,,https://cdn.shopify.com/s/files/1/0072/0646/9679/products/1636553523511898_nick-johnny-red-hot-xtra-strong-portion.jpg,,,,,4.70,0.00,1,G,1,IN,3,3,3,,,,
,,NJ-1005-1,Unisex,Title,Default Title,,,,,,,,,,4.70,0.00,1,G,1,IN,3,3,3,,,Nick & Johnny,Red Hot OP
Pineapple Rum Coconut AW Slim,"Eine Kombination, die ein Gefühl und einen Geschmack von <span data-mce-fragment=""1"">Piña Colada </span>mit zusätzlicher Intensität von dunklem Rum und Gewürzen gibt. Intensiv und sehr lecker.",Pineapple Rum Coconut AW Slim,Unisex,,,,,,,https://cdn.shopify.com/s/files/1/0072/0646/9679/files/FIX_S4_pineapple-rum-coconut_AW.png,,,,,5.40,0.00,1,G,29,IN,3,3,3,,,,
,,FI-3015-1,Unisex,Title,Default Title,,,,,,,,,,5.40,0.00,1,G,29,IN,3,3,3,,,FIX,Pineapple Rum Coconut AW Slim
Ice Mint Slim AW,Erfrischender Snus mit vollmundigem Charakter – Snus Super White Ice Mint SLIM,Ice Mint Slim AW,Unisex,,,,,,,https://cdn.shopify.com/s/files/1/0072/0646/9679/files/royal-lifestyle-ice-mint-aw_5b8e9b29-b952-42da-af03-02d47af71218.png,,,,,5.90,0.00,1,G,32,IN,3,3,3,,,,
,,RL-2010-1,Unisex,Title,Default Title,,,,,,,,,,5.90,0.00,1,G,32,IN,3,3,3,,,Royal Lifestyle,Ice Mint Slim AW
Super White Purple Cassice No.63 Strong AW,Der Skruf Super White Cassice schmeckt nach Cassis sowie süsser Johannisbeere und hat einen durchschnittlichen Nikotingehalt.,Super White Purple Cassice No.63 Strong AW,Unisex,,,,,,,https://cdn.shopify.com/s/files/1/0072/0646/9679/files/skruf-super-white-cassice-strong-no63.png,,,,,5.20,0.00,1,G,1,IN,3,3,3,,,,
,,SK-4105-1,Unisex,Title,Default Title,,,,,,,,,,5.20,0.00,1,G,1,IN,3,3,3,,,Skruf,Super White Purple Cassice No.63 Strong AW
Salty Raspberry AW,"<p>Ein weiterer unvergleichlicher tabakfreier Snus unter den unverwechselbaren Lakritz Geschmacksrichtungen von FUMI. Die natürliche Aromakomposition aus Lakritz und Himbeeren sorgt für ein sehr ekstatisches Erlebnis. FUMI Salty Rasberry hat die gleiche schnelle Freisetzung und das gleiche lange Geschmackserlebnis wie die anderen Produkte im FUMI-Sortiment.</p>
<p>Die Dose enthält 20 schlanke Beutel aus dem exklusiven weichen und weissen Vliesmaterial. Der Nikotingehalt beträgt 8.4 mg/Beutel.</p>",Salty Raspberry AW,Unisex,,,,,,,https://cdn.shopify.com/s/files/1/0072/0646/9679/files/Fumi_Salty_Rasperry_sized.png,,,,,5.90,0.00,1,G,1,IN,3,3,3,,,,
,,FU-1015-1,Unisex,Title,Default Title,,,,,,,,,,5.90,0.00,1,G,1,IN,3,3,3,,,FUMI,Salty Raspberry AW
Eucalyptus Slim AW,Belebender Snus mit vollmundigem Charakter – Snus Super White Eucalypthus SLIM,Eucalyptus Slim AW,Unisex,,,,,,,https://cdn.shopify.com/s/files/1/0072/0646/9679/files/royal-lifestyle-eucalyptus-aw_7f7c7b96-fd4f-4773-af16-6d2e389978eb.png,,,,,5.90,0.00,1,G,32,IN,3,3,3,,,,
,,RL-5010-1,Unisex,Title,Default Title,,,,,,,,,,5.90,0.00,1,G,32,IN,3,3,3,,,Royal Lifestyle,Eucalyptus Slim AW
MELON AW Mini,"<p class=""MsoNormal""><span lang=""DE-AT"" style=""mso-ansi-language: DE-AT;"">Lass dich vom verlockenden Geschmack des edel MELON MINI verführen, der als Slim-Variante bereits die Herzen eroberte – jetzt in brandneuen Mini-Pouches, perfekt abgestimmt in der Grösse bei gleichem Nikotingehalt.</span><span lang=""DE"" style=""mso-ansi-language: DE;""></span></p>",MELON AW Mini,Unisex,,,,,,,https://cdn.shopify.com/s/files/1/0072/0646/9679/files/edelsnus_PP_Top_Melon-Mini_wo_Shadow_06f3b3d1-7efa-44f8-91fa-311b02f97aa5.png,,,,,5.90,0.00,1,G,1,IN,3,3,3,,,,
,,ED-3110-1,Unisex,Title,Default Title,,,,,,,,,,5.90,0.00,1,G,1,IN,3,3,3,,,edel,MELON AW Mini
Spicy Cola AW,"<p>Tabakfreier Snus mit einem starken, aber ausgewogenen Cola-Geschmack. Von vielen als der Lieblingsgeschmack angesehen, zu dem man immer mal wieder wechselt. Das Erlebnis der schnellen Freisetzung und des lang anhaltenden Geschmacks ist etwas, das in allen Geschmacksrichtungen von FUMI wiedererkannt wird.</p>
<p>Die Dose enthält 20 schlanke Beutel aus exklusivem, weichem und weissem Vliesmaterial. Die Nikotinstärke beträgt 8.4 mg/Beutel.</p>",Spicy Cola AW,Unisex,,,,,,,https://cdn.shopify.com/s/files/1/0072/0646/9679/files/Fumi_Spicy_cola_sized.png,,,,,5.90,0.00,1,G,1,IN,3,3,3,,,,
,,FU-5015-1,Unisex,Title,Default Title,,,,,,,,,,5.90,0.00,1,G,1,IN,3,3,3,,,FUMI,Spicy Cola AW
Citrus Cooling Strong AW,"<p>Entdecke <a href=""https://snushus.ch/collections/xqs-snus"">XQS</a> Citrus Cooling All White – Dein idealer Begleiter für ein starkes und erfrischendes Nikotinerlebnis. Mit einer Stärke von 4/5 und einem Nikotingehalt von 16 mg/g bietet Dir dieser Snus eine intensive und langanhaltende Wirkung. Die Slim Beutel sind perfekt für diskreten und komfortablen Genuss, während der erfrischende Zitrusgeschmack Deine Sinne belebt.</p>
<p>XQS Citrus Cooling Strong besticht durch seine einzigartige Kombination aus frischem Zitrusgeschmack und einer prickelnden, kühlenden Wirkung. Diese besondere Mischung schafft ein unvergleichliches Erlebnis, das Dir jedes Mal aufs Neue Freude bereitet. Hergestellt in Schweden, steht XQS für erstklassige Qualität und innovative Geschmackserlebnisse.</p>
<p>Geniesse die belebende Frische von XQS Citrus Cooling All White und die Vorteile eines tabakfreien Nikotinerlebnisses. Bestelle jetzt online und entdecke, warum XQS die bevorzugte Wahl für Snus-Liebhaber ist. Gönn Dir diesen erfrischenden und starken Genuss und bringe neue Frische in Deinen Alltag!</p>
<!---->",Citrus Cooling Strong AW,Unisex,,,,,,,https://cdn.shopify.com/s/files/1/0072/0646/9679/files/XQS_Citruscooling_97010f75-aa16-47ae-9d23-34aafac43a84.png,,,,,4.20,0.00,1,G,14,IN,3,3,3,,,,
,,XQ-1115-1,Unisex,Title,Default Title,,,,,,,,,,4.20,0.00,1,G,14,IN,3,3,3,,,XQS,Citrus Cooling Strong AW
Habanero Mint Extra Strong AW,"<p data-mce-fragment=""1"">Loop Habanero Mint Extra Strong<strong data-mce-fragment=""1""><span data-mce-fragment=""1""> </span></strong>ist ein starker Nikotinbeutel mit einer Kombination aus scharfer Habanero (Chili) und kühler Minze, wodurch das Erlebnis dieses starken Nikotinbeutels sehr intensiv ist. Die Mischung aus würzigem Chili und kühlender Minze ist genial und köstlich interessant.</p>
<p data-mce-fragment=""1"">Diese Nikotinbeutel enthalten einen Nikotingehalt von 20 mg/g, was stark ist. Sie geben ihren Inhalt dank LOOPs InstantRush-Technologie schnell und kraftvoll ab, was bedeutet, dass der Nikotinkick aus diesen Beuteln stark und unmittelbar ist. Eine Dose kommt mit 24 Beuteln, die schlank und feucht und völlig tropffrei sind.</p>
<p data-mce-fragment=""1"">LOOP ist eine Marke, die das Wort Spaß wirklich verkörpert. Ihre Dosen, ihre Geschmacksrichtungen, ihre Website, alles an ihnen sticht hervor und das ist ein Grund für die Liebe, die sie erhalten haben. Sie sind auch für ihre Intensität und ihren starken Nikotingehalt bekannt, der zwischen 10 mg/g und 20 mg/g liegt</p>",Habanero Mint Extra Strong AW,Unisex,,,,,,,https://cdn.shopify.com/s/files/1/0072/0646/9679/files/loop-habanero-mint-extra-strong-sized-aw.png,,,,,8.90,0.00,1,G,13,IN,3,3,3,,,,
,,LO-2000-1,Unisex,Title,Default Title,,,,,,,,,,8.90,0.00,1,G,13,IN,3,3,3,,,LOOP,Habanero Mint Extra Strong AW
Chai Latte AW Slim,"Chai Latte ist eine Kombination aus Kaffeebohnen, Chai-Gewürzen wie Zimt und Nelken sowie einem köstlichen Geschmack von Vanilleschoten. Sehr grosszügig, unverwechselbar und schwer zu widerstehen.",Chai Latte AW Slim,Unisex,,,,,,,https://cdn.shopify.com/s/files/1/0072/0646/9679/files/FIX_S3_chai-latte_AW.png,,,,,5.40,0.00,1,G,29,IN,3,3,3,,,,
,,FI-2015-1,Unisex,Title,Default Title,,,,,,,,,,5.40,0.00,1,G,29,IN,3,3,3,,,FIX,Chai Latte AW Slim
Röd WP,Inspiriert von Göteborgs Rapé bringt Swedish Match mit dem ONE Röd WP eine weitere Sorte. Dieser White Portion Snus kommt mit einem angenehmen Nikotingehalt von 13 mg/g und dem Aroma von Waldbeeren.,Röd WP,Unisex,,,,,,,https://cdn.shopify.com/s/files/1/0072/0646/9679/products/one_r_d_white_portion.jpg,,,,,4.90,0.00,1,G,20,IN,3,3,3,,,,
,,OE-5005-1,Unisex,Title,Default Title,,,,,,,,,,4.90,0.00,1,G,20,IN,3,3,3,,,ONE,Röd WP
Blue Ice Slim AW,"Royal Lifestyle Blue Ice überrascht dich mit einem leckeren Blaubeerengeschmack und einem hauch von coolen kaltem Menthol, was ihn zu einer guten Variante für Geniesser macht.",Blue Ice Slim AW,Unisex,,,,,,,https://cdn.shopify.com/s/files/1/0072/0646/9679/files/royal-lifestyle-blue-iceaw_8f7fe7fe-24fb-48e8-b468-7e1ce7c9ed18.png,,,,,5.90,0.00,1,G,1,IN,3,3,3,,,,
,,RL-7010-1,Unisex,Title,Default Title,,,,,,,,,,5.90,0.00,1,G,1,IN,3,3,3,,,Royal Lifestyle,Blue Ice Slim AW
Spearmint Strong AW,"<p><span>Geniesse den erfrischenden Geschmack von Spearmint mit XQS Spearmint Strong AW. Hergestellt in Schweden, ist dieser All White Snus das perfekte Produkt für alle, die eine starke Alternative zu herkömmlichen Tabakprodukten suchen. Erlebe einen intensiven Minzgeschmack und ein angenehmes Gefühl - probiere XQS Spearmint Strong AW jetzt!</span></p>
<p><span>Mit einer Stärke von 4/5 und einem Nikotingehalt von 16 mg/g bietet dieser Snus eine kraftvolle Erfahrung. Jede Dose enthält 10 g Tabakersatz, und die Beutel sind in der praktischen Slim-Grösse.</span></p>
<!---->",Spearmint Strong AW,Unisex,,,,,,,https://cdn.shopify.com/s/files/1/0072/0646/9679/files/XQS_Spearmint_03_75950912-8b25-482f-aeee-a42a3d37581e.png,,,,,4.20,0.00,1,G,1,IN,3,3,3,,,,
,,XQ-2115-1,Unisex,Title,Default Title,,,,,,,,,,4.20,0.00,1,G,1,IN,3,3,3,,,XQS,Spearmint Strong AW
Elderflower Strong AW,"<p>Entdecke <a href=""https://snushus.ch/collections/xqs-snus"">XQS</a> Elderflower All White – Dein erfrischender Begleiter für ein sanftes und belebendes Nikotinerlebnis. Die Slim Beutel bieten Dir eine angenehme Stärke von 4/5 und enthalten 16 mg/g Nikotin, was perfekt für den täglichen Gebrauch geeignet ist.</p>
<p>XQS Elderflower Strong kombiniert botanische Noten von Holunderblüten mit schneidenden Zitrustönen und bietet Dir ein einzigartiges Geschmackserlebnis, das besonders an heissen Tagen erfrischt. Jeder Beutel enthält 8 mg Nikotin, was für einen fortgeschrittenen Konsumenten ideal ist und einen extra Kick verleiht.</p>
<p>Geniesse die erfrischende Kombination aus Holunderblüten und Zitrus und erlebe die Vorteile eines tabakfreien Nikotinerlebnisses mit XQS Elderflower All White. Bestelle jetzt online und entdecke, warum XQS die bevorzugte Wahl für Snus-Liebhaber ist. Gönn Dir diesen erfrischenden und leichten Genuss und bringe neue Frische in Deinen Alltag!</p>
<!---->",Elderflower Strong AW,Unisex,,,,,,,https://cdn.shopify.com/s/files/1/0072/0646/9679/files/XQS_Elderflower_strong.png,,,,,4.20,0.00,1,G,14,IN,3,3,3,,,,
,,XQ-4115-1,Unisex,Title,Default Title,,,,,,,,,,4.20,0.00,1,G,14,IN,3,3,3,,,XQS,Elderflower Strong AW
Fig Raspberry AW Slim,"Die aromatische, reizvolle und süsse Kirschblüte, die wir aus Japan kennen, ist eine perfekte Kombination mit sonnengereiften Kirschen und zarten roten Himbeeren.",Fig Raspberry AW Slim,Unisex,,,,,,,https://cdn.shopify.com/s/files/1/0072/0646/9679/files/FIX_S3_fig-raspberry_AW.png,,,,,5.40,0.00,1,G,29,IN,3,3,3,,,,
,,FI-1015-1,Unisex,Title,Default Title,,,,,,,,,,5.40,0.00,1,G,29,IN,3,3,3,,,FIX,Fig Raspberry AW Slim
Cola Lime AW Slim,Das Beste aus zwei Welten - der klassische Geschmack von Cola und die belebende Frische von Limette. Unterstützt von würzigem Zimt und dunklem kubanischem Rum wird er Deine Sinne verführen.,Cola Lime AW Slim,Unisex,,,,,,,https://cdn.shopify.com/s/files/1/0072/0646/9679/files/KLINT_S4_cola-lime_AW.png,,,,,5.90,0.00,1,G,29000,IN,3,3,3,,,,
,,KL-1115-1,Unisex,Title,Default Title,,,,,,,,,,5.90,0.00,1,G,29000,IN,3,3,3,,,KLINT,Cola Lime AW Slim
Menthol AW,"<p>Ein eiskalter Spritzer purer Minzigkeit. Der kraftvolle grosse Bruder des klassischen Helwits Mint-Geschmack. </p>
<p><span>Die Helwit Menthol bietet einen authentischen Geschmack, der anhaltend ist. Darüber hinaus gewährleistet die Pouch eine hohe Nikotinstärke von 4 von 5 und eine langanhaltende Wirkung. Das schlanke Format eignet sich perfekt für den diskreten Genuss unterwegs. Eine handliche Dose mit 20 Portionen sorgt jederzeit für die benötigte Versorgung. Dank der All-White Herstellung bleiben die Zähne frei von Verfärbungen.</span></p>",Menthol AW,Unisex,,,,,,,https://cdn.shopify.com/s/files/1/0072/0646/9679/files/Helwit_Menthol_sized.png,,,,,4.95,0.00,1,G,10,IN,3,3,3,,,,
,,HW-1015-1,Unisex,Title,Default Title,,,,,,,,,,4.95,0.00,1,G,10,IN,3,3,3,,,Helwit,Menthol AW
Lash Glacier Mint AW Slim,"<span>Dieser Nico Snus ist einer der stärksten tabakfreien Nikotinbeutel, welche es auf dem Markt gibt.</span><br><span>The Snus Factory kombiniert bei diesem Snus scharfe, Schweizer Pfefferminze mit eisigem Menthol.</span><br><br><span>Diese Nikotinbeutel geben einen erfrischend, minzigen Geschmack, der von einem extra starken Nikotinkick verstärkt wird.</span>",Lash Glacier Mint AW Slim,Unisex,,,,,,,https://cdn.shopify.com/s/files/1/0072/0646/9679/products/NICO_Lash_sized.jpg,,,,,5.20,0.00,1,G,16,IN,3,3,3,,,,
,,NI-1000-1,Unisex,Title,Default Title,,,,,,,,,,5.20,0.00,1,G,16,IN,3,3,3,,,Nico,Lash Glacier Mint AW Slim
Pink Grapefruit AW Slim,"Eine perfekte Mischung aus süssen und herben Noten, die die Essenz des Saftes und den erfrischenden Geschmack der reifen rosa Grapefruit einfängt. Unterstützt von Noten von Guave und Rhabarber.",Pink Grapefruit AW Slim,Unisex,,,,,,,https://cdn.shopify.com/s/files/1/0072/0646/9679/files/KLINT_S4_pink-grapefruit_AW.png,,,,,5.90,0.00,1,G,29,IN,3,3,3,,,,
,,KL-2115-1,Unisex,Title,Default Title,,,,,,,,,,5.90,0.00,1,G,29,IN,3,3,3,,,KLINT,Pink Grapefruit AW Slim
Salty Violet AW,"<p>Der neueste tabakfreie Snus in der vielseitigen Lakritzfamilie von Fumi. Lakritze und Veilchen sind traditionelle und sehr geschätzte schwedische Bonbongeschmacksrichtungen, die nun endlich als Snus erhältlich sind. Es sind kindliche, erwachsene Aromen, die perfekt zusammenpassen und von denen wir überzeugt sind, dass viele sie lieben werden. Ein Produkt für alle, die Lakritz lieben, aber zwischen verschiedenen aufregenden Geschmacksrichtungen wechseln möchten. Fumi Salty Violet hat die gleiche schnelle Freisetzung und lang anhaltende Geschmackserfahrung wie andere Fumi-Produkte.</p>
<p>Die Dose enthält 20 schlanke Beutel aus dem exklusiv weichen und weissen Vliesmaterial, das alle Fumi-Produkte kennzeichnet. Die Nikotinstärke beträgt 8,4 mg/Beutel.</p>",Salty Violet AW,Unisex,,,,,,,https://cdn.shopify.com/s/files/1/0072/0646/9679/files/Fumi_Salty_Violet_sized.png,,,,,5.90,0.00,1,G,1,IN,3,3,3,,,,
,,FU-2015-1,Unisex,Title,Default Title,,,,,,,,,,5.90,0.00,1,G,1,IN,3,3,3,,,FUMI,Salty Violet AW
Sweet Peach Strong AW Mini,"<p><span>Erlebe den fruchtigen Geschmack von süssem Pfirsich mit unserem speziellen Snus für Frauen. Dieser All White Snus bietet eine perfekte Balance aus Geschmack und Wirkung, ideal für diejenigen, die eine sanfte, aber dennoch befriedigende Alternative zu herkömmlichen Tabakprodukten suchen. Mit einer Stärke von 3/5 und einem Nikotingehalt von 15 mg/g bietet dieser Snus eine angenehme und kraftvolle Erfahrung. Jede Dose enthält 8 g Tabakersatz, verteilt auf 20 Mini-Beutel, die sich diskret und bequem verwenden lassen. </span></p>
<p><span>Alle unsere Nikotinbeutel sind leicht feucht. Diese Feuchtigkeit zusammen mit einem Hauch von Süsse sorgt dafür, dass der Geschmack hervorgehoben wird und länger anhält. Probiere jetzt unseren Pfirsich-Snus und geniesse das erfrischende und fruchtige Erlebnis!</span></p>",Sweet Peach Strong AW Mini,Unisex,,,,,,,https://cdn.shopify.com/s/files/1/0072/0646/9679/files/Kelly_White_Sweet_Peach_sized.png,,,,,5.20,0.00,1,G,1,IN,3,3,3,,,,
,,KW-4115-1,Unisex,Title,Default Title,,,,,,,,,,5.20,0.00,1,G,1,IN,3,3,3,,,Kelly White,Sweet Peach Strong AW Mini
Icemint AW,"<p>Ein extrem starker tabakfreier Snus für alle, die einen aussergewöhnlich starken Nikotinkick wollen. Sein unverwechselbarer Geschmack von natürlicher Minze gibt ein eisig frisches und atemberaubendes Gefühl. Die schnelle Freisetzung mit lang anhaltenden Aromen macht Sie gut fühlen und von anderen geschätzt werden.</p>
<p>Die Dose enthält 20 schlanke Beutel aus exklusivem, weichem und weissem Vliesmaterial. Die Nikotinstärke beträgt 11,2 mg/Beutel.</p>",Icemint AW,Unisex,,,,,,,https://cdn.shopify.com/s/files/1/0072/0646/9679/files/Fumi_Icemint_sized.png,,,,,5.90,0.00,1,G,1,IN,3,3,3,,,,
,,FU-4015-1,Unisex,Title,Default Title,,,,,,,,,,5.90,0.00,1,G,1,IN,3,3,3,,,FUMI,Icemint AW
Cool Ice X-Strong AW,"<p>Erlebe den erfrischenden Kick von XQS ice cool - ein All White Snus, der Dir ein intensives Geschmackserlebnis bietet. Mit einer Stärke von 5 von 5 und einem Nikotingehalt von 16 mg/g ist dieser Snus genau das Richtige für Dich, wenn Du nach einer starken Wirkung suchst.</p>
<p>Der frische Mentholgeschmack sorgt für einen deutlichen Kühlungseffekt, der Deine Sinne belebt, während ein Hauch von Süsse dem Genuss eine angenehme Note verleiht. Jede Dose enthält 12 g hochwertigen Tabakersatz, aufgeteilt auf 20 schlanke Beutel, die sich bequem transportieren und diskret verwenden lassen.</p>
<p>Egal, ob Du schon Erfahrung mit Snus hast oder diesen erfrischenden Geschmack zum ersten Mal probierst, XQS ice cool wird deine Erwartungen übertreffen. Tauche ein in die Welt des All White Snus und geniesse den intensiven Genuss!</p>
<!---->",Cool Ice X-Strong AW,Unisex,,,,,,,https://cdn.shopify.com/s/files/1/0072/0646/9679/files/XQS_Cool_Ice_03_4c052629-fd6b-42bb-9333-a6e5506eee4a.png,,,,,4.20,0.00,1,G,1,IN,3,3,3,,,,
,,XQ-8015-1,Unisex,Title,Default Title,,,,,,,,,,4.20,0.00,1,G,1,IN,3,3,3,,,XQS,Cool Ice X-Strong AW
Cool Mint AW Slim,"<p>Geniesse den erfrischenden Geschmack von <a href=""https://snushus.ch/collections/kelly-white-snus"">Kelly White</a> Cool Mint All White. Hergestellt in Schweden, ist dieser All White Snus das perfekte Produkt für alle, die eine starke Alternative zu herkömmlichen Tabakprodukten suchen. Kühl, intensiv und frisch – erlebe einen klaren Minzgeschmack von kühlem Menthol, kräuteriger Pfefferminze und einem Hauch von Süsse. Mit einer Stärke von 3/5 und einem Nikotingehalt von 14 mg/g bietet dieser Snus eine angenehme, aber kraftvolle Erfahrung. Jede Dose enthält 10 g Tabakersatz, verteilt auf 20 Slim-Beutel.</p>
<p>Alle unsere Nikotinbeutel sind leicht feucht. Die Feuchtigkeit zusammen mit einem Hauch von Süsse bedeutet, dass der Geschmack hervorgehoben wird und länger anhält. Probiere Kelly White Cool Mint Strong AW jetzt und erlebe einen intensiven Geschmack und ein angenehmes Gefühl!</p>",Cool Mint AW Slim,Unisex,,,,,,,https://cdn.shopify.com/s/files/1/0072/0646/9679/files/Kelly_White_Cool_Mint_sized.png,,,,,5.20,0.00,1,G,1,IN,3,3,3,,,,
,,KW-1015-1,Unisex,Title,Default Title,,,,,,,,,,5.20,0.00,1,G,1,IN,3,3,3,,,Kelly White,Cool Mint AW Slim
Freeze Mint AW Slim,"Die maximale Geschmackswirkung von Minze und eiskaltem Menthol, die Dir einen angenehmen Kühleffekt und eine besonders lang anhaltende Frische verleiht.",Freeze Mint AW Slim,Unisex,,,,,,,https://cdn.shopify.com/s/files/1/0072/0646/9679/files/KLINT_S4_freeze-mint_AW.png,,,,,5.90,0.00,1,G,29,IN,3,3,3,,,,
,,KL-9015-1,Unisex,Title,Default Title,,,,,,,,,,5.90,0.00,1,G,29,IN,3,3,3,,,KLINT,Freeze Mint AW Slim
Raspberry Lemon AW Mini,"<p>Erlebe den erfrischenden Geschmack von <a href=""https://snushus.ch/collections/kelly-white-snus"">Kelly White</a> Raspberry Lemon, der sich am besten als Himbeersorbet beschreiben lässt. Zuerst wird man von einer angenehmen Kühle begrüsst, gefolgt von süssen Himbeeren und einem Unterton von Zitrone. Dieser All White Snus bietet eine Stärke von 2/5 und einen Nikotingehalt von 15 mg/g, was für eine sanfte, aber dennoch befriedigende Erfahrung sorgt. Jede Dose enthält 8 g Tabakersatz, verteilt auf 20 Mini-Beutel.</p>
<p>Alle unsere Nikotinbeutel sind leicht feucht. Die Feuchtigkeit zusammen mit einem Hauch von Süsse bedeutet, dass der Geschmack mehr betont wird und länger anhält. Probiere Raspberry Lemon jetzt und geniesse das fruchtige, erfrischende Erlebnis!</p>",Raspberry Lemon AW Mini,Unisex,,,,,,,https://cdn.shopify.com/s/files/1/0072/0646/9679/files/Kelly_White_Raspberry_Lemon_sized_253961d5-7753-4211-89b9-3a4d7b8e6f55.png,,,,,5.20,0.00,1,G,1,IN,3,3,3,,,,
,,KW-5115-1,Unisex,Title,Default Title,,,,,,,,,,5.20,0.00,1,G,1,IN,3,3,3,,,Kelly White,Raspberry Lemon AW Mini
Polar Mint AW Slim,"<span>Die schwedischen Beutel bieten einen Minzgeschmack für lang anhaltende Frische. Geniesse den Geschmack von Schweden mit jedem Beutel. Mache Dich bereit, erstaunt zu sein!</span>",Polar Mint AW Slim,Unisex,,,,,,,https://cdn.shopify.com/s/files/1/0072/0646/9679/files/KLINT_S3_polar-mint_AW.png,,,,,5.90,0.00,1,G,29,IN,3,3,3,,,,
,,KL-7015-1,Unisex,Title,Default Title,,,,,,,,,,5.90,0.00,1,G,29,IN,3,3,3,,,KLINT,Polar Mint AW Slim
Cool Ice AW Mini,"<p>Wenn Du nach einem erfrischenden Snus mit frischem Mentholgeschmack, einem deutlich kühlenden Effekt und einem Hauch von Süsse suchst, dann ist All White Snus die perfekte Wahl für Dich! Mit einer Stärke von 2 von 5 und einem Nikotingehalt von 12 mg/g bietet er ein angenehm mildes Erlebnis. Jede Dose enthält 7 g Tabakersatz, verteilt auf 20 Mini Beutel, die perfekt für unterwegs sind.</p>
<p>Dieser Snus aus Schweden ist die perfekte Wahl für alle, die ein intensives und erfrischendes Geschmackserlebnis suchen. Probiere ihn jetzt aus und erlebe die einzigartige Qualität und den Geschmack, für den Snus aus Schweden bekannt ist!</p>
<!---->",Cool Ice AW Mini,Unisex,,,,,,,https://cdn.shopify.com/s/files/1/0072/0646/9679/files/XQS_Cool_Ice_Mini_03_e0667e10-4c2c-424b-8afd-f6ec6c6709b3.png,,,,,4.20,0.00,1,G,1,IN,3,3,3,,,,
,,XQ-8115-1,Unisex,Title,Default Title,,,,,,,,,,4.20,0.00,1,G,1,IN,3,3,3,,,XQS,Cool Ice AW Mini
Liquorice AW Slim,"Verwöhne Deine Sinne mit der salzigen Explosion von süsser Lakritze. Ein Ausbruch von<br data-mce-fragment=""1"">Süsse, abgerundet mit einem einzigartigen Hauch von Bitterkeit, der wirklich befriedigend ist.",Liquorice AW Slim,Unisex,,,,,,,https://cdn.shopify.com/s/files/1/0072/0646/9679/files/KLINT_S3_liquorice_AW.png,,,,,5.90,0.00,1,G,29,IN,3,3,3,,,,
,,KL-8015-1,Unisex,Title,Default Title,,,,,,,,,,5.90,0.00,1,G,29,IN,3,3,3,,,KLINT,Liquorice AW Slim
Grape Ice Strong AW,"<p>Entdecke <a href=""https://snushus.ch/collections/xo-snus"">XO</a> Grape Ice Strong All White Slim – Dein idealer Begleiter für ein intensives und erfrischendes Nikotinerlebnis! Mit einem Nikotingehalt von 16 mg/g und Slim Beuteln bietet Dir dieser All White Snus einen starken und lang anhaltenden Kick. Der erfrischende Geschmack nach kühlen Trauben verleiht jedem Beutel ein einzigartiges und belebendes Aroma. </p>
<p>XO Grape Ice Strong All White Slim ist die perfekte Wahl für alle, die auf der Suche nach einem starken und erfrischenden Snus sind. Die All White Nikotinbeutel sorgen dafür, dass Dein Lächeln strahlend weiss bleibt, während Du den intensiven Geschmack geniessen kannst. Die schlanken Beutel sind diskret und angenehm zu tragen, sodass Du Deinen Snus jederzeit und überall geniessen kannst. Die praktische 10g Dose enthält 20 Beutel und bietet Dir somit ausreichend Vorrat für viele genussvolle Momente.</p>
<p>Geniesse den kühlen Traubengeschmack von XO Grape Ice Strong All White Slim und erlebe, wie dieser All White Snus Deinen Tag belebt. Einfach einen Beutel entnehmen und das erfrischende Nikotinerlebnis geniessen.</p>
<!---->",Grape Ice Strong AW,Unisex,,,,,,,https://cdn.shopify.com/s/files/1/0072/0646/9679/files/XO_Grapce_Ice_a8ddf2bb-6bc0-40d1-8643-3fdcb037dc49.png,,,,,4.90,0.00,1,G,1,IN,3,3,3,,,,
,,XO-3015-1,Unisex,Title,Default Title,,,,,,,,,,4.90,0.00,1,G,1,IN,3,3,3,,,XO,Grape Ice Strong AW
Forest Fruits AW Slim,"<p>Erlebe den unvergleichlichen Genuss von <a href=""https://snushus.ch/collections/red-muule-snus"">Red Muule</a> Forest Fruits – der italienische Snus, der Dir den Geschmack des Waldes in jedem Beutel bietet. Diese Premium-Marke aus Italien überzeugt mit einer mittleren Stärke von 3/5 und einer Nikotinkonzentration von 14 mg/g, perfekt für gelegentliche Snuser, die einen ausgewogenen und dennoch intensiven Genuss bevorzugen.</p>
<p>Der Red Muule Forest Fruits Snus begeistert mit seinem verlockenden Geschmack nach Waldfrüchten. Die Slim Beutel sind besonders diskret und angenehm zu tragen, sodass Du Deinen Snus jederzeit und überall geniessen kannst. Mit 10 g Tabakersatz pro Dose bietet dieser All White Snus eine erfrischende Alternative ohne Verfärbung Deiner Zähne.</p>
<p>Dieser hochwertige Snus aus Italien ist ideal für alle, die einen gelegentlichen Nikotinkick suchen, ohne auf Geschmack und Qualität zu verzichten. Die sorgfältig ausgewählten Zutaten und die erstklassige Verarbeitung garantieren ein gleichmässiges und befriedigendes Snus-Erlebnis.</p>
<p>Bestelle jetzt Deinen Red Muule Forest Fruits Snus online und geniesse den fruchtigen Geschmack und die angenehme Nikotinstärke. Erlebe die Qualität und den erfrischenden Geschmack von Red Muule Forest Fruits und finde heraus, warum dieser Snus so besonders ist.</p>
<!---->",Forest Fruits AW Slim,Unisex,,,,,,,https://cdn.shopify.com/s/files/1/0072/0646/9679/files/redmuule_forest_fruits.png,,,,,4.90,0.00,1,G,10,IN,3,3,3,,,,
,,RM-2015-1,Unisex,Title,Default Title,,,,,,,,,,4.90,0.00,1,G,10,IN,3,3,3,,,Red Muule,Forest Fruits AW Slim
Watermelon Chili Strong AW,"<p>Entdecke <a href=""https://snushus.ch/collections/xo-snus"">XO</a> Watermelon Chili Strong All White Snus – Dein erfrischender Begleiter für ein aufregendes Nikotinerlebnis! Mit einem intensiven Nikotingehalt von 16 mg/g und Slim Pouches bietet Dir dieser Snus eine starke und lang anhaltende Erfahrung. Der erfrischende Wassermelonengeschmack kombiniert mit einem Hauch von Chili sorgt für ein einzigartiges und belebendes Aroma, das Deine Sinne weckt.</p>
<p>XO Watermelon Chili Strong All White Snus ist die ideale Wahl für alle, die ein kraftvolles und erfrischendes Snus-Erlebnis suchen. Die Slim Pouches sind diskret und angenehm zu tragen, sodass Du Deinen Snus jederzeit und überall geniessen kannst. Die praktische 10g Dose enthält 20 Beutel und bietet Dir somit ausreichend Vorrat für viele genussvolle Momente.</p>
<p>Mit einer Stärke von 4/5 ist XO Watermelon Chili Strong perfekt für erfahrene Snuser, die eine intensive Nikotinstärke und einen aussergewöhnlichen Geschmack bevorzugen. Dieser Snus, hergestellt nach höchsten Qualitätsstandards, garantiert ein erstklassiges Geschmackserlebnis.</p>
<p>Bestelle jetzt Deinen XO Watermelon Chili Strong All White Snus online und lass Dich von dieser einzigartigen Geschmackskombination überzeugen. Probiere es aus und erlebe die perfekte Verbindung von Frische und Schärfe!</p>
<!---->",Watermelon Chili Strong AW,Unisex,,,,,,,https://cdn.shopify.com/s/files/1/0072/0646/9679/files/XO_Watermelon_Chili_755a873f-fd6b-4393-becc-83b9e1bccb85.png,,,,,4.90,0.00,1,G,1,IN,3,3,3,,,,
,,XO-5015-1,Unisex,Title,Default Title,,,,,,,,,,4.90,0.00,1,G,1,IN,3,3,3,,,XO,Watermelon Chili Strong AW
Red Berries AW Slim,"<p>Entdecke <a href=""https://snushus.ch/collections/red-muule-snus"">Red Muule</a><a href=""https://snushus.ch/collections/red-muule""></a> Red Berries All White Slim – Dein perfekter Begleiter für ein intensives und erfrischendes Nikotinerlebnis! Mit einem Nikotingehalt von 14 mg/g und Slim Beuteln bietet Dir dieser Snus eine ausgewogene und lang anhaltende Erfahrung. Die All White Nikotinbeutel sorgen für einen erfrischenden und fruchtigen Geschmack nach roten Beeren.</p>
<p>Red Muule Red Berries All White Slim ist die ideale Wahl für alle, die Diskretion und Komfort schätzen. Dank der fortschrittlichen Technologie zur Geschmacksverstärkung erlebst Du ein intensives Aroma, das langanhaltende Zufriedenheit garantiert. Die schlanken Beutel sind diskret und angenehm zu konsumieren, sodass Du Deinen Snus jederzeit und überall geniessen kannst. Die 20g Dose bietet Dir ausreichend Vorrat für viele genussvolle Momente.</p>
<p>Gönn Dir den unvergleichlichen Genuss von Red Muule Red Berries All White Slim. Bestelle jetzt online und erfahre, wie dieser Snus Dir eine perfekte Mischung aus Fruchtigkeit, Diskretion und lang anhaltender Zufriedenheit bietet. Entdecke den Unterschied und bereichere Deinen Alltag mit einem intensiven Geschmackserlebnis!</p>
<!---->",Red Berries AW Slim,Unisex,,,,,,,https://cdn.shopify.com/s/files/1/0072/0646/9679/files/redmuule_red_berries_3e772af2-8902-476e-a37d-79f8f39a02ea.png,,,,,4.90,0.00,1,G,10,IN,3,3,3,,,,
,,RM-4015-1,Unisex,Title,Default Title,,,,,,,,,,4.90,0.00,1,G,10,IN,3,3,3,,,Red Muule,Red Berries AW Slim
Lime Cactus AW Slim,"<p>Tauche ein in das erfrischende Erlebnis von <a href=""https://snushus.ch/collections/red-muule-snus"">Red Muule</a> Lime Cactus – die ideale Wahl für alle, die nach einem exotischen und spritzigen Snus suchen. Mit einem Nikotingehalt von 14 mg/g bietet dieser Snus eine ausgewogene und kräftige Wirkung, die sich perfekt für Snus-Liebhaber eignet.</p>
<p>Red Muule Lime Cactus vereint den einzigartigen Geschmack von Kaktus mit der frischen Note von Limette. Die schlanken Beutel sind besonders unauffällig und angenehm zu tragen, sodass Du Deinen Snus diskret und komfortabel geniessen kannst.</p>
<p>Die hochwertigen Zutaten und die exzellente Verarbeitung sorgen für ein gleichmässiges und zufriedenstellendes Snus-Erlebnis. Red Muule Lime Cactus steht für erfrischenden Genuss und ein exotisches Aroma, das jeden Moment aufwertet.</p>
<p>Sichere Dir jetzt Deinen Red Muule Lime Cactus Snus online und erlebe die harmonische Mischung aus Kaktus und Limette. Gönne Dir diesen besonderen Snus und entdecke, warum Red Muule Lime Cactus die perfekte Wahl für Snus-Liebhaber ist.</p>
<!---->",Lime Cactus AW Slim,Unisex,,,,,,,https://cdn.shopify.com/s/files/1/0072/0646/9679/files/redmuule_lime_cactus.png,,,,,4.90,0.00,1,G,10,IN,3,3,3,,,,
,,RM-5015-1,Unisex,Title,Default Title,,,,,,,,,,4.90,0.00,1,G,10,IN,3,3,3,,,Red Muule,Lime Cactus AW Slim
Mango AW Slim,"<p>Erlebe die tropische Frische mit <a href=""https://snushus.ch/collections/red-muule-snus"">Red Muule</a> Mango All White – Deinem idealen Begleiter für einen fruchtigen Snus-Genuss. Mit einem Nikotingehalt von 14 mg/g und praktischen Slim Beuteln bietet dieser Snus eine perfekt abgestimmte Nikotindosis für mittlere Snus-Gewohnte.</p>
<p>Red Muule Mango begeistert mit seinem exotischen Mango-Geschmack, der Deine Sinne verwöhnt und ein angenehmes, fruchtiges Aroma hinterlässt. Die 10 g Nikotinersatz pro Dose sind in praktischen All White Pouches verpackt, die sich durch ihre Diskretion und einfache Handhabung auszeichnen. Diese Beutel sind so gestaltet, dass sie keine Verfärbungen hinterlassen und stets ein sauberes Gefühl vermitteln.</p>
<p>Jetzt ist der perfekte Zeitpunkt, Red Muule Mango auszuprobieren und Dich von der tropischen Frische dieser Snus-Marke zu überzeugen. Geniesse den exotischen Geschmack und die perfekte Nikotindosis, wo immer Du bist.</p>
<!---->",Mango AW Slim,Unisex,,,,,,,https://cdn.shopify.com/s/files/1/0072/0646/9679/files/redmuule_mango.png,,,,,4.90,0.00,1,G,10,IN,3,3,3,,,,
,,RM-3015-1,Unisex,Title,Default Title,,,,,,,,,,4.90,0.00,1,G,10,IN,3,3,3,,,Red Muule,Mango AW Slim
Spearmint Strong AW,"<p>Entdecke <a href=""https://snushus.ch/collections/xo-snus"">XO</a> Spearmint Strong AW – Dein idealer Begleiter für ein intensives und erfrischendes Nikotinerlebnis! Mit einem Nikotingehalt von 16 mg/g und Slim Beuteln bietet Dir dieser All White Snus eine starke und lang anhaltende Erfahrung. Der erfrischende Geschmack nach Pfefferminze sorgt für ein belebendes Aroma, das Deine Sinne erfrischt.</p>
<p>XO Spearmint Strong AW ist die perfekte Wahl für alle, die auf der Suche nach einem starken und erfrischenden Snus sind. Die Slim Beutel sind diskret und angenehm zu tragen, sodass Du Deinen Snus jederzeit und überall geniessen kannst. Die praktische 10 g Dose enthält 20 Beutel und bietet Dir somit ausreichend Vorrat für viele genussvolle Momente.</p>
<p>Hergestellt in Schweden, gehört XO Spearmint Strong AW zu einer renommierten schwedischen Snus Marke, die für ihre hohe Qualität und exzellenten Geschmack bekannt ist.</p>
<!---->",Spearmint Strong AW,Unisex,,,,,,,https://cdn.shopify.com/s/files/1/0072/0646/9679/files/XO_Spearmint_d01deb41-5228-4b38-9750-e6cd52e3d97d.png,,,,,4.90,0.00,1,G,1,IN,3,3,3,,,,
,,XO-4015-1,Unisex,Title,Default Title,,,,,,,,,,4.90,0.00,1,G,1,IN,3,3,3,,,XO,Spearmint Strong AW
Ice Cool Strong AW,"<p>Erlebe den intensiven Genuss von <a href=""https://snushus.ch/collections/xo-snus"">XO</a> Ice Cool Strong Snus – der perfekte Begleiter für erfahrene Snuser, die einen starken Kick suchen. Mit einem erfrischenden Minzgeschmack und einer hohen Nikotinkonzentration von 16 mg/g bietet dieser Snus ein kraftvolles und belebendes Erlebnis, das Deine Sinne weckt.</p>
<p>XO Ice Cool Strong überzeugt mit seinem frischen Minzgeschmack, der Dich bei jedem Gebrauch erfrischt. Die 20 Slim Beutel pro Dose sind besonders diskret und angenehm zu tragen, sodass Du Deinen Snus jederzeit und überall geniessen kannst. Jeder Beutel ist präzise portioniert, um Dir einen konstanten und intensiven Geschmack sowie die gewünschte Nikotindosis zu liefern.</p>
<p>Dieser starke Snus ist ideal für gewohnte Snuser, die einen kräftigen und langanhaltenden Genuss bevorzugen. Die hochwertige Verarbeitung und die sorgfältig ausgewählten Inhaltsstoffe garantieren ein erstklassiges Snus-Erlebnis. Mit XO Ice Cool Strong erhältst Du nicht nur den gewünschten Nikotin-Kick, sondern auch eine erfrischende Minzbrise, die Deinen Tag belebt.</p>
<p>Bestelle jetzt Deine XO Ice Cool Strong Snus Dose online und geniesse den unvergleichlichen Geschmack und die starke Wirkung. Dein idealer Snus-Genuss wartet auf Dich – und das zu einem attraktiven Preis.</p>
<!---->",Ice Cool Strong AW,Unisex,,,,,,,https://cdn.shopify.com/s/files/1/0072/0646/9679/files/XO_Ice_Cool_54c63bca-f5b9-4613-97f1-13d2248adfda.png,,,,,4.90,0.00,1,G,1,IN,3,3,3,,,,
,,XO-2015-1,Unisex,Title,Default Title,,,,,,,,,,4.90,0.00,1,G,1,IN,3,3,3,,,XO,Ice Cool Strong AW
Mint AW Slim,"<p>Entdecke <a href=""https://snushus.ch/collections/red-muule-snus"">Red Muule</a><a href=""https://snushus.ch/collections/red-muule""> </a>Mint All White Slim – Deine perfekte Wahl für ein erfrischendes Nikotinerlebnis! Mit einem Nikotingehalt von 14 mg/g und schlanken Beuteln bietet Dir dieser Snus eine ausgewogene und intensive Erfahrung. Die All White Nikotinbeutel sorgen für einen frischen Minzgeschmack, der Deine Sinne belebt.</p>
<p>Red Muule Mint AW Slim, die auf der Suche nach einem hochwertigen und erfrischenden Produkt sind. Die schlanken Beutel sind diskret und angenehm zu tragen, sodass Du Deinen Snus jederzeit und überall geniessen kannst. Die 20g Dose bietet Dir ausreichend Vorrat für langanhaltenden Genuss.</p>
<p>Geniesse den frischen Minzgeschmack von Red Muule Mint AW Slim und erlebe, wie dieser All White Snus Deinen Tag belebt. Einfach einen Beutel entnehmen und das erfrischende Nikotinerlebnis geniessen.</p>
<p>Bestelle jetzt Deinen Red Muule Mint AW Slim online und entdecke die erfrischende Welt von Red Muule.</p>
<!---->",Mint AW Slim,Unisex,,,,,,,https://cdn.shopify.com/s/files/1/0072/0646/9679/files/redmuule_mint_5fcea3f5-3992-4c97-a01b-68b7c3989889.png,,,,,4.90,0.00,1,G,10,IN,3,3,3,,,,
,,RM-1015-1,Unisex,Title,Default Title,,,,,,,,,,4.90,0.00,1,G,10,IN,3,3,3,,,Red Muule,Mint AW Slim
Blueberry Strong AW,"<p>Entdecke den <a href=""https://snushus.ch/collections/xo-snus"">XO</a><a href=""https://snushus.ch/collections/xo""></a> Blueberry Snus – Deine perfekte Wahl für einen erfrischend süssen Blaubeergeschmack. Speziell entwickelt für Personen, die eine hohe Snus-Stärke bevorzugen, bietet dieser All White Snus ein intensives Aroma und eine angenehme Nikotinstärke, die Deine Sinne belebt.</p>
<p>Der XO Blueberry Snus überzeugt mit seinem süssen Blaubeergeschmack, der jedes Mal aufs Neue begeistert. Die Slim Pouches sind besonders diskret und komfortabel zu tragen, sodass Du jederzeit und überall Dein Snus-Erlebnis geniessen kannst. Jede Dose enthält 10 g feinsten Snus, verteilt auf 20 Beutel – perfekt portioniert für eine langanhaltende Frische.</p>
<p>Mit den hochwertigen All White Snus Pouches bleibt Dein Lächeln strahlend weiss, da sie keine Verfärbungen verursachen. Der XO Blueberry Snus kombiniert höchsten Genuss mit praktischer Handhabung.</p>
<p>Ob Du unterwegs bist oder einfach nur eine erfrischende Pause einlegen möchtest, der XO Blueberry Snus ist stets bereit, Dir das ultimative Snus-Erlebnis zu bieten. Bestelle jetzt Deinen XO Blueberry Snus online und erlebe den süssen Geschmack der Blaubeere in jeder Slim Pouch.</p>
<!---->",Blueberry Strong AW,Unisex,,,,,,,https://cdn.shopify.com/s/files/1/0072/0646/9679/files/XO_Blueberry_e01ed586-60b8-4d62-a13f-e8c64eb3e3c5.png,,,,,4.90,0.00,1,G,1,IN,3,3,3,,,,
,,XO-1015-1,Unisex,Title,Default Title,,,,,,,,,,4.90,0.00,1,G,1,IN,3,3,3,,,XO,Blueberry Strong AW
Stockholm WP,"<meta charset=""utf-8"">
<div class=""item flex"">
<div class=""title""></div>
</div>
<div class=""item flex"">
<div class=""info"">
<p>NEU! Stockholm ist die neuste Kreation von Kurbits und besticht mit hochwertigen Rohstoffen - beim Tabak werden nur Premiumsorten verwendet die exklusiv mit schwedischen Citrus-, Blumen- und Lakritze-Aromen angereichert werden. Eine vollendete schwedische Snus-Kreation mit Zufriedenheitsgarantie für alle Snus-Feinschmecker!</p>
</div>
<div class=""info"">
<div class=""info""></div>
</div>
</div>",Stockholm WP,Unisex,,,,,,,https://cdn.shopify.com/s/files/1/0072/0646/9679/products/stockholm-white-portion.png,,,,,5.90,,1,G,30,IN,3,3,3,,,,
,,ST-1005-1,Unisex,Title,Default Title,,,,,,,,,,5.90,,1,G,30,IN,3,3,3,,,Stockholm,Stockholm WP
Fresh Mint AW,"Starker frischer Pfefferminzgeschmack mit einem hauch an Kräutern. Ström Mint liefert Dir Mittelstarke Kühlung mit lang anhaltendem Geschmack.<br data-mce-fragment=""1""><br>",Fresh Mint AW,Unisex,,,,,,,https://cdn.shopify.com/s/files/1/0072/0646/9679/files/strom-fresh-mint-aw-sized.png,,,,,4.90,0.00,1,G,13,IN,3,3,3,,,,
,,SR-1010-1,Unisex,Title,Default Title,,,,,,,,,,4.90,0.00,1,G,13,IN,3,3,3,,,STRÖM,Fresh Mint AW
Juicy Berry AW,"Anfänglich saftige und zitrusartige Frische kombiniert mit Melonenfruchtigkeit und Süsse, gefolgt von einem frischen und fruchtigen Beerengeschmack.",Juicy Berry AW,Unisex,,,,,,,https://cdn.shopify.com/s/files/1/0072/0646/9679/files/strom-juicy-berry-aw-sized.png,,,,,4.90,0.00,1,G,13,IN,3,3,3,,,,
,,SR-2010-1,Unisex,Title,Default Title,,,,,,,,,,4.90,0.00,1,G,13,IN,3,3,3,,,STRÖM,Juicy Berry AW
Minty Orange AW,"Die kühlende Frische der Minze kombiniert mit saftigem, bittersüssem Orangenaroma und Noten von Orangenschalen.",Minty Orange AW,Unisex,,,,,,,https://cdn.shopify.com/s/files/1/0072/0646/9679/files/strom-minty-orange-aw-sized.png,,,,,4.90,0.00,1,G,13,IN,3,3,3,,,,
,,SR-3010-1,Unisex,Title,Default Title,,,,,,,,,,4.90,0.00,1,G,13,IN,3,3,3,,,STRÖM,Minty Orange AW
COLD AW Bigpack,Der edel COLD ist in aller Munde und wurde bereits im ersten Jahr zum beliebtesten und meistverkauften All White Snus Produkt auf dem Schweizer Markt. Diese einzigartige Minz-Menthol Mischung mit Frischebooster und 20 mg/g Nikotin wurde speziell für die Vorlieben der heimischen Konsumenten entwickelt. Mit der Kraft des COLD kann kommen was wolle - immer und überall. Jetzt auch in der Vorteilspackung aus umweltfreundlichem Karton mit 100 Snusbeuteln!,COLD AW Bigpack,Unisex,,,,,,,https://cdn.shopify.com/s/files/1/0072/0646/9679/files/edelsnus-cold-all-white-big-pack-20.png,https://cdn.shopify.com/s/files/1/0072/0646/9679/products/edelsnus-cold-all-white-big-pack-comparison.png,,,,24.90,0.00,1,G,1,IN,3,3,3,,,,
,,ED-1020-1,Unisex,Title,Default Title,,,,,,,,,,24.90,0.00,1,G,1,IN,3,3,3,,,edel,COLD AW Bigpack
ONYX AW Bigpack,"<p>Der edel ONYX ist das bisher stärkste All White Produkt auf dem Schweizer Markt. Eine Mischung saftiger Bergkräuter mit einem Hauch von Eukalyptus. ONYX ist nichts für schwache Gemüter, aber trotzdem unglaublich lecker. Bist du bereit für den Kick? Jetzt auch in der Vorteilspackung aus umweltfreundlichem Karton mit 100 Snusbeuteln!</p>",ONYX AW Bigpack,Unisex,,,,,,,https://cdn.shopify.com/s/files/1/0072/0646/9679/files/edelsnus-onyx-all-white-big-pack-20.png,https://cdn.shopify.com/s/files/1/0072/0646/9679/products/edelsnus-onyx-all-white-big-pack-comparison.png,,,,24.90,0.00,1,G,1,IN,3,3,3,,,,
,,ED-9020-1,Unisex,Title,Default Title,,,,,,,,,,24.90,0.00,1,G,1,IN,3,3,3,,,edel,ONYX AW Bigpack
MELON AW,"<p class=""MsoNormal""><span lang=""DE-AT"" style=""mso-ansi-language: DE-AT;"">Vermisst du das erfrischende Gefühl einer saftigen Wassermelone? Dann ist der edel MELON mit seinem fruchtigen Aroma und einem Nikotingehalt von 15 mg/g genau das Richtige für dich. Kaugummi war gestern!</span><span lang=""DE"" style=""mso-ansi-language: DE;""></span></p>",MELON AW,Unisex,,,,,,,https://cdn.shopify.com/s/files/1/0072/0646/9679/files/edelsnus_PP_Top_Melon_wo_Shadow_a6003fed-4760-413e-8100-ea4462fb1d13.png,,,,,5.90,,1,G,14,IN,3,3,3,,,,
,,ED-3010-1,Unisex,Title,Default Title,,,,,,,,,,5.90,,1,G,14,IN,3,3,3,,,edel,MELON AW
MELON AW Mini,"<p class=""MsoNormal""><span lang=""DE-AT"" style=""mso-ansi-language: DE-AT;"">Lass dich vom verlockenden Geschmack des edel MELON MINI verführen, der als Slim-Variante bereits die Herzen eroberte – jetzt in brandneuen Mini-Pouches, perfekt abgestimmt in der Grösse bei gleichem Nikotingehalt.</span><span lang=""DE"" style=""mso-ansi-language: DE;""></span></p>",MELON AW Mini,Unisex,,,,,,,https://cdn.shopify.com/s/files/1/0072/0646/9679/files/edelsnus_PP_Top_Melon-Mini_wo_Shadow_06f3b3d1-7efa-44f8-91fa-311b02f97aa5.png,,,,,5.90,0.00,1,G,1,IN,3,3,3,,,,
,,ED-3110-1,Unisex,Title,Default Title,,,,,,,,,,5.90,0.00,1,G,1,IN,3,3,3,,,edel,MELON AW Mini
SPEARMINT AW Mini,"<p class=""MsoNormal""><span lang=""DE-AT"" style=""mso-ansi-language: DE-AT;"">Mach dich bereit für das ultimative Frischeerlebnis mit den brandneuen Mini Pouches von edel! Der edel Spearmint Mini ist eine sorgfältig ausgewählte Kombination aus knackiger Frische und intensiver Minznote – dein perfekter Begleiter für jeden Moment, der nach einen Kick und Frische verlangt.</span><span lang=""DE"" style=""mso-ansi-language: DE;""></span></p>",SPEARMINT AW Mini,Unisex,,,,,,,https://cdn.shopify.com/s/files/1/0072/0646/9679/files/edelsnus_PP_Top_Spearmint-Mini_wo_Shadow_ec55fe19-f59c-459c-afd8-3219fed27915.png,,,,,5.90,,1,G,1,IN,3,3,3,,,,
,,ED-7110-1,Unisex,Title,Default Title,,,,,,,,,,5.90,,1,G,1,IN,3,3,3,,,edel,SPEARMINT AW Mini
ONYX AW,"Der edel ONYX ist das bisher stärkste All White Produkt auf dem Schweizer Markt. Eine Mischung saftiger Bergkräuter mit einem Hauch von Eukalyptus. ONYX ist nichts für schwache Gemüter, aber trotzdem unglaublich lecker. Bist du bereit für den Kick?",ONYX AW,Unisex,,,,,,,https://cdn.shopify.com/s/files/1/0072/0646/9679/files/edelsnus_PP_Top_Onyx_wo_Shadow.png,,,,,5.90,0.00,1,G,28000,IN,3,3,3,,,,
,,ED-9010-1,Unisex,Title,Default Title,,,,,,,,,,5.90,0.00,1,G,28000,IN,3,3,3,,,edel,ONYX AW
FOREVER ICE AW,"<p>Entdecke unseren erfrischenden und belebenden edel FOREVER ICE! Tauche ein in den leicht süsslichen Geschmack von Gletscherminze und erinnere Dich an das unvergleichliche Gefühl Deiner Lieblings-Eisbonbons in Kombination mit einem wuchtigen Nikotinkick!</p>
<p><strong>Durch deinen Kauf unterstützt Du den Verein ""Gletscher und Klima“, der sich für das wissenschaftliche Langzeitmonitoring der Alpen-Gletscher einsetzt – die Basis für effektive Massnahmen und eine Zukunft mit einem gesunden Klima. Mit einem Beitrag von CHF 1.- pro verkaufter Dose, welcher von edelsnus übernommen wird, gibt es keine Ausreden mehr sich nicht zu engagieren…</strong> 😊 <a href=""https://edelsnus.com/verein-gletscher-und-klima/"">Erfahre mehr</a></p>",FOREVER ICE AW,Unisex,,,,,,,https://cdn.shopify.com/s/files/1/0072/0646/9679/files/edelsnus_PP_Top_ForEverIce_wo_Shadow.png,,,,,5.90,0.00,1,G,14,IN,3,3,3,,,,
,,ED-1115-1,Unisex,Title,Default Title,,,,,,,,,,5.90,0.00,1,G,14,IN,3,3,3,,,edel,FOREVER ICE AW
COLD AW,"<p class=""MsoNormal""><span lang=""DE-AT"" style=""mso-ansi-language: DE-AT;"">Der edel COLD ist in aller Munde und wurde bereits im ersten Jahr zum beliebtesten und meistverkauften All-White-Snus auf dem Schweizer Markt. Diese einzigartige Minz-Menthol-Mischung mit Frische-Booster und einem Nikotingehalt von 20 mg/g wurde speziell für die Vorlieben der heimischen Konsumenten entwickelt. Mit der erfrischenden Kraft des COLD bist du für alles gewappnet – jederzeit und überall.</span><span lang=""DE"" style=""mso-ansi-language: DE;""></span></p>",COLD AW,Unisex,,,,,,,https://cdn.shopify.com/s/files/1/0072/0646/9679/files/edelsnus_PP_Top_Cold_wo_Shadow.png,,,,,5.90,,1,G,14,IN,3,3,3,,,,
,,ED-1010-1,Unisex,Title,Default Title,,,,,,,,,,5.90,,1,G,14,IN,3,3,3,,,edel,COLD AW
BERRY ICE AW,"<span>Entdecke die erfrischende kühle des edel BERRY ICE! Diese einzigartige Mischung mit kräftigen 20 mg/g Nikotin verführt deine Sinne mit dem kühlen Hauch von Menthol, perfekt kombiniert mit dem saftigen Geschmack von Waldbeeren. Ein Genuss, der die Natur in deinen Gaumen zaubert und dich in eine belebende Geschmacksexplosion entführt.</span>",BERRY ICE AW,Unisex,,,,,,,https://cdn.shopify.com/s/files/1/0072/0646/9679/files/edelsnus_PP_Top_Berry-Ice_wo_Shadow.png,,,,,5.90,0.00,1,G,12,IN,3,3,3,,,,
,,ED-4110-1,Unisex,Title,Default Title,,,,,,,,,,5.90,0.00,1,G,12,IN,3,3,3,,,edel,BERRY ICE AW
CITRUS AW,"<p class=""MsoNormal""><span lang=""DE-AT"" style=""mso-ansi-language: DE-AT;"">Diese harmonische Symphonie aus den beliebtesten Zitrusfrüchten, gepaart mit einem Nikotingehalt von 15mg/g, verleiht diesem All-White Snus eine unwiderstehliche Vollendung. Ein Hauch von Sonne, Strand und Meer lässt dich Tagträumen und verleiht deinem Moment der Entspannung eine Extraportion Frische.</span><span lang=""DE"" style=""mso-ansi-language: DE;""></span></p>",CITRUS AW,Unisex,,,,,,,https://cdn.shopify.com/s/files/1/0072/0646/9679/files/edelsnus_PP_Top_Citrus_wo_Shadow.png,,,,,5.90,,1,G,14,IN,3,3,3,,,,
,,ED-2010-1,Unisex,Title,Default Title,,,,,,,,,,5.90,,1,G,14,IN,3,3,3,,,edel,CITRUS AW
Traube-Minze AW,"La Fruteria - Traube Minze wurde kreiert um den beliebtesten Shisha Geschmack in einen Pouch zu packen. Ganz nach dem Gusto von allen Wasserpfeifen Liebhabern. Frisch und trotzdem fruchtig, dazu sehr stark - ohne dass das Produkt gleichzeitig gefährlich ist wie zum Beispiel <a href=""https://snushus.ch/blogs/snusbuch/supreme-snus-co-nikotingehalt-erklart-das-problem-im-uberblick"">Supreme Snus</a>, da es in der Schweiz produziert wird",Traube-Minze AW,Unisex,,,,,,,https://cdn.shopify.com/s/files/1/0072/0646/9679/files/Snus_Container_Top_View_La_Fruteria_Traube_83d3cadd-4fe2-42d4-ad6f-3f16397c5496.png,,,,,7.90,0.00,1,G,14,IN,3,3,3,,,,
,,LF-1000-1,Unisex,Title,Default Title,,,,,,,,,,7.90,0.00,1,G,14,IN,3,3,3,,,La Fruteria,Traube-Minze AW
MINT AW,"<p class=""MsoNormal""><span lang=""DE-AT"" style=""mso-ansi-language: DE-AT;"">Entdecke den neuen Standard von Frische – edel MINT mit einem Hauch von Minze. Der wohl beliebteste Snus-Geschmack ist jetzt auch mit reduziertem Nikotingehalt erhältlich! Mit nur 10 mg/g Nikotin ist der edel MINT der ideale Begleiter für deinen Alltag. Gönn dir einen Moment der Erfrischung, wann immer du willst!</span><span lang=""DE"" style=""mso-ansi-language: DE;""></span></p>",MINT AW,Unisex,,,,,,,https://cdn.shopify.com/s/files/1/0072/0646/9679/files/edelsnus_PP_Top_Mint_wo_Shadow.png,,,,,5.90,0.00,1,G,1,IN,3,3,3,,,,
,,ED-7010-1,Unisex,Title,Default Title,,,,,,,,,,5.90,0.00,1,G,1,IN,3,3,3,,,edel,MINT AW
Alpächrütli AW,"<p>Der 7SIÄCH Alpächrütli ist eine einzigartige Mischung aus frischen Kräutern und erinnert an die saftigen Schweizer Alpen. Mit 25 mg/g Nikotin gibt er dir einen garantierten Frischekick. Das perfekte Geschmackserlebnis für alle Snuser, die Wert auf Schweizer Qualität legen.<br></p>
<p>7SIÄCH ist ein junges Schweizer Startup, das einzigartigen Schweizer Snus in höchster Qualität auf den Markt bringt. Ihr Ziel ist es, eine Schweizer Alternative zu den Produkten der grossen Tabakunternehmen anzubieten.</p>",Alpächrütli AW,Unisex,,,,,,,https://cdn.shopify.com/s/files/1/0072/0646/9679/products/7SIACH_Alpaechruetli_sized.png,,,,,6.90,0.00,1,G,1,IN,3,3,3,,,,
,,7S-1000-1,Unisex,Title,Default Title,,,,,,,,,,6.90,0.00,1,G,1,IN,3,3,3,,,7Siäch,Alpächrütli AW
LYCHEE AW,Empfindliche Gaumen aufgepasst: Hier kommt der LYCHEE! Der ausgewogene Geschmack nach Lychee mit einem Hauch von Rosenduft kombiniert mit 5mg/g Nikotin führt zu einer sanften Balance der Sinne - perfekt für Einsteiger.,LYCHEE AW,Unisex,,,,,,,https://cdn.shopify.com/s/files/1/0072/0646/9679/files/edel-snus-lychee-aw.png,,,,,6.90,0.00,1,G,1,IN,3,3,3,,,,
,,ED-8010-1,Unisex,Title,Default Title,,,,,,,,,,6.90,0.00,1,G,1,IN,3,3,3,,,edel,LYCHEE AW
CBD MINT,"<p class=""MsoNormal""><span lang=""DE-AT"" style=""mso-ansi-language: DE-AT;"">Um dem Druck der modernen Gesellschaft standzuhalten, ist es wichtig, Momente der Entspannung zu finden. Daher präsentieren wir mit Stolz den weltweit ersten CBD ALL WHITE. Diese Minz-Mischung ist frei von Nikotin und enthält Cannabinoide (12mg/g CBD), die deinen easy Flow aufrechterhalten und das ohne Belastung der Lunge.</span><span lang=""DE"" style=""mso-ansi-language: DE;""></span></p>",CBD MINT,Unisex,,,,,,,https://cdn.shopify.com/s/files/1/0072/0646/9679/files/edelsnus_PP_Top_Mint_CBD_wo_Shadow.png,,,,,5.90,,1,G,14,IN,3,3,3,,,,
,,ED-5010-1,Unisex,Title,Default Title,,,,,,,,,,5.90,,1,G,14,IN,3,3,3,,,edel,CBD MINT
Orange Jizz AW,"La Fruteria - Orange Jizz. Ein Geschmack, den es so noch nie in einem Pouch gegeben hat. Spritzige Orange und ein Schuss Blutorange für den Extra ""JIZZ"". Fruchtiger Frischekick und dazu sehr stark - ohne dass das Produkt gleichzeitig gefährlich ist wie zum Beispiel <a href=""https://snushus.ch/blogs/snusbuch/supreme-snus-co-nikotingehalt-erklart-das-problem-im-uberblick"">Supreme Snus</a>, da es in der Schweiz produziert wird.",Orange Jizz AW,Unisex,,,,,,,https://cdn.shopify.com/s/files/1/0072/0646/9679/files/Snus_Container_Top_View_La_Fruteria_Orange.png,,,,,7.90,0.00,1,G,14,IN,3,3,3,,,,
,,LF-2000-1,Unisex,Title,Default Title,,,,,,,,,,7.90,0.00,1,G,14,IN,3,3,3,,,La Fruteria,Orange Jizz AW
BERRY AW,"<p class=""MsoNormal""><span lang=""DE-AT"" style=""mso-ansi-language: DE-AT;"">Bist du es leid, immer das Gleiche zu haben? Dann gönn dir doch mal etwas Besonderes mit edel BERRY. Diese Mischung aus köstlichen Waldbeeren und 10 mg/g Nikotin wird deine Sinne verzaubern und ist auch für Neueinsteiger geeignet. Erlebe einen neuen Geschmackshorizont!</span><span lang=""DE"" style=""mso-ansi-language: DE;""></span></p>",BERRY AW,Unisex,,,,,,,https://cdn.shopify.com/s/files/1/0072/0646/9679/files/edelsnus_PP_Top_Berry_wo_Shadow.png,,,,,5.90,0.00,1,G,14000,IN,3,3,3,,,,
,,ED-4010-1,Unisex,Title,Default Title,,,,,,,,,,5.90,0.00,1,G,14000,IN,3,3,3,,,edel,BERRY AW
Snus Dose Aluminium (3 Teilig),"<p>100% Schweizer Handwerk<br data-mce-fragment=""1"">Kleines Fach im Deckel <br data-mce-fragment=""1"">Beide Fächer haben einen Dichtungsring<br data-mce-fragment=""1""></p>
<p>Die Dose kann auch mit einem individuellen Design gelasert werden. Für eine personalisierte Dose bitte mit uns Kontakt aufnehmen. </p>",Snus Dose Aluminium (3 Teilig),Unisex,,,,,,,https://cdn.shopify.com/s/files/1/0072/0646/9679/files/alu-snus-dose-snushus-bordeaux-rot-2023.png,https://cdn.shopify.com/s/files/1/0072/0646/9679/products/alu-snus-dose-snushus-bordeaux-rot-offen-2023.png,https://cdn.shopify.com/s/files/1/0072/0646/9679/products/alu-snus-dose-bordeaux-rot.png,https://cdn.shopify.com/s/files/1/0072/0646/9679/products/alu-snus-dose-schwarz.png,https://cdn.shopify.com/s/files/1/0072/0646/9679/products/alu-snus-dose-silber.png,39.90,,1,G,50,IN,3,3,3,,,,
,,ZU-7010-1,Unisex,Farbe,Bordeaux,,,,,,,,,,39.90,,1,G,50,IN,3,3,3,,,snushus.ch,Snus Dose Aluminium (3 Teilig)
,,ZU-7100-1,Unisex,Farbe,Schwarz,,,,,,,,,,39.90,,1,G,50,IN,3,3,3,,,snushus.ch,Snus Dose Aluminium (3 Teilig)
,,ZU-7300-1,Unisex,Farbe,Silber,,,,,,,,,,39.90,,1,G,50,IN,3,3,3,,,snushus.ch,Snus Dose Aluminium (3 Teilig)
,,ZU-7200-1,Unisex,Farbe,Gold,,,,,,,,,,39.90,,1,G,50,IN,3,3,3,,,snushus.ch,Snus Dose Aluminium (3 Teilig)
,,ZU-7000-1,Unisex,Farbe,Bordeaux Snushus à CHF 29.90,,,,,,,,,,29.90,,1,G,1,IN,3,3,3,,,snushus.ch,Snus Dose Aluminium (3 Teilig)
Snus Kissen,"Schon mal von einem riesigen Snus geträumt? Dann ist Dein Traum gerade wahr geworden! Ab sofort gibt es nämlich exklusiv bei uns das originelle Snus Kissen im White Portion Stil: Perfekt für die Dekoration der Couch oder zum Kuscheln im Bett. Es ist nicht nur cool anzusehen, sondern auch super weich und sehr bequem.<br data-mce-fragment=""1""><br data-mce-fragment=""1""><br data-mce-fragment=""1"">Das Kissen hat einen Reissverschluss auf der Rückseite (fast wie der echte Snus) so dass der Kissenbezug leicht gewaschen werden kann. Die Grösse ist 30 cm x 50 cm; mit anderen Worten, es ist schwer zu übersehen!<br data-mce-fragment=""1""><br data-mce-fragment=""1""><br data-mce-fragment=""1"">
<div style=""text-align: center;""><strong>Swiss Made - Qualitätsgarantie</strong></div>",Snus Kissen,Unisex,,,,,,,https://cdn.shopify.com/s/files/1/0072/0646/9679/products/snus_kissen_gedrehtovski.jpg,https://cdn.shopify.com/s/files/1/0072/0646/9679/products/snuskissenfastganzgradovski_e4093f8e-5852-4300-a95d-457639693784.png,https://cdn.shopify.com/s/files/1/0072/0646/9679/products/Snuskissen_e7c15df2-4379-4c71-948e-290320cd35f9.jpg,,,49.90,,1,G,1,IN,3,3,3,,,,
,,ZU-2000-1,Unisex,Title,Default Title,,,,,,,,,,49.90,,1,G,1,IN,3,3,3,,,snushus.ch,Snus Kissen
Bergluft AW,"<p>Der 7SIÄCH Bergluft katapultiert dich direkt auf die Schweizer Berggipfel - tief einatmen und die angenehme Kühle geniessen. Mit 20 mg/g Nikotin und einem Hauch von Menthol ist er der Klassiker in Schweizer Qualität.</p>
<p>7SIÄCH ist ein junges Schweizer Startup, das einzigartigen Schweizer Snus in höchster Qualität auf den Markt bringt. Ihr Ziel ist es, eine Schweizer Alternative zu den Produkten der grossen Tabakunternehmen anzubieten.</p>",Bergluft AW,Unisex,,,,,,,https://cdn.shopify.com/s/files/1/0072/0646/9679/products/7SIACH_Bergluft_sized.png,,,,,6.90,0.00,1,G,1,IN,3,3,3,,,,
,,7S-2000-1,Unisex,Title,Default Title,,,,,,,,,,6.90,0.00,1,G,1,IN,3,3,3,,,7Siäch,Bergluft AW
Freezing-Mint AW,"<p>Entdecke den unschlagbaren Genuss von ¡VALE! Freezing-Mint AW zum attraktiven Preis!</p>
<p>Der Freezing-Mint AW begeistert mit seiner erfrischenden Geschmacksexplosion. <br>Die Kombination von Minze und Menthol verleiht ihm einen ganz besonderen Charakter. Hergestellt nach anspruchsvollsten schweizerischen Verfahren, bietet dieser Snus <br>ein unvergleichliches Erlebnis.<br></p>",Freezing-Mint AW,Unisex,,,,,,,https://cdn.shopify.com/s/files/1/0072/0646/9679/files/vale-freezing-mint-aw.png,,,,,5.90,0.00,1,G,1,IN,3,3,3,,,,
,,VA-1010-1,Unisex,Title,Default Title,,,,,,,,,,5.90,0.00,1,G,1,IN,3,3,3,,,¡VALE!,Freezing-Mint AW
Frosted-Berry AW,"<p>Erlebe mit ¡VALE! Frosted-Berry AW das ultimative Geschmacksabenteuer: Swiss Made, erfrischend fruchtig und belebend – mit einem schnellen Energie-Kick!</p>
<p><br>Der Frosted-Berry AW bietet ein einzigartiges Geschmackserlebnis durch seinen intensiv fruchtigen, reichhaltigen und köstlichen Beeren-Geschmack zum <br>erschwinglichen Preis.<br></p>",Frosted-Berry AW,Unisex,,,,,,,https://cdn.shopify.com/s/files/1/0072/0646/9679/files/vale-frosted-berry-aw.png,,,,,5.90,0.00,1,G,1,IN,3,3,3,,,,
,,VA-2010-1,Unisex,Title,Default Title,,,,,,,,,,5.90,0.00,1,G,1,IN,3,3,3,,,¡VALE!,Frosted-Berry AW
Iced-Mint Tobacco WDP,"<p>Bist Du bereit für die langanhaltende, entspannende Wirkung von ¡VALE! Iced Mint Tobacco WDP - einem White Dry Portion Snus mit hervorragender Qualität<br>zum attraktiven Preis.</p>
<p>Der ¡VALE! Iced-Mint Tobacco vereint Menthol, Minze und Tabakgeschmack zu einem vollmundigen und einzigartigen Erlebnis mit seinen 45mg/g Nikotin.<br>Erlebe die erfrischende Kühle der Minze in Kombination mit dem natürlichen Tabakgeschmack.</p>",Iced-Mint Tobacco WDP,Unisex,,,,,,,https://cdn.shopify.com/s/files/1/0072/0646/9679/files/vale-iced-mint-tobacco-strong-wdp.png,,,,,5.90,0.00,1,G,1,IN,3,3,3,,,,
,,VA-3000-1,Unisex,Title,Default Title,,,,,,,,,,5.90,0.00,1,G,1,IN,3,3,3,,,¡VALE!,Iced-Mint Tobacco WDP
Lavender WP Slim,"Sei es bei einem Aperitivo auf der Piazza Grande in Locarno bei Sonnenschein oder beim Faulenzen auf den heissen, rund geschliffenen Steinen des Verzascatals: Das dolce far niente südlich der Alpen hat etwas magisches. Diese Magie hat die Leaf Bakery in einem blumigen, fruchtigen und mit Kräutern angereicherten Snus einfangen. Der TRIFT Lavender verkörpert Leichtigkeit, puren Genuss und Lebensfreude. Ein Snus für die sonnigen Tage im Leben!",Lavender WP Slim,Unisex,,,,,,,https://cdn.shopify.com/s/files/1/0072/0646/9679/products/1639499494172943_trift-lavender-white-portion-slim.jpg,,,,,7.90,6.90,1,G,1,IN,3,3,3,,,,
,,TR-3005-1,Unisex,Title,Default Title,,,,,,,,,,7.90,6.90,1,G,1,IN,3,3,3,,,TRIFT,Lavender WP Slim
Mint WP Slim,"Am Gipfel angekommen erstreckt sich vor dir das atemberaubende Bergpanorama der Schweizer Alpen. Zu deinen Füssen liegt ein unberührter Tiefschneehang. Nur ein kleiner Drop und das rauschende Gefühl von Freiheit und purer Lebensfreude durchzieht deinen ganzen Körper. Inspiriert von Momenten wie diesen, hat die Leaf Bakery an einer Rezeptur gefeilt, welche die Frische der Schweizer Bergluft mit einem Hauch von Minze kombiniert. Mit dem TRIFT Mint intensivierst Du jedes deiner ganz persönlichen Abenteuer! Enjoy the ride!",Mint WP Slim,Unisex,,,,,,,https://cdn.shopify.com/s/files/1/0072/0646/9679/products/1639499460844876_trift-mint-white-portion-slim.jpg,,,,,7.90,6.90,1,G,1,IN,3,3,3,,,,
,,TR-2005-1,Unisex,Title,Default Title,,,,,,,,,,7.90,6.90,1,G,1,IN,3,3,3,,,TRIFT,Mint WP Slim
Raw WP Slim,"<p>Bei diesem Snus hat sich die Leaf Bakery ganz an den traditionsreichen Rezepturen aus dem hohen Norden orientiert. Der Leaf Bakery ist es gelungen, einen hochqualitativen und traditionellen Snus mit hervorragendem Geschmack herzustellen. Wenn Du auf der Suche nach einer klassischen Snus-Variante bist, dann ist der TRIFT Raw genau das richtige für Dich. Trift Raw ist mit Sicherheit der beste Snus aus heimischer Produktion!<br></p>",Raw WP Slim,Unisex,,,,,,,https://cdn.shopify.com/s/files/1/0072/0646/9679/products/1639499405723941_trift-raw-white-portion-slim.jpg,,,,,7.90,6.90,1,G,1,IN,3,3,3,,,,
,,TR-1005-1,Unisex,Title,Default Title,,,,,,,,,,7.90,6.90,1,G,1,IN,3,3,3,,,TRIFT,Raw WP Slim
edelsnus Mix,"<p>Du bist Dir nicht sicher welcher edelsnus der passende für Dich ist? Kein Problem - mit diesem Mixpack kannst Du Dich durch das edelsnus Sortiment probieren und dabei noch sparen!</p>
<p>Mit schwedischer Unterstützung beim Aufbau der Produktion und lokalen Partnerschaften im Bereich Nikotin- und Aromatechnologie ist es edelsnus gelungen, ein unvergleichliches Snusprodukt zu kreieren. edelsnus verwendet ausschliesslich in der Schweiz hergestellte Rohstoffe um uns in Bezug auf Qualität und Geschmack abzuheben.</p>
<p>Sämtliche Produkte  sind frei von Nikotin und beinhalten einen Nikotingehalt zwischen 10 mg/g und 25 mg/g. <br>Geschmacklich geht die Reise vom beliebtesten Snus Aroma Menthol, über exotische Aromen wie Melone bis hin zu Eukalyptus. <br></p>
<p>Dieses Bundle enthaltet:</p>
<p><em class=""text-italic"">1x <a href=""https://snushus.ch/products/edel-snus-cold-all-white"">edelsnus COLD</a><br>1x<span> </span><a href=""https://snushus.ch/products/edel-snus-citrus-all-white"">edelsnus CITRUS</a><br>1x<span> </span><a href=""https://snushus.ch/products/edel-snus-melon-all-white"">edelsnus MELON</a><br>1x<span> </span><a href=""https://snushus.ch/products/edel-snus-berry-all-white"">edelsnus BERRY</a><br>1x<span> </span><a href=""https://snushus.ch/products/edel-snus-onyx-all-white"">edelsnus ONYX</a></em></p>
<p>Spare beim Kauf von diesem Bundle 28% auf den regulären Preis! <em class=""text-italic""><br></em>Hast Du den passenden edelsnus gefunden? Hier findest Du alle Produkte von<span> </span><a href=""https://snushus.ch/collections/edel-weiss-snus""><u class=""text-underline"">edelsnus</u></a>!</p>
<!---->",edelsnus Mix,Unisex,,,,,,,https://cdn.shopify.com/s/files/1/0072/0646/9679/files/edel-swissmade-allwhite-mixpack_0394b784-e20b-4e37-a81e-4adf8f233c72.png,,,,,34.50,24.90,1,G,1,IN,3,3,3,,,,
,,MIX-ED01,Unisex,Title,Default Title,,,,,,,,,,34.50,24.90,1,G,1,IN,3,3,3,,,edel,edelsnus Mix
Swiss Made All White Mix,"<p>Nur Schweden kann Snus?! Wir beweisen Dir das Gegenteil!<br>Probiere Dich durch die Vielfalt von Schweizer Snus Marken und überzeug Dich selber von der Qualität.</p>
<p>Sämtliche Produkte dieses Bundles sind frei von Tabak und beinhalten einen Nikotingehalt zwischen 10 mg/g und 30 mg/g. <br>Geschmacklich durchquert dieser Hus Mix sämtliche Stufen: von Schweizer Alpenkräutern bis hin zu Traube-Minze ist alles dabei.<br></p>
<p>Dieses Bundle enthaltet:</p>
<p><em class=""text-italic"">1x <a href=""https://snushus.ch/products/edel-snus-mint-all-white"" data-mce-href=""https://snushus.ch/collections/edel-weiss-snus/products/edel-mint"">edelsnus MINT</a><br>1x<span> </span><a href=""https://snushus.ch/collections/7siach/products/7siach-alpachrutli"" data-mce-href=""https://snushus.ch/collections/7siach/products/7siach-alpachrutli"">7Siäch Alpächrütli</a><br>1x<span> </span><a href=""https://snushus.ch/collections/7siach/products/7siach-bergluft"" data-mce-href=""https://snushus.ch/collections/7siach/products/7siach-bergluft"">7Siäch Bergluft</a><br>1x<span> </span><a href=""https://snushus.ch/collections/la-fruteria/products/la-fruteria-traube-minze-aw"" data-mce-href=""https://snushus.ch/collections/la-fruteria/products/la-fruteria-traube-minze-aw"">LaFruteria Traube-Minze</a><br>1x<span> </span><a href=""https://snushus.ch/collections/la-fruteria/products/la-fruteria-orange-jizz-aw"" data-mce-href=""https://snushus.ch/collections/la-fruteria/products/la-fruteria-orange-jizz-aw"">LaFruteria Orange-Jizz</a></em></p>
<p><br>Spare beim Kauf von diesem Bundle 32% auf den regulären Preis! <br>Ist dieses Bundle nichts für Dich? Schau mal ob ein anderes <a href=""https://snushus.ch/collections/hus-mix-1"" data-mce-href=""https://snushus.ch/collections/hus-mix-1""><u class=""text-underline"">Mix-Pack</u></a> Dir mehr zusagt. </p>
<!---->",Swiss Made All White Mix,Unisex,,,,,,,https://cdn.shopify.com/s/files/1/0072/0646/9679/files/All-White-Swiss-Made-Mix_522d9b1c-7e25-41b2-b014-2f33c234b9f4.png,,,,,36.50,24.90,1,G,1,IN,3,3,3,,,,
,,MIX-SM01,Unisex,Title,Default Title,,,,,,,,,,36.50,24.90,1,G,1,IN,3,3,3,,,Hus Mix,Swiss Made All White Mix
Cool Mint X-Strong WDP,"Der T45 Cool Mint ist ein alltägliches Produkt mit Menthol Geschmack für jeden Snuser, der auf der Suche nach einem Nikotinkick ist. Der T45 Cool Mint Snus vermittelt eine klare, lang anhaltende Frische, während die Aromen auch für eine lange Lebensdauer geschaffen wurden.",Cool Mint X-Strong WDP,Unisex,,,,,,,https://cdn.shopify.com/s/files/1/0072/0646/9679/products/t45-cool-mint-xstrong-white-dry-portion-front.png,,,,,3.90,,1,G,30,IN,3,3,3,,,,
,,T4-1005-1,Unisex,Title,Default Title,,,,,,,,,,3.90,,1,G,30,IN,3,3,3,,,T45,Cool Mint X-Strong WDP
Green Mint X-Strong WDP,"Der T45 Green Mint konzentriert sich auf frische Düfte und Aromen. Ein grosszügiger Mentholgeschmack wird mit blumigem Duft und Fruchtaromen ausgeglichen, um das Harte mit dem Weichen zu verbinden. Der T45 Green Mint Snus ist klassisch und gleichzeitig völlig innovativ.",Green Mint X-Strong WDP,Unisex,,,,,,,https://cdn.shopify.com/s/files/1/0072/0646/9679/products/t45-green-mint-xstrong-white-dry-portion-front.png,,,,,3.90,,1,G,30,IN,3,3,3,,,,
,,T4-2005-1,Unisex,Title,Default Title,,,,,,,,,,3.90,,1,G,30,IN,3,3,3,,,T45,Green Mint X-Strong WDP
Peppermint X-Strong WDP,"T45 Peppermint konzentriert sich auf den starken Geschmack von Pfefferminze, kommt aber gleichzeitig auch mit einem runden Geschmack von grüner Minze. Insgesamt sind sowohl Stärke als auch Weichheit in diesem Snus zu finden, der von jedem Snuser geschätzt werden kann, welcher auch einen Minz- statt nur einen reinem Pfefferminz Snus will.",Peppermint X-Strong WDP,Unisex,,,,,,,https://cdn.shopify.com/s/files/1/0072/0646/9679/products/t45-pepptermint-xstrong-white-dry-portion-front.png,,,,,3.90,,1,G,30,IN,3,3,3,,,,
,,T4-3005-1,Unisex,Title,Default Title,,,,,,,,,,3.90,,1,G,30,IN,3,3,3,,,T45,Peppermint X-Strong WDP
Cold Mint Extreme WDP,"Diese Ergänzung zum T45-Trio basiert auf Spearmint-Geschmack und wird von Pfefferminznoten vervollständigt. Mit seiner erheblichen Stärke ist dieses Produkt perfekt für einen Snuser, der sich starke, hochqualitative Minzprodukte und einen ordentlichen Nikotinkick gewöhnt ist.<br data-mce-fragment=""1""><br data-mce-fragment=""1"">T45 Cold Mint Extreme gibt dir nicht nur ein erfrischendes Geschmackserlebnis und einen ordentlichen Nikotinkick, sondern auch dieses unverwechselbare Frische-Gefühl, welches von einem gekühlten Snus ausgeht, ohne dass die Geschmäcker dabei durch eine Kühlung beeinträchtigt werden.",Cold Mint Extreme WDP,Unisex,,,,,,,https://cdn.shopify.com/s/files/1/0072/0646/9679/products/t45-cold-mint-extreme-white-dry-portion-front.png,,,,,3.90,0.00,1,G,1,IN,3,3,3,,,,
,,T4-4005-1,Unisex,Title,Default Title,,,,,,,,,,3.90,0.00,1,G,1,IN,3,3,3,,,T45,Cold Mint Extreme WDP
Frosted WDP Slim,"<meta charset=""utf-8"">
<div class=""item flex "">
<div class=""title"">
<div class=""info"">
<p><span>Thunder Frosted Slim White Dry Portion ist ein kraftvoller Snus, wie die meisten der Thunder Serie. Im Slim Format liegt er angenehm unter der Lippe und als White Dry Portion rinnt er sehr wenig. Hergestellt wird dieser Snus von V2 in Dänemark.</span></p>
</div>
</div>
</div>
<div class=""item flex ""></div>",Frosted WDP Slim,Unisex,,,,,,,https://cdn.shopify.com/s/files/1/0072/0646/9679/products/thunder-frosted-slim-white-dry-portion.png,,,,,4.80,,1,G,30,IN,3,3,3,,,,
,,TH-4005-1,Unisex,Title,Default Title,,,,,,,,,,4.80,,1,G,30,IN,3,3,3,,,Thunder,Frosted WDP Slim
X WDP Slim,"<meta charset=""utf-8"">
<div class=""item flex "">
<div class=""title"">
<div class=""info"">
<p>Thunder X Slim White Dry Portion ist, wie die meisten der Thunder Produkte, ein sehr starker Snus und rinnt als White Dry Portion sehr wenig. Mit klassischem Minzgeschmack und seinem hohen Nikotingehalt ist dieser Snus nur erfahrenen Snuser zu empfehlen.</p>
</div>
</div>
</div>
<div class=""item flex ""></div>",X WDP Slim,Unisex,,,,,,,https://cdn.shopify.com/s/files/1/0072/0646/9679/products/thunder-x-slim-white-dry-portion.png,,,,,4.80,,1,G,30,IN,3,3,3,,,,
,,TH-3005-1,Unisex,Title,Default Title,,,,,,,,,,4.80,,1,G,30,IN,3,3,3,,,Thunder,X WDP Slim
Frosted OP,"<meta charset=""utf-8"">
<div class=""item flex "">
<div class=""title"">
<div class=""info"">
<p><span>Thunder Frosted Original Portion ist ein richtig starker Snus mit einem kräftigen und minzigen Geschmack - dazu gesellt sich die beachtliche Nikotinstärke wie bei den meisten der Thunder Produkte. Als spezielle Eigenschaft kommt die Dose mit einem Doppeldeckel für die gebrauchten Portionen.</span></p>
</div>
</div>
</div>
<div class=""item flex ""></div>",Frosted OP,Unisex,,,,,,,https://cdn.shopify.com/s/files/1/0072/0646/9679/products/thunder-frosted-original-portion.png,,,,,4.80,,1,G,30,IN,3,3,3,,,,
,,TH-1005-1,Unisex,Title,Default Title,,,,,,,,,,4.80,,1,G,30,IN,3,3,3,,,Thunder,Frosted OP
Frosted AW Slim,"Thunder jetzt auch als ""All White"" Nikotinbeutel erhältlich! Eiskalt mit einem heißen Stechen und einem vertrauten Spearmint-Geschmack.",Frosted AW Slim,Unisex,,,,,,,https://cdn.shopify.com/s/files/1/0072/0646/9679/products/Thunder-Frosted-Slim-AW.png,,,,,5.55,,1,G,30,IN,3,3,3,,,,
,,TH-5005-1,Unisex,Title,Default Title,,,,,,,,,,5.55,,1,G,30,IN,3,3,3,,,Thunder,Frosted AW Slim
Deep Freeze AW Slim,"Thunder jetzt auch als ""All White"" Nikotinbeutel erhältlich!  Intensiver eisiger und frischer kühlender Charakter mit Noten von Eukalyptus und Menthol.",Deep Freeze AW Slim,Unisex,,,,,,,https://cdn.shopify.com/s/files/1/0072/0646/9679/products/Thunder-Deep-Freeze-Slim-AW.png,,,,,5.55,,1,G,30,IN,3,3,3,,,,
,,TH-6005-1,Unisex,Title,Default Title,,,,,,,,,,5.55,,1,G,30,IN,3,3,3,,,Thunder,Deep Freeze AW Slim
Mint WP Slim,"Am Gipfel angekommen erstreckt sich vor dir das atemberaubende Bergpanorama der Schweizer Alpen. Zu deinen Füssen liegt ein unberührter Tiefschneehang. Nur ein kleiner Drop und das rauschende Gefühl von Freiheit und purer Lebensfreude durchzieht deinen ganzen Körper. Inspiriert von Momenten wie diesen, hat die Leaf Bakery an einer Rezeptur gefeilt, welche die Frische der Schweizer Bergluft mit einem Hauch von Minze kombiniert. Mit dem TRIFT Mint intensivierst Du jedes deiner ganz persönlichen Abenteuer! Enjoy the ride!",Mint WP Slim,Unisex,,,,,,,https://cdn.shopify.com/s/files/1/0072/0646/9679/products/1639499460844876_trift-mint-white-portion-slim.jpg,,,,,7.90,6.90,1,G,1,IN,3,3,3,,,,
,,TR-2005-1,Unisex,Title,Default Title,,,,,,,,,,7.90,6.90,1,G,1,IN,3,3,3,,,TRIFT,Mint WP Slim
Lavender WP Slim,"Sei es bei einem Aperitivo auf der Piazza Grande in Locarno bei Sonnenschein oder beim Faulenzen auf den heissen, rund geschliffenen Steinen des Verzascatals: Das dolce far niente südlich der Alpen hat etwas magisches. Diese Magie hat die Leaf Bakery in einem blumigen, fruchtigen und mit Kräutern angereicherten Snus einfangen. Der TRIFT Lavender verkörpert Leichtigkeit, puren Genuss und Lebensfreude. Ein Snus für die sonnigen Tage im Leben!",Lavender WP Slim,Unisex,,,,,,,https://cdn.shopify.com/s/files/1/0072/0646/9679/products/1639499494172943_trift-lavender-white-portion-slim.jpg,,,,,7.90,6.90,1,G,1,IN,3,3,3,,,,
,,TR-3005-1,Unisex,Title,Default Title,,,,,,,,,,7.90,6.90,1,G,1,IN,3,3,3,,,TRIFT,Lavender WP Slim
Raw WP Slim,"<p>Bei diesem Snus hat sich die Leaf Bakery ganz an den traditionsreichen Rezepturen aus dem hohen Norden orientiert. Der Leaf Bakery ist es gelungen, einen hochqualitativen und traditionellen Snus mit hervorragendem Geschmack herzustellen. Wenn Du auf der Suche nach einer klassischen Snus-Variante bist, dann ist der TRIFT Raw genau das richtige für Dich. Trift Raw ist mit Sicherheit der beste Snus aus heimischer Produktion!<br></p>",Raw WP Slim,Unisex,,,,,,,https://cdn.shopify.com/s/files/1/0072/0646/9679/products/1639499405723941_trift-raw-white-portion-slim.jpg,,,,,7.90,6.90,1,G,1,IN,3,3,3,,,,
,,TR-1005-1,Unisex,Title,Default Title,,,,,,,,,,7.90,6.90,1,G,1,IN,3,3,3,,,TRIFT,Raw WP Slim
Icy Berries AW,"<p><span data-mce-fragment=""1"">VELO Berry Frost X-Strong AW wird zu VELO Icy Berries AW:</span></p>
<p><span data-mce-fragment=""1"">VELO Icy Berries ist eine vollständig weisse Portion mit einem erfrischenden Beerenaroma. Die schlanke Präsentation des Produkts verleiht ihm ein modernes Erscheinungsbild.</span></p>",Icy Berries AW,Unisex,,,,,,,https://cdn.shopify.com/s/files/1/0072/0646/9679/files/Velo_Icy_Berries.png,,,,,5.20,0.00,1,G,14,IN,3,3,3,,,,
,,VE-1305-1,Unisex,Title,Default Title,,,,,,,,,,5.20,0.00,1,G,14,IN,3,3,3,,,VELO (SE),Icy Berries AW
Mighty Peppermint AW,"<p>Erlebe <a href=""https://snushus.ch/collections/velo-snus"">VELO</a> Mighty Peppermint All White – Dein erfrischender Begleiter für ein kraftvolles Nikotinerlebnis. Mit einer Stärke von 4/5 und einem hohen Nikotingehalt von 15,6 mg/g bietet Dir dieser Snus eine starke und langanhaltende Wirkung. Die 20 Slim Beutel sind perfekt für den diskreten und bequemen Genuss.</p>
<p>Erlebe mit VELO Mighty Peppermint AW eine erfrischende Neuheit! <strong>Der altbekannte Velo Freeze AW wurde aufgewertet und erstrahlt nun im neuen Design</strong>.</p>
<p>Die VELO Beutel, auf aromatisierter Zellulosebasis und völlig frei von Tabak, kommen im Slim Format. Ohne Tabak bedeutet kein Tabakgeruch und keine Tabakschadstoffe – weltweit gibt es derzeit keine weniger schädliche Art, Nikotin zu konsumieren.</p>
<p>All White Snus / Nicotine Pouches bieten sich besonders für Raucher an, die mit herkömmlichen Methoden zur Rauchentwöhnung wie Nikotinpflastern, Nikotinkaugummis oder Nikotinsprays wenig Erfolg haben. VELO Mighty Peppermint kombiniert einen kühlenden Minzgeschmack mit einem hohen Nikotingehalt und sorgt so für ein belebendes und erfrischendes Aroma.</p>
<p>Geniesse die kraftvolle Frische von VELO Mighty Peppermint All White und erlebe die Vorteile eines tabakfreien Nikotinerlebnisses. Bestelle jetzt online und entdecke, warum VELO die bevorzugte Wahl für Snus-Liebhaber ist. Gönn Dir diesen intensiven Genuss und bringe Frische in Deinen Alltag!</p>
<div class=""info"">
<div class=""info"">
<div class=""item flex"">
<div class=""title"">
<p>EPOK, LYFT oder VELO? <a href=""https://snushus.ch/blogs/snusbuch/epok-und-lyft-werden-ersetzt-mit-velo"">Hier findest Du alle Informationen zu diesem Thema!</a></p>
</div>
</div>
</div>
</div>",Mighty Peppermint AW,Unisex,,,,,,,https://cdn.shopify.com/s/files/1/0072/0646/9679/files/Velo-Mighty-Peppermint-4.png,https://cdn.shopify.com/s/files/1/0072/0646/9679/files/velo-mighty-peppermint_8b1d59b0-561c-4753-91a9-54f7735fa305.png,,,,5.20,,1,G,14,IN,3,3,3,,,,
,,VE-1005-1,Unisex,Title,Default Title,,,,,,,,,,5.20,,1,G,14,IN,3,3,3,,,VELO (SE),Mighty Peppermint AW
Crispy Peppermint AW,"<p>Erlebe <a href=""https://snushus.ch/collections/velo-snus"">VELO</a> Crispy Peppermint AW – Dein erfrischender Begleiter für ein belebendes Nikotinerlebnis. Mit einem Minzgeschmack und einer Stärke von 3/5 bietet Dir dieser Snus eine angenehme und langanhaltende Wirkung. Die 20 Slim-Beutel pro Schachtel sind ideal für den diskreten und bequemen Genuss. Der Nikotingehalt von 14 mg/g überzeugt Dich.</p>
<p>Erlebe mit dem VELO Crispy Peppermint AW eine erfrischende Neuheit! <strong>Der altbekannte Velo Ice Cool Strong AW</strong> wurde aufgewertet und erstrahlt nun unter dem neuen Design.</p>
<p>Auf aromatisierter Zellulosebasis und völlig frei von Tabak kommen auch die VELO Beutel im Slim Format. Ohne Tabak bedeutet ohne gewöhnungsbedürftigen Tabakgeruch sowie ohne jegliche Tabakschadstoffe – weltweit gibt es aktuell keine weniger schädliche Art, Nikotin zu konsumieren.</p>
<p>All White Nicotine Pouches bieten sich deshalb vor allem Rauchern an, die mit herkömmlichen Methoden zur Rauchentwöhnung wie Nikotinpflastern, Nikotinkaugummis oder Nikotinsprays nichts anfangen können. VELO Crispy Peppermint AW bietet eine erfrischende Kombination aus Minzgeschmack und sanfter Stärke, perfekt für den täglichen Gebrauch.</p>
<p>Geniesse die frische Pfefferminze von VELO Crispy Peppermint AW und erlebe die Vorteile eines tabakfreien Nikotinerlebnisses. Bestelle jetzt online und entdecke, warum VELO die bevorzugte Wahl für Nicotine Pouch-Liebhaber ist. Gönn Dir diesen erfrischenden Genuss und bringe Frische in Deinen Alltag!</p>
<p><a href=""https://snushus.ch/blogs/snusbuch/epok-und-lyft-werden-ersetzt-mit-velo"">EPOK, LYFT oder VELO? Hier findest Du alle Informationen zu diesem Thema!</a></p>",Crispy Peppermint AW,Unisex,,,,,,,https://cdn.shopify.com/s/files/1/0072/0646/9679/files/Velo-crispy-Peppermint-2024_e3a020fd-a282-4a3f-8c23-19b6201d014a.png,https://cdn.shopify.com/s/files/1/0072/0646/9679/files/velo-crispy-peppermint_14395c0a-747d-41a3-b4bd-5435fad2ec24.png,,,,5.20,,1,G,14,IN,3,3,3,,,,
,,VE-6005-1,Unisex,Title,Default Title,,,,,,,,,,5.20,,1,G,14,IN,3,3,3,,,VELO (SE),Crispy Peppermint AW
Witty Spearmint AW,"<p><span>Erlebe mit dem VELO Witty Spearmint AW eine erfrischende Neuheit! Der altbekannte Velo Mint AW wurde aufgewertet und erstrahlt nun unter dem neuen Design. </span></p>
<p>Auf aromatisierter Zellulosebasis und völlig frei von Tabak kommen auch die LYFT Beutel im Slim Format. Ohne Tabak bedeutet ohne gewöhnungsbedürftigen Tabakgeruch sowie ohne jegliche Tabakschadstoffe - aktuell gibt es weltweit keine weniger schädliche Art, Nikotin zu konsumieren. All White Snus / Nicotine Pouches bietet sich deshalb vor allem Rauchern an, welche mit Rauchentwöhnung wie Nikotinpflaster, Nikotinkaugummi oder Nikotinspray nichts anfangen können.<br></p>
<div class=""info"">
<div class=""info"">
<div class=""item flex"">
<div class=""title"">
<p>Der Velo Witty Spearmint kommt mit kühlendem Minzgeschmack und gemässigtem Nikotingehalt. Der klassische Minze Snus von VELO im Slim Format.</p>
<p><span>EPOK, LYFT oder VELO? </span><a href=""https://snushus.ch/blogs/snusbuch/epok-und-lyft-werden-ersetzt-mit-velo"">Hier findest Du alle Informationen zu diesem Thema!</a></p>
</div>
</div>
</div>
</div>",Witty Spearmint AW,Unisex,,,,,,,https://cdn.shopify.com/s/files/1/0072/0646/9679/files/Velo-Witty-Spearmint-2.png,https://cdn.shopify.com/s/files/1/0072/0646/9679/files/VeloWittySpearmint_bff6eb2f-e277-4438-9d39-ed9d72e44cee.png,,,,5.20,,1,G,14,IN,3,3,3,,,,
,,VE-7005-1,Unisex,Title,Default Title,,,,,,,,,,5.20,,1,G,14,IN,3,3,3,,,VELO (SE),Witty Spearmint AW
Crispy Peppermint AW,"<p>Die kühle Brise von Minze und Bergkräutern ist wie eine frische Bergbrise.</p>
<p><span>Erlebe mit dem VELO Crispy Peppermint AW eine erfrischende Neuheit! Der altbekannte Velo Ice Cool Strong AW wurde aufgewertet und erstrahlt nun unter dem neuen Design. </span></p>
<p>EPOK, LYFT oder VELO?! <br>Weitere Informationen dazu findest Du in <a href=""https://snushus.ch/blogs/snusbuch/was-ist-all-white-snus"" target=""_blank"">unserem Blog</a>.</p>",Crispy Peppermint AW,Unisex,,,,,,,https://cdn.shopify.com/s/files/1/0072/0646/9679/files/Velo-crispy-Peppermint-2024.png,,,,,6.90,,1,G,1,IN,3,3,3,,,,
,,VE-3605-1,Unisex,Title,Default Title,,,,,,,,,,6.90,,1,G,1,IN,3,3,3,,,VELO (SK),Crispy Peppermint AW
Mighty Peppermint AW,"<p>Eisdurchdringender, intensiver Geschmack auf salziger Geschmacksbasis. Sie erinnern sich vielleicht unter dem ursprünglichen Namen LYFT Freeze daran.</p>
<p><span>Erlebe mit dem VELO Mighty Peppermint AW eine erfrischende Neuheit! Der altbekannte Velo Freeze AW wurde aufgewertet und erstrahlt nun unter dem neuen Design. </span></p>
<p>EPOK, LYFT oder VELO?! <br>Weitere Informationen dazu findest Du in <a href=""https://snushus.ch/blogs/snusbuch/was-ist-all-white-snus"" rel=""noopener noreferrer"" target=""_blank"">unserem Blog</a>.</p>",Mighty Peppermint AW,Unisex,,,,,,,https://cdn.shopify.com/s/files/1/0072/0646/9679/files/Velo-Mighty-Peppermint-light2024.png,,,,,6.90,,1,G,14,IN,3,3,3,,,,
,,VE-4105-1,Unisex,Title,Default Title,,,,,,,,,,6.90,,1,G,14,IN,3,3,3,,,VELO (SK),Mighty Peppermint AW
Mini Spiffy Spearmint AW,"<p><span>Erlebe mit dem VELO Mini Spiffy Spearmint AW eine erfrischende Neuheit! Der altbekannte Velo Mini Easy Mint AW wurde aufgewertet und erstrahlt nun unter dem neuen Design. </span></p>
<p>Auf aromatisierter Zellulosebasis und völlig frei von Tabak kommen die VELO Beutel neu auch im Mini Format. Ohne Tabak bedeutet ohne gewöhnungsbedürftigen Tabakgeruch sowie ohne jegliche Tabakschadstoffe - aktuell gibt es weltweit keine weniger schädliche Art, Nikotin zu konsumieren. All White Snus / Nicotine Pouches bietet sich deshalb vor allem Rauchern an, welche mit Rauchentwöhnung wie Nikotinpflaster, Nikotinkaugummi oder Nikotinspray nichts anfangen können.<br></p>
<div class=""info"">
<div class=""info"">
<div class=""item flex"">
<div class=""title"">
<p>Der VELO Mini Spiffy Spearmint kommt mit süssem Minzgeschmack und tiefem Nikotingehalt.</p>
<p><span>EPOK, LYFT oder VELO? </span><a href=""https://snushus.ch/blogs/snusbuch/epok-und-lyft-werden-ersetzt-mit-velo"">Hier findest Du alle Informationen zu diesem Thema!</a></p>
</div>
</div>
</div>
</div>",Mini Spiffy Spearmint AW,Unisex,,,,,,,https://cdn.shopify.com/s/files/1/0072/0646/9679/files/Velo-Spiffy-spearmint-mini.png,https://cdn.shopify.com/s/files/1/0072/0646/9679/files/velo-spiffy-spearmint-mini1_e1acc026-45e5-4398-a4d0-68ba67917afb.png,,,,5.20,,1,G,10,IN,3,3,3,,,,
,,VE-9005-1,Unisex,Title,Default Title,,,,,,,,,,5.20,,1,G,10,IN,3,3,3,,,VELO (SE),Mini Spiffy Spearmint AW
Mini Groovy Grape AW,"<p><span>Erlebe mit dem VELO Mini Groovy Grape AW eine erfrischende Neuheit! Der altbekannte Velo Mini Royal Purple AW wurde aufgewertet und erstrahlt nun unter dem neuen Design. </span></p>
<p>Auf aromatisierter Zellulosebasis und völlig frei von Tabak kommen auch die<span> VELO </span>Beutel im Slim Format. Ohne Tabak bedeutet ohne gewöhnungsbedürftigen Tabakgeruch sowie ohne jegliche Tabakschadstoffe - aktuell gibt es weltweit keine weniger schädliche Art, Nikotin zu konsumieren. All White Snus / Nicotine Pouches bietet sich deshalb vor allem Rauchern an, welche mit Rauchentwöhnung wie Nikotinpflaster, Nikotinkaugummi oder Nikotinspray nichts anfangen können.<br></p>
<div class=""info"">
<div class=""info"">
<div class=""item flex"">
<div class=""title"">
<p>Der VELO Mini Groovy Grape AW hat den intensiven Geschmack von roten Trauben und kommt in extra kleinen Beuteln (Mini) für eine noch diskretere Anwendung.</p>
<p><span>EPOK, LYFT oder VELO? </span><a href=""https://snushus.ch/blogs/snusbuch/epok-und-lyft-werden-ersetzt-mit-velo"">Hier findest Du alle Informationen zu diesem Thema!</a></p>
</div>
</div>
</div>
</div>",Mini Groovy Grape AW,Unisex,,,,,,,https://cdn.shopify.com/s/files/1/0072/0646/9679/files/velo-groovy-grape-mini-2.png,https://cdn.shopify.com/s/files/1/0072/0646/9679/files/velo-groovy-grape-mini_3c939a50-1964-4804-b96b-76b3321e101b.png,,,,5.20,,1,G,10,IN,3,3,3,,,,
,,VE-1405-1,Unisex,Title,Default Title,,,,,,,,,,5.20,,1,G,10,IN,3,3,3,,,VELO (SE),Mini Groovy Grape AW
Mini Berry Frost Medium AW,"<p>Kühlender Geschmack von süssen Himbeeren, Heidelbeeren und Brombeeren mit leicht würzigen Tönen.</p>
<p>EPOK, LYFT oder VELO?! <br>Weitere Informationen dazu findest Du in <a href=""https://snushus.ch/blogs/snusbuch/was-ist-all-white-snus"" target=""_blank"" rel=""noopener noreferrer"">unserem Blog</a>.</p>",Mini Berry Frost Medium AW,Unisex,,,,,,,https://cdn.shopify.com/s/files/1/0072/0646/9679/files/velo-mini-berry-frost-medium-aw_88bb7d36-fa14-4e03-ad9d-fb64bb28f1f9.png,,,,,6.90,,1,G,10,IN,3,3,3,,,,
,,VE-2205-1,Unisex,Title,Default Title,,,,,,,,,,6.90,,1,G,10,IN,3,3,3,,,VELO (SK),Mini Berry Frost Medium AW
Mighty Peppermint MAX AW,"<div class=""info"">
<div class=""info"">
<div class=""item flex"">
<div class=""title"">
<p>Erlebe <a href=""https://snushus.ch/collections/velo-snus"">VELO</a> Mighty Peppermint MAX All White – Dein extrem starker Begleiter für ein intensives Nikotinerlebnis. Mit einer Stärke von 6/5 und einem beeindruckenden Nikotingehalt von 24 mg/g bietet Dir dieser Snus eine außergewöhnlich starke und langanhaltende Wirkung. Die 20 Slim Beutel sind perfekt für diskreten und bequemen Genuss und enthalten einen erfrischenden Minzgeschmack.</p>
<p><strong>Der altbekannte VELO Freeze Max trägt nun den Namen VELO Mighty Peppermint MAX und erstrahlt in einem neuen Deisgn</strong>.</p>
<p>Auf aromatisierter Zellulosebasis und völlig frei von Tabak kommen auch die VELO Beutel im Slim Format. Ohne Tabak bedeutet kein gewöhnungsbedürftiger Tabakgeruch sowie keine Tabakschadstoffe – weltweit gibt es aktuell keine weniger schädliche Art, Nikotin zu konsumieren. All White Snus / Nicotine Pouches bieten sich deshalb vor allem Rauchern an, die mit herkömmlichen Methoden zur Rauchentwöhnung wie Nikotinpflastern, Nikotinkaugummis oder Nikotinsprays wenig Erfolg haben.</p>
<p>Geniesse die kraftvolle Frische von VELO Mighty Peppermint MAX All White und erlebe die Vorteile eines tabakfreien Nikotinerlebnisses. Bestelle jetzt online und entdecke, warum VELO die bevorzugte Wahl für Snus-Liebhaber ist. Gönn Dir diesen extrem starken und erfrischenden Genuss und bringe Frische in Deinen Alltag!</p>
<p>EPOK, LYFT oder VELO?<span> </span><a href=""https://snushus.ch/blogs/snusbuch/epok-und-lyft-werden-ersetzt-mit-velo"">Hier findest Du alle Informationen zu diesem Thema!</a></p>
</div>
</div>
</div>
</div>",Mighty Peppermint MAX AW,Unisex,,,,,,,https://cdn.shopify.com/s/files/1/0072/0646/9679/files/velo-mighty-peppermint-6-aw.png,,,,,5.20,0.00,1,G,14,IN,3,3,3,,,,
,,VE-1115-1,Unisex,Title,Default Title,,,,,,,,,,5.20,0.00,1,G,14,IN,3,3,3,,,VELO (SE),Mighty Peppermint MAX AW
Mighty Peppermint Intense AW Slim,"<p>Eisdurchdringender, intensiver Geschmack auf salziger Geschmacksbasis. Sie erinnern sich vielleicht unter dem ursprünglichen Namen LYFT Freeze daran.</p>
<p><span>Erlebe mit dem VELO Mighty Peppermint Intense AW eine erfrischende Neuheit! Der altbekannte Velo Freeze Ultra Strong AW wurde aufgewertet und erstrahlt nun unter dem neuen Design. </span></p>
<p>EPOK, LYFT oder VELO?! <br>Weitere Informationen dazu findest Du in <a rel=""noopener noreferrer"" href=""https://snushus.ch/blogs/snusbuch/was-ist-all-white-snus"" target=""_blank"">unserem Blog</a>.</p>",Mighty Peppermint Intense AW Slim,Unisex,,,,,,,https://cdn.shopify.com/s/files/1/0072/0646/9679/files/Velo-Mighty-Peppermint-Intense-Slim-2024.png,,,,,6.90,,1,G,1,IN,3,3,3,,,,
,,VE-5105-1,Unisex,Title,Default Title,,,,,,,,,,6.90,,1,G,1,IN,3,3,3,,,VELO (SK),Mighty Peppermint Intense AW Slim
Peppermint Storm X-Strong AW,"<p>Erlebe <a href=""https://snushus.ch/collections/velo-snus"">VELO</a> Peppermint Storm X-Strong AW – Dein kraftvoller Begleiter für ein intensives und erfrischendes Nikotinerlebnis. Mit einer Stärke von 4/5 und einem beeindruckenden Nikotingehalt von 15,6 mg/g bietet Dir dieser Snus eine starke und langanhaltende Wirkung.</p>
<p><strong>Der altbekannte Velo Cool Storm X-Strong AW</strong> wurde aufgewertet und erstrahlt nun unter dem neuen Design.</p>
<p>Auf aromatisierter Zellulosebasis und völlig frei von Tabak kommen auch die VELO Beutel im Slim Format. Ohne Tabak bedeutet ohne gewöhnungsbedürftigen Tabakgeruch sowie ohne jegliche Tabakschadstoffe – weltweit gibt es aktuell keine weniger schädliche Art, Nikotin zu konsumieren. All White Snus / Nicotine Pouches sind besonders für Raucher geeignet, die mit herkömmlichen Methoden zur Rauchentwöhnung wie Nikotinpflastern, Nikotinkaugummis oder Nikotinsprays nichts anfangen können.</p>
<p>VELO Cool Storm bietet einen starken Mentholgeschmack, ergänzt durch einen Hauch von Pfefferminz und ein sehr starkes Kühlungsgefühl. Diese Kombination sorgt für ein belebendes und erfrischendes Aroma, das Deine Sinne belebt und Dich sofort erfrischt.</p>
<p>Geniesse die kraftvolle Frische von VELO Peppermint Storm X-Strong AW und erlebe die Vorteile eines tabakfreien Nikotinerlebnisses. Bestelle jetzt online und entdecke, warum VELO die bevorzugte Wahl für Snus-Liebhaber ist. Gönn Dir diesen intensiven Genuss und bringe Frische in Deinen Alltag!</p>
<p><a href=""https://snushus.ch/blogs/snusbuch/epok-und-lyft-werden-ersetzt-mit-velo"">EPOK, LYFT oder VELO? Hier findest Du alle Informationen zu diesem Thema!</a></p>",Peppermint Storm X-Strong AW,Unisex,,,,,,,https://cdn.shopify.com/s/files/1/0072/0646/9679/files/velo-peppermint-storm.png,,,,,5.20,0.00,1,G,14,IN,3,3,3,,,,
,,VE-1205-1,Unisex,Title,Default Title,,,,,,,,,,5.20,0.00,1,G,14,IN,3,3,3,,,VELO (SE),Peppermint Storm X-Strong AW
Blushy Berry AW,"<p>Erlebe die erfrischende Neuheit mit <a href=""https://snushus.ch/collections/velo-snus"">VELO</a> Blushy Berry All White – Dein perfekter Begleiter für ein sanftes und fruchtiges Nikotinerlebnis. Mit einem köstlichen Erdbeergeschmack und einem Nikotingehalt von 8 mg/g bietet Dir dieser Snus eine angenehme und langanhaltende Wirkung. Die Dose enthälten 14g Tabakersatz in Form von Slim Beuteln.</p>
<p><strong>Der altbekannte Velo Ruby Berry All White </strong>wurde aufgewertet und erstrahlt nun unter dem neuen Design als VELO Blushy Berry AW. Auf aromatisierter Zellulosebasis und völlig frei von Tabak kommen auch die VELO Beutel im Slim Format. Ohne Tabak bedeutet ohne gewöhnungsbedürftigen Tabakgeruch sowie ohne jegliche Tabakschadstoffe – weltweit gibt es aktuell keine weniger schädliche Art, Nikotin zu konsumieren.</p>
<p>All White Snus / Nicotine Pouches sind besonders für Raucher geeignet, die mit herkömmlichen Methoden zur Rauchentwöhnung wie Nikotinpflastern, Nikotinkaugummis oder Nikotinsprays nichts anfangen können. Der VELO Blushy Berry AW bietet einen süssen Erdbeergeschmack und kommt, wie alle VELO Produkte, in Slim-Beuteln komplett ohne Tabak.</p>
<p>Geniesse den Geschmack von süssen Erdbeeren und die Vorteile eines tabakfreien Nikotinerlebnisses mit VELO Blushy Berry AW. Bestelle jetzt online und entdecke, warum VELO die bevorzugte Wahl für Snus-Liebhaber ist. Gönn Dir diesen fruchtigen Genuss und bringe Frische in Deinen Alltag!</p>
<div class=""info"">
<div class=""info"">
<div class=""item flex"">
<div class=""title"">
<p><span>EPOK, LYFT oder VELO? </span><a href=""https://snushus.ch/blogs/snusbuch/epok-und-lyft-werden-ersetzt-mit-velo"">Hier findest Du alle Informationen zu diesem Thema!</a></p>
</div>
</div>
</div>
</div>",Blushy Berry AW,Unisex,,,,,,,https://cdn.shopify.com/s/files/1/0072/0646/9679/files/Velo-Blushy-Berry-bameminghongFlame.png,,,,,5.20,0.00,1,G,14,IN,3,3,3,,,,
,,VE-1105-1,Unisex,Title,Default Title,,,,,,,,,,5.20,0.00,1,G,14,IN,3,3,3,,,VELO (SE),Blushy Berry AW
Mighty Peppermint ULTRA AW,"<p>Erlebe <a href=""https://snushus.ch/collections/velo-snus"">VELO</a> Mighty Peppermint ULTRA All White – Dein kraftvoller Begleiter für ein erfrischendes und starkes Nikotinerlebnis. Mit einer Stärke von 5/5 und einem Nikotingehalt von 20 mg/g bietet Dir dieser Snus eine intensive und langanhaltende Wirkung. Die 20 Slimbeutel sind ideal für diskreten und bequemen Genuss und enthalten einen belebenden Geschmack von Pfefferminze und Menthol.</p>
<p><strong>Der VELO Mighty Peppermint ULTRA ist das neuste Produkt von VELO und ersetzt den altbekannten VELO Freeze Ultra</strong>. </p>
<p>Auf aromatisierter Zellulosebasis und völlig frei von Tabak kommen auch die VELO Beutel im Slim Format. Ohne Tabak bedeutet kein gewöhnungsbedürftiger Tabakgeruch sowie keine Tabakschadstoffe – weltweit gibt es aktuell keine weniger schädliche Art, Nikotin zu konsumieren. All White Snus / Nicotine Pouches sind besonders für Raucher geeignet, die mit herkömmlichen Methoden zur Rauchentwöhnung wie Nikotinpflastern, Nikotinkaugummis oder Nikotinsprays wenig Erfolg haben.</p>
<p>Erlebe den Unterschied mit VELO Mighty Peppermint ULTRA All White. Lass Dich von der kraftvollen Frische und der praktischen Handhabung überzeugen.</p>
<p>EPOK, LYFT oder VELO? <a href=""https://snushus.ch/blogs/snusbuch/epok-und-lyft-werden-ersetzt-mit-velo"">Hier findest Du alle Informationen zu diesem Thema!</a></p>",Mighty Peppermint ULTRA AW,Unisex,,,,,,,https://cdn.shopify.com/s/files/1/0072/0646/9679/files/Velo-mighty-peppermint-ultra.png,,,,,5.20,0.00,1,G,14,IN,3,3,3,,,,
,,VE-1125-1,Unisex,Title,Default Title,,,,,,,,,,5.20,0.00,1,G,14,IN,3,3,3,,,VELO (SE),Mighty Peppermint ULTRA AW
Mini Crispy Peppermint AW,"<p><span data-mce-fragment=""1"">Erlebe mit dem VELO Crispy Peppermint AW Mini eine erfrischende Neuheit! Der altbekannte Velo Mini Ice Cool Strong AW wurde aufgewertet und erstrahlt nun unter dem neuen Design. </span></p>
<p><span data-mce-fragment=""1"">Die Minibeutel haben den gleichen intensiv kühlenden Minzgeschmack, für den VELO Crispy Peppermint bekannt ist: scharfe Pfefferminze mit einem Hauch von Süsse und Minze.</span></p>",Mini Crispy Peppermint AW,Unisex,,,,,,,https://cdn.shopify.com/s/files/1/0072/0646/9679/files/velo-crispy-peppermint-mini.png,,,,,5.20,0.00,1,G,20,IN,3,3,3,,,,
,,VE-6115-1,Unisex,Title,Default Title,,,,,,,,,,5.20,0.00,1,G,20,IN,3,3,3,,,VELO (SE),Mini Crispy Peppermint AW
Mango Flame AW,"<p>Erlebe den intensiven Geschmack von Mango mit dem neuen Mango Flame AW Velo Snus! Dieser All White Snus bietet mit einer Stärke von 3 von 5 die perfekte Balance zwischen Geschmack und Wirkung. Geniesse den erfrischenden Geschmack von Mango und lass Dich von der Energie dieses Snus inspirieren. Mit einem Nikotingehalt von 14,3 mg/g liefert der Mango Flame AW Velo Snus eine kraftvolle und dennoch angenehme Erfahrung.</p>
<p>Jede Dose enthält 14 g Tabakersatz, verteilt auf 20 Slim-Beutel, die sich diskret und bequem verwenden lassen. Der fruchtige Mangogeschmack macht diesen Snus zu einer köstlichen und erfrischenden Alternative zu herkömmlichen Tabakprodukten. Probiere ihn jetzt aus und erlebe den ultimativen Genuss!</p>
<!---->",Mango Flame AW,Unisex,,,,,,,https://cdn.shopify.com/s/files/1/0072/0646/9679/files/MangoFlame.png,,,,,5.20,0.00,1,G,14,IN,3,3,3,,,,
,,VE-2115-1,Unisex,Title,Default Title,,,,,,,,,,5.20,0.00,1,G,14,IN,3,3,3,,,VELO (SE),Mango Flame AW
Breezy Mango X-Strong AW,"<p>Der neue Name für den altbekannten <a href=""https://snushus.ch/collections/velo-snus"">VELO</a> Tropic Breeze X Strong bringt frischen Wind in Dein Snus-Erlebnis.</p>
<p>Entdecke VELO Breezy Mango X-Strong All White – Dein ultimativer Begleiter für ein intensives und fruchtiges Nikotinerlebnis! Mit einem Nikotingehalt von 14,3 mg/g und einem erfrischenden Mangogeschmack bietet Dir dieser All White Snus eine ausgewogene und lang anhaltende Erfahrung. Die Slim Beutel sind perfekt für diskreten und angenehmen Genuss, jederzeit und überall.</p>
<p>Breezy Mango X-Strong All White ist die ideale Wahl für alle, die ein starkes und fruchtiges Snus-Erlebnis suchen. Die praktische 14g Dose enthält 20 Slim Beutel, die Dir ausreichend Vorrat für viele genussvolle Momente bieten. </p>
<p>Bestelle jetzt Deinen Breezy Mango X-Strong All White online und entdecke die perfekte Kombination aus Fruchtigkeit, Stärke und Diskretion. Gönn Dir den fruchtigen Genuss für den Sommer.</p>
<!---->",Breezy Mango X-Strong AW,Unisex,,,,,,,https://cdn.shopify.com/s/files/1/0072/0646/9679/files/velo-breezy-mango-aw.png,,,,,5.20,0.00,1,G,14,IN,3,3,3,,,,
,,VE-8105-1,Unisex,Title,Default Title,,,,,,,,,,5.20,0.00,1,G,14,IN,3,3,3,,,VELO (SE),Breezy Mango X-Strong AW
Breezy Mango AW,"<p><span>Erleben Sie den erfrischenden Sommergeschmack von Breezy Mango AW! Mit dem leckeren Mango-Geschmack und einer extra Portion Energie, ist dieses Velo perfekt für die heissen Tage. Holen Sie sich das perfekte Sommerfeeling mit Breezy Mango AW!</span></p>
<p><span>Der alt bekannte VELO Tropic Breeze wird zum Breezy Mango.</span></p>",Breezy Mango AW,Unisex,,,,,,,https://cdn.shopify.com/s/files/1/0072/0646/9679/files/velo-breezy-mango-2-6.png,https://cdn.shopify.com/s/files/1/0072/0646/9679/files/velo-breezy-mango.png,,,,5.20,0.00,1,G,1,IN,3,3,3,,,,
,,VE-8005-1,Unisex,Title,Default Title,,,,,,,,,,5.20,0.00,1,G,1,IN,3,3,3,,,VELO (SE),Breezy Mango AW
Cinnamon Flame AW,"<p>Erlebe <a href=""https://snushus.ch/collections/velo-snus"">VELO</a> Cinnamon Flame AW – Dein perfekter Begleiter für ein würziges und erfrischendes Nikotinerlebnis. Mit einem köstlichen Zimtgeschmack und einer Stärke von 3/5 und 14,3 mg/g bietet Dir dieser Snus eine angenehme und langanhaltende Wirkung. </p>
<p>Auf aromatisierter Zellulosebasis und völlig frei von Tabak kommen die VELO Beutel im Slim Format. Ohne Tabak bedeutet ohne den gewöhnungsbedürftigen Tabakgeruch sowie ohne jegliche Tabakschadstoffe – weltweit gibt es aktuell keine weniger schädliche Art, Nikotin zu konsumieren. VELO Cinnamon Flame AW ist besonders geeignet für alle, die ein ausgewogenes und aromatisches Snus-Erlebnis suchen.</p>
<p>Geniesse den würzigen Zimtgeschmack von VELO Cinnamon Flame AW und erlebe die Vorteile eines tabakfreien Nikotinerlebnisses. Diese Kombination sorgt für ein angenehmes und wärmendes Aroma, das Deine Sinne belebt und Dir ein wohltuendes Gefühl gibt.</p>
<p>Bestelle jetzt Deinen VELO Cinnamon Flame AW online und entdecke, warum VELO die bevorzugte Wahl für Snus-Liebhaber ist. Gönn Dir diesen aromatischen Genuss und bringe Würze in Deinen Alltag! VELO Snus kaufen war noch nie so einfach und bequem.</p>
<p><span data-mce-fragment=""1"">Die VELO Sensations-Serie ist für den erfahrenen Nutzer gedacht, der eine andere Art von Produktintensität sucht.</span></p>",Cinnamon Flame AW,Unisex,,,,,,,https://cdn.shopify.com/s/files/1/0072/0646/9679/files/velo-cinnamon-flame-aw.png,,,,,5.20,0.00,1,G,14,IN,3,3,3,,,,
,,VE-4005-1,Unisex,Title,Default Title,,,,,,,,,,5.20,0.00,1,G,14,IN,3,3,3,,,VELO (SE),Cinnamon Flame AW
Groovy Grape AW,"<p data-mce-fragment=""1"">Der VELO Groovy Grape ist das neuste Produkt von VELO und ist identisch mit dem alt bekannten Royal Purple. Der Geschmack von roten Trauben bleibt gleich.</p>
<p data-mce-fragment=""1"">Auf aromatisierter Zellulosebasis und völlig frei von Tabak kommen auch die<span data-mce-fragment=""1""> VELO </span>Beutel im Slim Format. Ohne Tabak bedeutet ohne gewöhnungsbedürftigen Tabakgeruch sowie ohne jegliche Tabakschadstoffe - aktuell gibt es weltweit keine weniger schädliche Art, Nikotin zu konsumieren. All White Snus / Nicotine Pouches bietet sich deshalb vor allem Rauchern an, welche mit Rauchentwöhnung wie Nikotinpflaster, Nikotinkaugummi oder Nikotinspray nichts anfangen können.</p>
<div class=""info"" data-mce-fragment=""1"">
<div class=""info"" data-mce-fragment=""1"">
<div class=""item flex"" data-mce-fragment=""1"">
<div class=""title"" data-mce-fragment=""1"">
<p data-mce-fragment=""1""><span data-mce-fragment=""1"">EPOK, LYFT oder VELO? </span><a title=""https://snushus.ch/blogs/snusbuch/epok-und-lyft-werden-ersetzt-mit-velo"" href=""https://snushus.ch/blogs/snusbuch/epok-und-lyft-werden-ersetzt-mit-velo"">Hier findest Du alle Informationen zu diesem Thema!</a></p>
</div>
</div>
</div>
</div>",Groovy Grape AW,Unisex,,,,,,,https://cdn.shopify.com/s/files/1/0072/0646/9679/files/velo-groovy-grape-slim.png,,,,,5.20,0.00,1,G,1,IN,3,3,3,,,,
,,VE-1415-1,Unisex,Title,Default Title,,,,,,,,,,5.20,0.00,1,G,1,IN,3,3,3,,,VELO (SE),Groovy Grape AW
Lofty Liquorice AW,"<p>Erlebe <a href=""https://snushus.ch/collections/velo-snus"">VELO</a> Lofty Liquorice All White – Dein idealer Begleiter für ein einzigartiges und genussvolles Nikotinerlebnis. Mit einem ausgewogenen Geschmack von Lakritze und Anis bietet Dir dieser Snus eine angenehme Stärke von 3/5. Die 14,3 mg/g Nikotin sorgen für ein langanhaltendes und befriedigendes Erlebnis.</p>
<p>Die VELO Beutel im Slim Format sind auf einer aromatisierten Zellulosebasis hergestellt und völlig frei von Tabak. Das bedeutet kein Tabakgeruch und keine Tabakschadstoffe – weltweit gibt es aktuell keine weniger schädliche Art, Nikotin zu konsumieren. </p>
<p>VELO Lofty Liquorice All White kombiniert den intensiven Geschmack von Lakritze und Anis zu einem unvergleichlichen Aroma, das Deine Sinne verführt und belebt. Diese Nikotinbeutel sind ideal für den täglichen Gebrauch und bieten Dir eine diskrete und praktische Möglichkeit, Nikotin zu geniessen.</p>
<p>Bestelle jetzt Deinen VELO Lofty Liquorice All White online und entdecke die perfekte Balance aus Geschmack und Stärke. VELO Snus kaufen in der Schweiz war noch nie so einfach und bequem. Gönn Dir diesen einzigartigen Genuss und bereichere Deinen Alltag mit einem besonderen Snus-Erlebnis!</p>
<!---->",Lofty Liquorice AW,Unisex,,,,,,,https://cdn.shopify.com/s/files/1/0072/0646/9679/files/Velo-Lofty-Liquorice_9a96b568-0141-464e-972c-3d367359d263.png,,,,,5.20,0.00,1,G,14,IN,3,3,3,,,,
,,VE-8205-1,Unisex,Title,Default Title,,,,,,,,,,5.20,0.00,1,G,14,IN,3,3,3,,,VELO (SE),Lofty Liquorice AW
Zesty Elderflower AW,"<p>Erlebe <a href=""https://snushus.ch/collections/velo-snus"">VELO</a>  Zesty Elderflower AW – Dein frischer Begleiter für ein angenehmes Nikotinerlebnis. Mit einem erfrischenden Geschmack von Holunderblüten und Limetten bietet Dir dieser Snus eine ausgewogene Stärke von 3/5 und 10 mg/g Nikotin. Die 14g Dose umfasst insgesamt 20 Slim Beutel, die für ein langanhaltendes Vergnügen sorgen.</p>
<p>Auf aromatisierter Zellulosebasis und völlig frei von Tabak kommen auch die VELO Beutel im Slim Format. Das bedeutet: kein Tabakgeruch und keine Tabakschadstoffe – derzeit gibt es weltweit keine weniger schädliche Art, Nikotin zu konsumieren. All White Snus / Nicotine Pouches sind besonders für Raucher geeignet, die mit traditionellen Rauchentwöhnungsmethoden wie Nikotinpflastern, -kaugummis oder -sprays wenig Erfolg haben.</p>
<p><strong>der altbekannte VELO Elderflower Spritz wird zu VELO Zesty Elderflower. Er bietet Dir einen erfrischenden Geschmack, der an den beliebten VELO Hugo AW erinnert</strong>.</p>
<p>  Die Kombination aus Holunderblüten und Limetten schafft ein einzigartiges Aroma, das Deine Sinne belebt und erfrischt. Diese Nikotinbeutel sind perfekt für den täglichen Gebrauch und bieten Dir eine diskrete und praktische Möglichkeit, Nikotin zu geniessen.</p>
<p>Bestelle jetzt Deinen VELO Zesty Elderflower AW online und entdecke die perfekte Balance aus Geschmack und Stärke. Gönn Dir diesen erfrischenden Genuss und erlebe, warum VELO die bevorzugte Wahl für Snus-Liebhaber ist!</p>
<p><a href=""https://snushus.ch/blogs/snusbuch/epok-und-lyft-werden-ersetzt-mit-velo"">EPOK, LYFT oder VELO? Hier findest Du alle Informationen zu diesem Thema!</a></p>",Zesty Elderflower AW,Unisex,,,,,,,https://cdn.shopify.com/s/files/1/0072/0646/9679/files/velo-zesty-elderflower-3.png,,,,,5.20,0.00,1,G,14,IN,3,3,3,,,,
,,VE-5005-1,Unisex,Title,Default Title,,,,,,,,,,5.20,0.00,1,G,14,IN,3,3,3,,,VELO (SE),Zesty Elderflower AW
Eucalyptus X-Strong AW,"<span data-mce-fragment=""1"">Von der bekannten Marke Velo kommt mit Velo Eucalyptus Slim X-Strong All White Portion eine neue Geschmacksrichtung der populären Marke. Dabei ist nicht nur das Geschmackserlebnis recht intensiv. Auch der Nikotinkick ist mit einem Nikotingehalt 15,6 mg/g eher stark. Die 20 All-White Portionen im Slim-Format sind zudem in einer praktischen Dose verpackt, die auch für unterwegs passt.</span>",Eucalyptus X-Strong AW,Unisex,,,,,,,https://cdn.shopify.com/s/files/1/0072/0646/9679/files/velo-eucalyptus-x-strong-aw.png,,,,,5.20,0.00,1,G,30,IN,3,3,3,,,,
,,VE-1805-1,Unisex,Title,Default Title,,,,,,,,,,5.20,0.00,1,G,30,IN,3,3,3,,,VELO (SE),Eucalyptus X-Strong AW
Tropic Breeze X-Strong AW,"<p>Aromatisiert mit exotischer Mandarine, Passionsfrucht und Mango, die an den Sommer erinnern.</p>
<p>EPOK, LYFT oder VELO?! <br>Weitere Informationen dazu findest Du in <a href=""https://snushus.ch/blogs/snusbuch/was-ist-all-white-snus"" target=""_blank"" rel=""noopener noreferrer"">unserem Blog</a>.</p>",Tropic Breeze X-Strong AW,Unisex,,,,,,,https://cdn.shopify.com/s/files/1/0072/0646/9679/files/velo-tropic-breeze-x-strong-aw_3f9d47b6-2def-4070-a990-c7617fb19c3f.png,,,,,6.90,,1,G,14,IN,3,3,3,,,,
,,VE-4805-1,Unisex,Title,Default Title,,,,,,,,,,6.90,,1,G,14,IN,3,3,3,,,VELO (SK),Tropic Breeze X-Strong AW
Mini Polar Mint Medium AW,"<p>Perfekt kühlende Frische von Menthol mit süssen Tönen. </p>
<p>EPOK, LYFT oder VELO?! <br>Weitere Informationen dazu findest Du in <a href=""https://snushus.ch/blogs/snusbuch/epok-und-lyft-werden-ersetzt-mit-velo"" data-mce-href=""https://snushus.ch/blogs/snusbuch/epok-und-lyft-werden-ersetzt-mit-velo"" target=""_blank"">unserem Blog</a>.</p>",Mini Polar Mint Medium AW,Unisex,,,,,,,https://cdn.shopify.com/s/files/1/0072/0646/9679/files/velo-mini-polar-mint-medium-aw_f8f3f821-3ecf-4c0c-9494-43a43bad602e.png,,,,,6.90,,1,G,10,IN,3,3,3,,,,
,,VE-2305-1,Unisex,Title,Default Title,,,,,,,,,,6.90,,1,G,10,IN,3,3,3,,,VELO (SK),Mini Polar Mint Medium AW
Twisted Pineapple Strong AW,"<p>Sommer, Sonne, Snus: VELO Twisted Pineapple Strong bringt Dir den Sommer unter die Lippe! Das Aroma ist an den beliebten Drink Piña Colada angelehnt.</p>
<p>Der alt bekannt VELO Carribean Spirit hatte ein rebranding und heisst nun VELO Twisted Pineapple. </p>
<p>EPOK und LYFT heissen neu VELO!</p>
<p>Auf aromatisierter Zellulosebasis und völlig frei von Tabak kommen auch die<span> VELO </span>Beutel im Slim Format. Ohne Tabak bedeutet ohne gewöhnungsbedürftigen Tabakgeruch sowie ohne jegliche Tabakschadstoffe - aktuell gibt es weltweit keine weniger schädliche Art, Nikotin zu konsumieren. All White Snus / Nicotine Pouches bietet sich deshalb vor allem Rauchern an, welche mit Rauchentwöhnung wie Nikotinpflaster, Nikotinkaugummi oder Nikotinspray nichts anfangen können.</p>",Twisted Pineapple Strong AW,Unisex,,,,,,,https://cdn.shopify.com/s/files/1/0072/0646/9679/files/velo-Twisted-Pineapple-Strong-aw_8d042020-f586-469a-b78f-1f3decade286.png,,,,,5.20,0.00,1,G,14,IN,3,3,3,,,,
,,VE-1605-1,Unisex,Title,Default Title,,,,,,,,,,5.20,0.00,1,G,14,IN,3,3,3,,,VELO (SE),Twisted Pineapple Strong AW
Berry Frost X-Strong AW,"<p>Berry Frost X-Strong heisst neu Icy Berries, <a href=""https://snushus.ch/products/velo-icy-berries-aw-slim"">hier gehts zum neuen Produkt</a>!</p>
<p>Kühlender Geschmack von süssen Himbeeren, Heidelbeeren und Brombeeren mit leicht würzigen Tönen.</p>
<p>EPOK, LYFT oder VELO?! <br>Weitere Informationen dazu findest Du in <a href=""https://snushus.ch/blogs/snusbuch/was-ist-all-white-snus"" target=""_blank"">unserem Blog</a>.</p>",Berry Frost X-Strong AW,Unisex,,,,,,,https://cdn.shopify.com/s/files/1/0072/0646/9679/files/velo-berry-frost-x-strong-aw.png,,,,,6.90,,1,G,14,IN,3,3,3,,,,
,,VE-4205-1,Unisex,Title,Default Title,,,,,,,,,,6.90,,1,G,14,IN,3,3,3,,,VELO (SK),Berry Frost X-Strong AW
Winterchill X-Strong AW,"<p>Auf aromatisierter Zellulosebasis und völlig frei von Tabak kommen auch die VELO Beutel im Slim Format. Ohne Tabak bedeutet ohne gewöhnungsbedürftigen Tabakgeruch sowie ohne jegliche Tabakschadstoffe - aktuell gibt es weltweit keine weniger schädliche Art, Nikotin zu konsumieren. All White Snus / Nicotine Pouches bietet sich deshalb vor allem Rauchern an, welche mit Rauchentwöhnung wie Nikotinpflaster, Nikotinkaugummi oder Nikotinspray nichts anfangen können.<br></p>
<div class=""info"">
<div class=""info"">
<div class=""item flex"">
<div class=""title"">
<p>Der VELO Winterchill X-Strong kommt mit kühlendem Geschmack von Wintergreen und erhöhtem Nikotingehalt.</p>
<p><span>EPOK, LYFT oder VELO? </span><a href=""https://snushus.ch/blogs/snusbuch/epok-und-lyft-werden-ersetzt-mit-velo"">Hier findest Du alle Informationen zu diesem Thema!</a></p>
</div>
</div>
</div>
</div>",Winterchill X-Strong AW,Unisex,,,,,,,https://cdn.shopify.com/s/files/1/0072/0646/9679/files/velo-winterchill-x-strong-aw.png,,,,,5.20,,1,G,14,IN,3,3,3,,,,
,,VE-2005-1,Unisex,Title,Default Title,,,,,,,,,,5.20,,1,G,14,IN,3,3,3,,,VELO (SE),Winterchill X-Strong AW
Urban Vibe Ultra Strong AW,"Nur kurz verfügbar! <br data-mce-fragment=""1"">Bei diesem Produkt handelt es sich um Restposten, welcher etwas älter ist. Die Produkte wurden von uns getestet und sind problemlos geniessbar.<br data-mce-fragment=""1"">",Urban Vibe Ultra Strong AW,Unisex,,,,,,,https://cdn.shopify.com/s/files/1/0072/0646/9679/products/velo-urban-vibe-ultra-strong-aw.png,,,,,6.90,,1,G,18,IN,3,3,3,,,,
,,VE-5505-1,Unisex,Title,Default Title,,,,,,,,,,6.90,,1,G,18,IN,3,3,3,,,VELO (SK),Urban Vibe Ultra Strong AW
Mini Tropic Breeze Medium AW,"<p>Nur kurz verfügbar! <br>Bei diesem Produkt handelt es sich um Restposten, welcher etwas älter ist. Die Produkte wurden von uns getestet und sind problemlos geniessbar.</p>
<p>Aromatisiert mit exotischer Mandarine, Passionsfrucht und Mango, die an den Sommer erinnern.</p>
<p>EPOK, LYFT oder VELO?! <br>Weitere Informationen dazu findest Du in <a href=""https://snushus.ch/blogs/snusbuch/was-ist-all-white-snus"" target=""_blank"">unserem Blog</a>.</p>",Mini Tropic Breeze Medium AW,Unisex,,,,,,,https://cdn.shopify.com/s/files/1/0072/0646/9679/files/velo-mini-tropic-breeze-medium-aw.png,,,,,5.50,,1,G,1,IN,3,3,3,,,,
,,VE-2805-1,Unisex,Title,Default Title,,,,,,,,,,5.50,,1,G,1,IN,3,3,3,,,VELO (SK),Mini Tropic Breeze Medium AW
Wild Lavender AW,"<p>Auf aromatisierter Zellulosebasis und völlig frei von Tabak kommen auch die VELO Beutel im Slim Format. Ohne Tabak bedeutet ohne gewöhnungsbedürftigen Tabakgeruch sowie ohne jegliche Tabakschadstoffe - aktuell gibt es weltweit keine weniger schädliche Art, Nikotin zu konsumieren. All White Snus / Nicotine Pouches bietet sich deshalb vor allem Rauchern an, welche mit Rauchentwöhnung wie Nikotinpflaster, Nikotinkaugummi oder Nikotinspray nichts anfangen können.</p>
<p>VELO Wild Lavendel Limited Edition. Inspiriert von Wildblumenfeldern und voll von der krautigen Rundheit des Lavendels.<br data-mce-fragment=""1""><br data-mce-fragment=""1"">EPOK, LYFT oder VELO? Hier findest Du alle Informationen zu diesem Thema!</p>",Wild Lavender AW,Unisex,,,,,,,https://cdn.shopify.com/s/files/1/0072/0646/9679/files/velo-wild-lavender-strong-aw.png,,,,,5.20,0.00,1,G,14,IN,3,3,3,,,,
,,VE-1905-1,Unisex,Title,Default Title,,,,,,,,,,5.20,0.00,1,G,14,IN,3,3,3,,,VELO (SE),Wild Lavender AW
Mini Urban Vibe Medium AW,"<p>Nur kurz verfügbar! </p>
<p>Bei diesem Produkt handelt es sich um Restposten, welcher etwas älter ist. Die Produkte wurden von uns getestet und sind problemlos geniessbar.</p>
<p>Intensiver Geschmack von Cranberries und anderen roten Früchten in der urbanen Wildnis. Vielleicht kannten Sie dieses Produkt schon als LYFT Urban Vibe.</p>
<p>EPOK, LYFT oder VELO?! <br>Weitere Informationen dazu findest Du in <a href=""https://snushus.ch/blogs/snusbuch/was-ist-all-white-snus"" target=""_blank"">unserem Blog</a>.</p>",Mini Urban Vibe Medium AW,Unisex,,,,,,,https://cdn.shopify.com/s/files/1/0072/0646/9679/files/velo-mini-urban-vibe-medium-aw.png,,,,,6.90,,1,G,1,IN,3,3,3,,,,
,,VE-2505-1,Unisex,Title,Default Title,,,,,,,,,,6.90,,1,G,1,IN,3,3,3,,,VELO (SK),Mini Urban Vibe Medium AW
Spicy Pineapple AW,"<p>Auf aromatisierter Zellulosebasis und völlig frei von Tabak kommen auch die VELO Beutel im Slim Format. Ohne Tabak bedeutet ohne gewöhnungsbedürftigen Tabakgeruch sowie ohne jegliche Tabakschadstoffe - aktuell gibt es weltweit keine weniger schädliche Art, Nikotin zu konsumieren. All White Snus / Nicotine Pouches bietet sich deshalb vor allem Rauchern an, welche mit Rauchentwöhnung wie Nikotinpflaster, Nikotinkaugummi oder Nikotinspray nichts anfangen können.<br></p>
<p>VELO Spicy Pineapple ist die Geschmacksrichtung mit einem Hauch von feurig-scharfem Chili, der der Süsse der Ananas eine besondere Note verleiht.<br data-mce-fragment=""1""><br data-mce-fragment=""1"">EPOK, LYFT oder VELO? Hier findest Du alle Informationen zu diesem Thema!</p>",Spicy Pineapple AW,Unisex,,,,,,,https://cdn.shopify.com/s/files/1/0072/0646/9679/files/velo-spicy-pineapple-strong-aw.png,,,,,5.20,0.00,1,G,14,IN,3,3,3,,,,
,,VE-3005-1,Unisex,Title,Default Title,,,,,,,,,,5.20,0.00,1,G,14,IN,3,3,3,,,VELO (SE),Spicy Pineapple AW
Icy Cherry AW,"<p>Erlebe die perfekte Kombination aus Frische und Fruchtigkeit mit <strong>VELO Icy Cherry All White</strong>. Mit einem Nikotingehalt von <strong>14,3 mg/g</strong> und einem köstlichen Kirschgeschmack bietet Dir dieses Snus-Produkt ein angenehmes und dennoch wirkungsvolles Erlebnis. Die Stärke von <strong>3/5</strong> macht es ideal für alle, die eine moderate, aber erfrischende Wirkung suchen. Jede Dose enthält <strong>20 Slim Beutel</strong>, die besonders praktisch für unterwegs sind und in jeder Situation diskret angewendet werden können.</p>
<p>Der VELO Icy Cherry All White verwöhnt Dich mit einem süsslich-erfrischenden Kirschgeschmack, der an reife Kirschen erinnert und gleichzeitig eine eisige Note mit sich bringt. Ob Du auf der Suche nach einem fruchtigen Genuss bist oder einfach nur eine kleine Erfrischung für zwischendurch benötigst – dieses Produkt ist die perfekte Wahl für Dich.</p>
<p>Probiere jetzt den VELO Icy Cherry All White und erlebe ein fruchtig-eisiges Abenteuer.</p>
<!---->",Icy Cherry AW,Unisex,,,,,,,https://cdn.shopify.com/s/files/1/0072/0646/9679/files/Velo_Icy_Cherry.png,,,,,5.20,0.00,1,G,14,IN,3,3,3,,,,
,,VE-8305-1,Unisex,Title,Default Title,,,,,,,,,,5.20,0.00,1,G,14,IN,3,3,3,,,VELO (SE),Icy Cherry AW
Mighty Peppermint AW,"<p>Erlebe <a href=""https://snushus.ch/collections/velo-snus"">VELO</a> Mighty Peppermint All White – Dein erfrischender Begleiter für ein kraftvolles Nikotinerlebnis. Mit einer Stärke von 4/5 und einem hohen Nikotingehalt von 15,6 mg/g bietet Dir dieser Snus eine starke und langanhaltende Wirkung. Die 20 Slim Beutel sind perfekt für den diskreten und bequemen Genuss.</p>
<p>Erlebe mit VELO Mighty Peppermint AW eine erfrischende Neuheit! <strong>Der altbekannte Velo Freeze AW wurde aufgewertet und erstrahlt nun im neuen Design</strong>.</p>
<p>Die VELO Beutel, auf aromatisierter Zellulosebasis und völlig frei von Tabak, kommen im Slim Format. Ohne Tabak bedeutet kein Tabakgeruch und keine Tabakschadstoffe – weltweit gibt es derzeit keine weniger schädliche Art, Nikotin zu konsumieren.</p>
<p>All White Snus / Nicotine Pouches bieten sich besonders für Raucher an, die mit herkömmlichen Methoden zur Rauchentwöhnung wie Nikotinpflastern, Nikotinkaugummis oder Nikotinsprays wenig Erfolg haben. VELO Mighty Peppermint kombiniert einen kühlenden Minzgeschmack mit einem hohen Nikotingehalt und sorgt so für ein belebendes und erfrischendes Aroma.</p>
<p>Geniesse die kraftvolle Frische von VELO Mighty Peppermint All White und erlebe die Vorteile eines tabakfreien Nikotinerlebnisses. Bestelle jetzt online und entdecke, warum VELO die bevorzugte Wahl für Snus-Liebhaber ist. Gönn Dir diesen intensiven Genuss und bringe Frische in Deinen Alltag!</p>
<div class=""info"">
<div class=""info"">
<div class=""item flex"">
<div class=""title"">
<p>EPOK, LYFT oder VELO? <a href=""https://snushus.ch/blogs/snusbuch/epok-und-lyft-werden-ersetzt-mit-velo"">Hier findest Du alle Informationen zu diesem Thema!</a></p>
</div>
</div>
</div>
</div>",Mighty Peppermint AW,Unisex,,,,,,,https://cdn.shopify.com/s/files/1/0072/0646/9679/files/Velo-Mighty-Peppermint-4.png,https://cdn.shopify.com/s/files/1/0072/0646/9679/files/velo-mighty-peppermint_8b1d59b0-561c-4753-91a9-54f7735fa305.png,,,,5.20,,1,G,14,IN,3,3,3,,,,
,,VE-1005-1,Unisex,Title,Default Title,,,,,,,,,,5.20,,1,G,14,IN,3,3,3,,,VELO (SE),Mighty Peppermint AW
Crispy Peppermint AW,"<p>Erlebe <a href=""https://snushus.ch/collections/velo-snus"">VELO</a> Crispy Peppermint AW – Dein erfrischender Begleiter für ein belebendes Nikotinerlebnis. Mit einem Minzgeschmack und einer Stärke von 3/5 bietet Dir dieser Snus eine angenehme und langanhaltende Wirkung. Die 20 Slim-Beutel pro Schachtel sind ideal für den diskreten und bequemen Genuss. Der Nikotingehalt von 14 mg/g überzeugt Dich.</p>
<p>Erlebe mit dem VELO Crispy Peppermint AW eine erfrischende Neuheit! <strong>Der altbekannte Velo Ice Cool Strong AW</strong> wurde aufgewertet und erstrahlt nun unter dem neuen Design.</p>
<p>Auf aromatisierter Zellulosebasis und völlig frei von Tabak kommen auch die VELO Beutel im Slim Format. Ohne Tabak bedeutet ohne gewöhnungsbedürftigen Tabakgeruch sowie ohne jegliche Tabakschadstoffe – weltweit gibt es aktuell keine weniger schädliche Art, Nikotin zu konsumieren.</p>
<p>All White Nicotine Pouches bieten sich deshalb vor allem Rauchern an, die mit herkömmlichen Methoden zur Rauchentwöhnung wie Nikotinpflastern, Nikotinkaugummis oder Nikotinsprays nichts anfangen können. VELO Crispy Peppermint AW bietet eine erfrischende Kombination aus Minzgeschmack und sanfter Stärke, perfekt für den täglichen Gebrauch.</p>
<p>Geniesse die frische Pfefferminze von VELO Crispy Peppermint AW und erlebe die Vorteile eines tabakfreien Nikotinerlebnisses. Bestelle jetzt online und entdecke, warum VELO die bevorzugte Wahl für Nicotine Pouch-Liebhaber ist. Gönn Dir diesen erfrischenden Genuss und bringe Frische in Deinen Alltag!</p>
<p><a href=""https://snushus.ch/blogs/snusbuch/epok-und-lyft-werden-ersetzt-mit-velo"">EPOK, LYFT oder VELO? Hier findest Du alle Informationen zu diesem Thema!</a></p>",Crispy Peppermint AW,Unisex,,,,,,,https://cdn.shopify.com/s/files/1/0072/0646/9679/files/Velo-crispy-Peppermint-2024_e3a020fd-a282-4a3f-8c23-19b6201d014a.png,https://cdn.shopify.com/s/files/1/0072/0646/9679/files/velo-crispy-peppermint_14395c0a-747d-41a3-b4bd-5435fad2ec24.png,,,,5.20,,1,G,14,IN,3,3,3,,,,
,,VE-6005-1,Unisex,Title,Default Title,,,,,,,,,,5.20,,1,G,14,IN,3,3,3,,,VELO (SE),Crispy Peppermint AW
Witty Spearmint AW,"<p><span>Erlebe mit dem VELO Witty Spearmint AW eine erfrischende Neuheit! Der altbekannte Velo Mint AW wurde aufgewertet und erstrahlt nun unter dem neuen Design. </span></p>
<p>Auf aromatisierter Zellulosebasis und völlig frei von Tabak kommen auch die LYFT Beutel im Slim Format. Ohne Tabak bedeutet ohne gewöhnungsbedürftigen Tabakgeruch sowie ohne jegliche Tabakschadstoffe - aktuell gibt es weltweit keine weniger schädliche Art, Nikotin zu konsumieren. All White Snus / Nicotine Pouches bietet sich deshalb vor allem Rauchern an, welche mit Rauchentwöhnung wie Nikotinpflaster, Nikotinkaugummi oder Nikotinspray nichts anfangen können.<br></p>
<div class=""info"">
<div class=""info"">
<div class=""item flex"">
<div class=""title"">
<p>Der Velo Witty Spearmint kommt mit kühlendem Minzgeschmack und gemässigtem Nikotingehalt. Der klassische Minze Snus von VELO im Slim Format.</p>
<p><span>EPOK, LYFT oder VELO? </span><a href=""https://snushus.ch/blogs/snusbuch/epok-und-lyft-werden-ersetzt-mit-velo"">Hier findest Du alle Informationen zu diesem Thema!</a></p>
</div>
</div>
</div>
</div>",Witty Spearmint AW,Unisex,,,,,,,https://cdn.shopify.com/s/files/1/0072/0646/9679/files/Velo-Witty-Spearmint-2.png,https://cdn.shopify.com/s/files/1/0072/0646/9679/files/VeloWittySpearmint_bff6eb2f-e277-4438-9d39-ed9d72e44cee.png,,,,5.20,,1,G,14,IN,3,3,3,,,,
,,VE-7005-1,Unisex,Title,Default Title,,,,,,,,,,5.20,,1,G,14,IN,3,3,3,,,VELO (SE),Witty Spearmint AW
Mini Spiffy Spearmint AW,"<p><span>Erlebe mit dem VELO Mini Spiffy Spearmint AW eine erfrischende Neuheit! Der altbekannte Velo Mini Easy Mint AW wurde aufgewertet und erstrahlt nun unter dem neuen Design. </span></p>
<p>Auf aromatisierter Zellulosebasis und völlig frei von Tabak kommen die VELO Beutel neu auch im Mini Format. Ohne Tabak bedeutet ohne gewöhnungsbedürftigen Tabakgeruch sowie ohne jegliche Tabakschadstoffe - aktuell gibt es weltweit keine weniger schädliche Art, Nikotin zu konsumieren. All White Snus / Nicotine Pouches bietet sich deshalb vor allem Rauchern an, welche mit Rauchentwöhnung wie Nikotinpflaster, Nikotinkaugummi oder Nikotinspray nichts anfangen können.<br></p>
<div class=""info"">
<div class=""info"">
<div class=""item flex"">
<div class=""title"">
<p>Der VELO Mini Spiffy Spearmint kommt mit süssem Minzgeschmack und tiefem Nikotingehalt.</p>
<p><span>EPOK, LYFT oder VELO? </span><a href=""https://snushus.ch/blogs/snusbuch/epok-und-lyft-werden-ersetzt-mit-velo"">Hier findest Du alle Informationen zu diesem Thema!</a></p>
</div>
</div>
</div>
</div>",Mini Spiffy Spearmint AW,Unisex,,,,,,,https://cdn.shopify.com/s/files/1/0072/0646/9679/files/Velo-Spiffy-spearmint-mini.png,https://cdn.shopify.com/s/files/1/0072/0646/9679/files/velo-spiffy-spearmint-mini1_e1acc026-45e5-4398-a4d0-68ba67917afb.png,,,,5.20,,1,G,10,IN,3,3,3,,,,
,,VE-9005-1,Unisex,Title,Default Title,,,,,,,,,,5.20,,1,G,10,IN,3,3,3,,,VELO (SE),Mini Spiffy Spearmint AW
Mighty Peppermint MAX AW,"<div class=""info"">
<div class=""info"">
<div class=""item flex"">
<div class=""title"">
<p>Erlebe <a href=""https://snushus.ch/collections/velo-snus"">VELO</a> Mighty Peppermint MAX All White – Dein extrem starker Begleiter für ein intensives Nikotinerlebnis. Mit einer Stärke von 6/5 und einem beeindruckenden Nikotingehalt von 24 mg/g bietet Dir dieser Snus eine außergewöhnlich starke und langanhaltende Wirkung. Die 20 Slim Beutel sind perfekt für diskreten und bequemen Genuss und enthalten einen erfrischenden Minzgeschmack.</p>
<p><strong>Der altbekannte VELO Freeze Max trägt nun den Namen VELO Mighty Peppermint MAX und erstrahlt in einem neuen Deisgn</strong>.</p>
<p>Auf aromatisierter Zellulosebasis und völlig frei von Tabak kommen auch die VELO Beutel im Slim Format. Ohne Tabak bedeutet kein gewöhnungsbedürftiger Tabakgeruch sowie keine Tabakschadstoffe – weltweit gibt es aktuell keine weniger schädliche Art, Nikotin zu konsumieren. All White Snus / Nicotine Pouches bieten sich deshalb vor allem Rauchern an, die mit herkömmlichen Methoden zur Rauchentwöhnung wie Nikotinpflastern, Nikotinkaugummis oder Nikotinsprays wenig Erfolg haben.</p>
<p>Geniesse die kraftvolle Frische von VELO Mighty Peppermint MAX All White und erlebe die Vorteile eines tabakfreien Nikotinerlebnisses. Bestelle jetzt online und entdecke, warum VELO die bevorzugte Wahl für Snus-Liebhaber ist. Gönn Dir diesen extrem starken und erfrischenden Genuss und bringe Frische in Deinen Alltag!</p>
<p>EPOK, LYFT oder VELO?<span> </span><a href=""https://snushus.ch/blogs/snusbuch/epok-und-lyft-werden-ersetzt-mit-velo"">Hier findest Du alle Informationen zu diesem Thema!</a></p>
</div>
</div>
</div>
</div>",Mighty Peppermint MAX AW,Unisex,,,,,,,https://cdn.shopify.com/s/files/1/0072/0646/9679/files/velo-mighty-peppermint-6-aw.png,,,,,5.20,0.00,1,G,14,IN,3,3,3,,,,
,,VE-1115-1,Unisex,Title,Default Title,,,,,,,,,,5.20,0.00,1,G,14,IN,3,3,3,,,VELO (SE),Mighty Peppermint MAX AW
Mini Groovy Grape AW,"<p><span>Erlebe mit dem VELO Mini Groovy Grape AW eine erfrischende Neuheit! Der altbekannte Velo Mini Royal Purple AW wurde aufgewertet und erstrahlt nun unter dem neuen Design. </span></p>
<p>Auf aromatisierter Zellulosebasis und völlig frei von Tabak kommen auch die<span> VELO </span>Beutel im Slim Format. Ohne Tabak bedeutet ohne gewöhnungsbedürftigen Tabakgeruch sowie ohne jegliche Tabakschadstoffe - aktuell gibt es weltweit keine weniger schädliche Art, Nikotin zu konsumieren. All White Snus / Nicotine Pouches bietet sich deshalb vor allem Rauchern an, welche mit Rauchentwöhnung wie Nikotinpflaster, Nikotinkaugummi oder Nikotinspray nichts anfangen können.<br></p>
<div class=""info"">
<div class=""info"">
<div class=""item flex"">
<div class=""title"">
<p>Der VELO Mini Groovy Grape AW hat den intensiven Geschmack von roten Trauben und kommt in extra kleinen Beuteln (Mini) für eine noch diskretere Anwendung.</p>
<p><span>EPOK, LYFT oder VELO? </span><a href=""https://snushus.ch/blogs/snusbuch/epok-und-lyft-werden-ersetzt-mit-velo"">Hier findest Du alle Informationen zu diesem Thema!</a></p>
</div>
</div>
</div>
</div>",Mini Groovy Grape AW,Unisex,,,,,,,https://cdn.shopify.com/s/files/1/0072/0646/9679/files/velo-groovy-grape-mini-2.png,https://cdn.shopify.com/s/files/1/0072/0646/9679/files/velo-groovy-grape-mini_3c939a50-1964-4804-b96b-76b3321e101b.png,,,,5.20,,1,G,10,IN,3,3,3,,,,
,,VE-1405-1,Unisex,Title,Default Title,,,,,,,,,,5.20,,1,G,10,IN,3,3,3,,,VELO (SE),Mini Groovy Grape AW
Peppermint Storm X-Strong AW,"<p>Erlebe <a href=""https://snushus.ch/collections/velo-snus"">VELO</a> Peppermint Storm X-Strong AW – Dein kraftvoller Begleiter für ein intensives und erfrischendes Nikotinerlebnis. Mit einer Stärke von 4/5 und einem beeindruckenden Nikotingehalt von 15,6 mg/g bietet Dir dieser Snus eine starke und langanhaltende Wirkung.</p>
<p><strong>Der altbekannte Velo Cool Storm X-Strong AW</strong> wurde aufgewertet und erstrahlt nun unter dem neuen Design.</p>
<p>Auf aromatisierter Zellulosebasis und völlig frei von Tabak kommen auch die VELO Beutel im Slim Format. Ohne Tabak bedeutet ohne gewöhnungsbedürftigen Tabakgeruch sowie ohne jegliche Tabakschadstoffe – weltweit gibt es aktuell keine weniger schädliche Art, Nikotin zu konsumieren. All White Snus / Nicotine Pouches sind besonders für Raucher geeignet, die mit herkömmlichen Methoden zur Rauchentwöhnung wie Nikotinpflastern, Nikotinkaugummis oder Nikotinsprays nichts anfangen können.</p>
<p>VELO Cool Storm bietet einen starken Mentholgeschmack, ergänzt durch einen Hauch von Pfefferminz und ein sehr starkes Kühlungsgefühl. Diese Kombination sorgt für ein belebendes und erfrischendes Aroma, das Deine Sinne belebt und Dich sofort erfrischt.</p>
<p>Geniesse die kraftvolle Frische von VELO Peppermint Storm X-Strong AW und erlebe die Vorteile eines tabakfreien Nikotinerlebnisses. Bestelle jetzt online und entdecke, warum VELO die bevorzugte Wahl für Snus-Liebhaber ist. Gönn Dir diesen intensiven Genuss und bringe Frische in Deinen Alltag!</p>
<p><a href=""https://snushus.ch/blogs/snusbuch/epok-und-lyft-werden-ersetzt-mit-velo"">EPOK, LYFT oder VELO? Hier findest Du alle Informationen zu diesem Thema!</a></p>",Peppermint Storm X-Strong AW,Unisex,,,,,,,https://cdn.shopify.com/s/files/1/0072/0646/9679/files/velo-peppermint-storm.png,,,,,5.20,0.00,1,G,14,IN,3,3,3,,,,
,,VE-1205-1,Unisex,Title,Default Title,,,,,,,,,,5.20,0.00,1,G,14,IN,3,3,3,,,VELO (SE),Peppermint Storm X-Strong AW
Icy Berries AW,"<p><span data-mce-fragment=""1"">VELO Berry Frost X-Strong AW wird zu VELO Icy Berries AW:</span></p>
<p><span data-mce-fragment=""1"">VELO Icy Berries ist eine vollständig weisse Portion mit einem erfrischenden Beerenaroma. Die schlanke Präsentation des Produkts verleiht ihm ein modernes Erscheinungsbild.</span></p>",Icy Berries AW,Unisex,,,,,,,https://cdn.shopify.com/s/files/1/0072/0646/9679/files/Velo_Icy_Berries.png,,,,,5.20,0.00,1,G,14,IN,3,3,3,,,,
,,VE-1305-1,Unisex,Title,Default Title,,,,,,,,,,5.20,0.00,1,G,14,IN,3,3,3,,,VELO (SE),Icy Berries AW
Mighty Peppermint ULTRA AW,"<p>Erlebe <a href=""https://snushus.ch/collections/velo-snus"">VELO</a> Mighty Peppermint ULTRA All White – Dein kraftvoller Begleiter für ein erfrischendes und starkes Nikotinerlebnis. Mit einer Stärke von 5/5 und einem Nikotingehalt von 20 mg/g bietet Dir dieser Snus eine intensive und langanhaltende Wirkung. Die 20 Slimbeutel sind ideal für diskreten und bequemen Genuss und enthalten einen belebenden Geschmack von Pfefferminze und Menthol.</p>
<p><strong>Der VELO Mighty Peppermint ULTRA ist das neuste Produkt von VELO und ersetzt den altbekannten VELO Freeze Ultra</strong>. </p>
<p>Auf aromatisierter Zellulosebasis und völlig frei von Tabak kommen auch die VELO Beutel im Slim Format. Ohne Tabak bedeutet kein gewöhnungsbedürftiger Tabakgeruch sowie keine Tabakschadstoffe – weltweit gibt es aktuell keine weniger schädliche Art, Nikotin zu konsumieren. All White Snus / Nicotine Pouches sind besonders für Raucher geeignet, die mit herkömmlichen Methoden zur Rauchentwöhnung wie Nikotinpflastern, Nikotinkaugummis oder Nikotinsprays wenig Erfolg haben.</p>
<p>Erlebe den Unterschied mit VELO Mighty Peppermint ULTRA All White. Lass Dich von der kraftvollen Frische und der praktischen Handhabung überzeugen.</p>
<p>EPOK, LYFT oder VELO? <a href=""https://snushus.ch/blogs/snusbuch/epok-und-lyft-werden-ersetzt-mit-velo"">Hier findest Du alle Informationen zu diesem Thema!</a></p>",Mighty Peppermint ULTRA AW,Unisex,,,,,,,https://cdn.shopify.com/s/files/1/0072/0646/9679/files/Velo-mighty-peppermint-ultra.png,,,,,5.20,0.00,1,G,14,IN,3,3,3,,,,
,,VE-1125-1,Unisex,Title,Default Title,,,,,,,,,,5.20,0.00,1,G,14,IN,3,3,3,,,VELO (SE),Mighty Peppermint ULTRA AW
Blushy Berry AW,"<p>Erlebe die erfrischende Neuheit mit <a href=""https://snushus.ch/collections/velo-snus"">VELO</a> Blushy Berry All White – Dein perfekter Begleiter für ein sanftes und fruchtiges Nikotinerlebnis. Mit einem köstlichen Erdbeergeschmack und einem Nikotingehalt von 8 mg/g bietet Dir dieser Snus eine angenehme und langanhaltende Wirkung. Die Dose enthälten 14g Tabakersatz in Form von Slim Beuteln.</p>
<p><strong>Der altbekannte Velo Ruby Berry All White </strong>wurde aufgewertet und erstrahlt nun unter dem neuen Design als VELO Blushy Berry AW. Auf aromatisierter Zellulosebasis und völlig frei von Tabak kommen auch die VELO Beutel im Slim Format. Ohne Tabak bedeutet ohne gewöhnungsbedürftigen Tabakgeruch sowie ohne jegliche Tabakschadstoffe – weltweit gibt es aktuell keine weniger schädliche Art, Nikotin zu konsumieren.</p>
<p>All White Snus / Nicotine Pouches sind besonders für Raucher geeignet, die mit herkömmlichen Methoden zur Rauchentwöhnung wie Nikotinpflastern, Nikotinkaugummis oder Nikotinsprays nichts anfangen können. Der VELO Blushy Berry AW bietet einen süssen Erdbeergeschmack und kommt, wie alle VELO Produkte, in Slim-Beuteln komplett ohne Tabak.</p>
<p>Geniesse den Geschmack von süssen Erdbeeren und die Vorteile eines tabakfreien Nikotinerlebnisses mit VELO Blushy Berry AW. Bestelle jetzt online und entdecke, warum VELO die bevorzugte Wahl für Snus-Liebhaber ist. Gönn Dir diesen fruchtigen Genuss und bringe Frische in Deinen Alltag!</p>
<div class=""info"">
<div class=""info"">
<div class=""item flex"">
<div class=""title"">
<p><span>EPOK, LYFT oder VELO? </span><a href=""https://snushus.ch/blogs/snusbuch/epok-und-lyft-werden-ersetzt-mit-velo"">Hier findest Du alle Informationen zu diesem Thema!</a></p>
</div>
</div>
</div>
</div>",Blushy Berry AW,Unisex,,,,,,,https://cdn.shopify.com/s/files/1/0072/0646/9679/files/Velo-Blushy-Berry-bameminghongFlame.png,,,,,5.20,0.00,1,G,14,IN,3,3,3,,,,
,,VE-1105-1,Unisex,Title,Default Title,,,,,,,,,,5.20,0.00,1,G,14,IN,3,3,3,,,VELO (SE),Blushy Berry AW
Mini Crispy Peppermint AW,"<p><span data-mce-fragment=""1"">Erlebe mit dem VELO Crispy Peppermint AW Mini eine erfrischende Neuheit! Der altbekannte Velo Mini Ice Cool Strong AW wurde aufgewertet und erstrahlt nun unter dem neuen Design. </span></p>
<p><span data-mce-fragment=""1"">Die Minibeutel haben den gleichen intensiv kühlenden Minzgeschmack, für den VELO Crispy Peppermint bekannt ist: scharfe Pfefferminze mit einem Hauch von Süsse und Minze.</span></p>",Mini Crispy Peppermint AW,Unisex,,,,,,,https://cdn.shopify.com/s/files/1/0072/0646/9679/files/velo-crispy-peppermint-mini.png,,,,,5.20,0.00,1,G,20,IN,3,3,3,,,,
,,VE-6115-1,Unisex,Title,Default Title,,,,,,,,,,5.20,0.00,1,G,20,IN,3,3,3,,,VELO (SE),Mini Crispy Peppermint AW
Eucalyptus X-Strong AW,"<span data-mce-fragment=""1"">Von der bekannten Marke Velo kommt mit Velo Eucalyptus Slim X-Strong All White Portion eine neue Geschmacksrichtung der populären Marke. Dabei ist nicht nur das Geschmackserlebnis recht intensiv. Auch der Nikotinkick ist mit einem Nikotingehalt 15,6 mg/g eher stark. Die 20 All-White Portionen im Slim-Format sind zudem in einer praktischen Dose verpackt, die auch für unterwegs passt.</span>",Eucalyptus X-Strong AW,Unisex,,,,,,,https://cdn.shopify.com/s/files/1/0072/0646/9679/files/velo-eucalyptus-x-strong-aw.png,,,,,5.20,0.00,1,G,30,IN,3,3,3,,,,
,,VE-1805-1,Unisex,Title,Default Title,,,,,,,,,,5.20,0.00,1,G,30,IN,3,3,3,,,VELO (SE),Eucalyptus X-Strong AW
Groovy Grape AW,"<p data-mce-fragment=""1"">Der VELO Groovy Grape ist das neuste Produkt von VELO und ist identisch mit dem alt bekannten Royal Purple. Der Geschmack von roten Trauben bleibt gleich.</p>
<p data-mce-fragment=""1"">Auf aromatisierter Zellulosebasis und völlig frei von Tabak kommen auch die<span data-mce-fragment=""1""> VELO </span>Beutel im Slim Format. Ohne Tabak bedeutet ohne gewöhnungsbedürftigen Tabakgeruch sowie ohne jegliche Tabakschadstoffe - aktuell gibt es weltweit keine weniger schädliche Art, Nikotin zu konsumieren. All White Snus / Nicotine Pouches bietet sich deshalb vor allem Rauchern an, welche mit Rauchentwöhnung wie Nikotinpflaster, Nikotinkaugummi oder Nikotinspray nichts anfangen können.</p>
<div class=""info"" data-mce-fragment=""1"">
<div class=""info"" data-mce-fragment=""1"">
<div class=""item flex"" data-mce-fragment=""1"">
<div class=""title"" data-mce-fragment=""1"">
<p data-mce-fragment=""1""><span data-mce-fragment=""1"">EPOK, LYFT oder VELO? </span><a title=""https://snushus.ch/blogs/snusbuch/epok-und-lyft-werden-ersetzt-mit-velo"" href=""https://snushus.ch/blogs/snusbuch/epok-und-lyft-werden-ersetzt-mit-velo"">Hier findest Du alle Informationen zu diesem Thema!</a></p>
</div>
</div>
</div>
</div>",Groovy Grape AW,Unisex,,,,,,,https://cdn.shopify.com/s/files/1/0072/0646/9679/files/velo-groovy-grape-slim.png,,,,,5.20,0.00,1,G,1,IN,3,3,3,,,,
,,VE-1415-1,Unisex,Title,Default Title,,,,,,,,,,5.20,0.00,1,G,1,IN,3,3,3,,,VELO (SE),Groovy Grape AW
Zesty Elderflower AW,"<p>Erlebe <a href=""https://snushus.ch/collections/velo-snus"">VELO</a>  Zesty Elderflower AW – Dein frischer Begleiter für ein angenehmes Nikotinerlebnis. Mit einem erfrischenden Geschmack von Holunderblüten und Limetten bietet Dir dieser Snus eine ausgewogene Stärke von 3/5 und 10 mg/g Nikotin. Die 14g Dose umfasst insgesamt 20 Slim Beutel, die für ein langanhaltendes Vergnügen sorgen.</p>
<p>Auf aromatisierter Zellulosebasis und völlig frei von Tabak kommen auch die VELO Beutel im Slim Format. Das bedeutet: kein Tabakgeruch und keine Tabakschadstoffe – derzeit gibt es weltweit keine weniger schädliche Art, Nikotin zu konsumieren. All White Snus / Nicotine Pouches sind besonders für Raucher geeignet, die mit traditionellen Rauchentwöhnungsmethoden wie Nikotinpflastern, -kaugummis oder -sprays wenig Erfolg haben.</p>
<p><strong>der altbekannte VELO Elderflower Spritz wird zu VELO Zesty Elderflower. Er bietet Dir einen erfrischenden Geschmack, der an den beliebten VELO Hugo AW erinnert</strong>.</p>
<p>  Die Kombination aus Holunderblüten und Limetten schafft ein einzigartiges Aroma, das Deine Sinne belebt und erfrischt. Diese Nikotinbeutel sind perfekt für den täglichen Gebrauch und bieten Dir eine diskrete und praktische Möglichkeit, Nikotin zu geniessen.</p>
<p>Bestelle jetzt Deinen VELO Zesty Elderflower AW online und entdecke die perfekte Balance aus Geschmack und Stärke. Gönn Dir diesen erfrischenden Genuss und erlebe, warum VELO die bevorzugte Wahl für Snus-Liebhaber ist!</p>
<p><a href=""https://snushus.ch/blogs/snusbuch/epok-und-lyft-werden-ersetzt-mit-velo"">EPOK, LYFT oder VELO? Hier findest Du alle Informationen zu diesem Thema!</a></p>",Zesty Elderflower AW,Unisex,,,,,,,https://cdn.shopify.com/s/files/1/0072/0646/9679/files/velo-zesty-elderflower-3.png,,,,,5.20,0.00,1,G,14,IN,3,3,3,,,,
,,VE-5005-1,Unisex,Title,Default Title,,,,,,,,,,5.20,0.00,1,G,14,IN,3,3,3,,,VELO (SE),Zesty Elderflower AW
Twisted Pineapple Strong AW,"<p>Sommer, Sonne, Snus: VELO Twisted Pineapple Strong bringt Dir den Sommer unter die Lippe! Das Aroma ist an den beliebten Drink Piña Colada angelehnt.</p>
<p>Der alt bekannt VELO Carribean Spirit hatte ein rebranding und heisst nun VELO Twisted Pineapple. </p>
<p>EPOK und LYFT heissen neu VELO!</p>
<p>Auf aromatisierter Zellulosebasis und völlig frei von Tabak kommen auch die<span> VELO </span>Beutel im Slim Format. Ohne Tabak bedeutet ohne gewöhnungsbedürftigen Tabakgeruch sowie ohne jegliche Tabakschadstoffe - aktuell gibt es weltweit keine weniger schädliche Art, Nikotin zu konsumieren. All White Snus / Nicotine Pouches bietet sich deshalb vor allem Rauchern an, welche mit Rauchentwöhnung wie Nikotinpflaster, Nikotinkaugummi oder Nikotinspray nichts anfangen können.</p>",Twisted Pineapple Strong AW,Unisex,,,,,,,https://cdn.shopify.com/s/files/1/0072/0646/9679/files/velo-Twisted-Pineapple-Strong-aw_8d042020-f586-469a-b78f-1f3decade286.png,,,,,5.20,0.00,1,G,14,IN,3,3,3,,,,
,,VE-1605-1,Unisex,Title,Default Title,,,,,,,,,,5.20,0.00,1,G,14,IN,3,3,3,,,VELO (SE),Twisted Pineapple Strong AW
Winterchill X-Strong AW,"<p>Auf aromatisierter Zellulosebasis und völlig frei von Tabak kommen auch die VELO Beutel im Slim Format. Ohne Tabak bedeutet ohne gewöhnungsbedürftigen Tabakgeruch sowie ohne jegliche Tabakschadstoffe - aktuell gibt es weltweit keine weniger schädliche Art, Nikotin zu konsumieren. All White Snus / Nicotine Pouches bietet sich deshalb vor allem Rauchern an, welche mit Rauchentwöhnung wie Nikotinpflaster, Nikotinkaugummi oder Nikotinspray nichts anfangen können.<br></p>
<div class=""info"">
<div class=""info"">
<div class=""item flex"">
<div class=""title"">
<p>Der VELO Winterchill X-Strong kommt mit kühlendem Geschmack von Wintergreen und erhöhtem Nikotingehalt.</p>
<p><span>EPOK, LYFT oder VELO? </span><a href=""https://snushus.ch/blogs/snusbuch/epok-und-lyft-werden-ersetzt-mit-velo"">Hier findest Du alle Informationen zu diesem Thema!</a></p>
</div>
</div>
</div>
</div>",Winterchill X-Strong AW,Unisex,,,,,,,https://cdn.shopify.com/s/files/1/0072/0646/9679/files/velo-winterchill-x-strong-aw.png,,,,,5.20,,1,G,14,IN,3,3,3,,,,
,,VE-2005-1,Unisex,Title,Default Title,,,,,,,,,,5.20,,1,G,14,IN,3,3,3,,,VELO (SE),Winterchill X-Strong AW
Cinnamon Flame AW,"<p>Erlebe <a href=""https://snushus.ch/collections/velo-snus"">VELO</a> Cinnamon Flame AW – Dein perfekter Begleiter für ein würziges und erfrischendes Nikotinerlebnis. Mit einem köstlichen Zimtgeschmack und einer Stärke von 3/5 und 14,3 mg/g bietet Dir dieser Snus eine angenehme und langanhaltende Wirkung. </p>
<p>Auf aromatisierter Zellulosebasis und völlig frei von Tabak kommen die VELO Beutel im Slim Format. Ohne Tabak bedeutet ohne den gewöhnungsbedürftigen Tabakgeruch sowie ohne jegliche Tabakschadstoffe – weltweit gibt es aktuell keine weniger schädliche Art, Nikotin zu konsumieren. VELO Cinnamon Flame AW ist besonders geeignet für alle, die ein ausgewogenes und aromatisches Snus-Erlebnis suchen.</p>
<p>Geniesse den würzigen Zimtgeschmack von VELO Cinnamon Flame AW und erlebe die Vorteile eines tabakfreien Nikotinerlebnisses. Diese Kombination sorgt für ein angenehmes und wärmendes Aroma, das Deine Sinne belebt und Dir ein wohltuendes Gefühl gibt.</p>
<p>Bestelle jetzt Deinen VELO Cinnamon Flame AW online und entdecke, warum VELO die bevorzugte Wahl für Snus-Liebhaber ist. Gönn Dir diesen aromatischen Genuss und bringe Würze in Deinen Alltag! VELO Snus kaufen war noch nie so einfach und bequem.</p>
<p><span data-mce-fragment=""1"">Die VELO Sensations-Serie ist für den erfahrenen Nutzer gedacht, der eine andere Art von Produktintensität sucht.</span></p>",Cinnamon Flame AW,Unisex,,,,,,,https://cdn.shopify.com/s/files/1/0072/0646/9679/files/velo-cinnamon-flame-aw.png,,,,,5.20,0.00,1,G,14,IN,3,3,3,,,,
,,VE-4005-1,Unisex,Title,Default Title,,,,,,,,,,5.20,0.00,1,G,14,IN,3,3,3,,,VELO (SE),Cinnamon Flame AW
Wild Lavender AW,"<p>Auf aromatisierter Zellulosebasis und völlig frei von Tabak kommen auch die VELO Beutel im Slim Format. Ohne Tabak bedeutet ohne gewöhnungsbedürftigen Tabakgeruch sowie ohne jegliche Tabakschadstoffe - aktuell gibt es weltweit keine weniger schädliche Art, Nikotin zu konsumieren. All White Snus / Nicotine Pouches bietet sich deshalb vor allem Rauchern an, welche mit Rauchentwöhnung wie Nikotinpflaster, Nikotinkaugummi oder Nikotinspray nichts anfangen können.</p>
<p>VELO Wild Lavendel Limited Edition. Inspiriert von Wildblumenfeldern und voll von der krautigen Rundheit des Lavendels.<br data-mce-fragment=""1""><br data-mce-fragment=""1"">EPOK, LYFT oder VELO? Hier findest Du alle Informationen zu diesem Thema!</p>",Wild Lavender AW,Unisex,,,,,,,https://cdn.shopify.com/s/files/1/0072/0646/9679/files/velo-wild-lavender-strong-aw.png,,,,,5.20,0.00,1,G,14,IN,3,3,3,,,,
,,VE-1905-1,Unisex,Title,Default Title,,,,,,,,,,5.20,0.00,1,G,14,IN,3,3,3,,,VELO (SE),Wild Lavender AW
Spicy Pineapple AW,"<p>Auf aromatisierter Zellulosebasis und völlig frei von Tabak kommen auch die VELO Beutel im Slim Format. Ohne Tabak bedeutet ohne gewöhnungsbedürftigen Tabakgeruch sowie ohne jegliche Tabakschadstoffe - aktuell gibt es weltweit keine weniger schädliche Art, Nikotin zu konsumieren. All White Snus / Nicotine Pouches bietet sich deshalb vor allem Rauchern an, welche mit Rauchentwöhnung wie Nikotinpflaster, Nikotinkaugummi oder Nikotinspray nichts anfangen können.<br></p>
<p>VELO Spicy Pineapple ist die Geschmacksrichtung mit einem Hauch von feurig-scharfem Chili, der der Süsse der Ananas eine besondere Note verleiht.<br data-mce-fragment=""1""><br data-mce-fragment=""1"">EPOK, LYFT oder VELO? Hier findest Du alle Informationen zu diesem Thema!</p>",Spicy Pineapple AW,Unisex,,,,,,,https://cdn.shopify.com/s/files/1/0072/0646/9679/files/velo-spicy-pineapple-strong-aw.png,,,,,5.20,0.00,1,G,14,IN,3,3,3,,,,
,,VE-3005-1,Unisex,Title,Default Title,,,,,,,,,,5.20,0.00,1,G,14,IN,3,3,3,,,VELO (SE),Spicy Pineapple AW
Breezy Mango X-Strong AW,"<p>Der neue Name für den altbekannten <a href=""https://snushus.ch/collections/velo-snus"">VELO</a> Tropic Breeze X Strong bringt frischen Wind in Dein Snus-Erlebnis.</p>
<p>Entdecke VELO Breezy Mango X-Strong All White – Dein ultimativer Begleiter für ein intensives und fruchtiges Nikotinerlebnis! Mit einem Nikotingehalt von 14,3 mg/g und einem erfrischenden Mangogeschmack bietet Dir dieser All White Snus eine ausgewogene und lang anhaltende Erfahrung. Die Slim Beutel sind perfekt für diskreten und angenehmen Genuss, jederzeit und überall.</p>
<p>Breezy Mango X-Strong All White ist die ideale Wahl für alle, die ein starkes und fruchtiges Snus-Erlebnis suchen. Die praktische 14g Dose enthält 20 Slim Beutel, die Dir ausreichend Vorrat für viele genussvolle Momente bieten. </p>
<p>Bestelle jetzt Deinen Breezy Mango X-Strong All White online und entdecke die perfekte Kombination aus Fruchtigkeit, Stärke und Diskretion. Gönn Dir den fruchtigen Genuss für den Sommer.</p>
<!---->",Breezy Mango X-Strong AW,Unisex,,,,,,,https://cdn.shopify.com/s/files/1/0072/0646/9679/files/velo-breezy-mango-aw.png,,,,,5.20,0.00,1,G,14,IN,3,3,3,,,,
,,VE-8105-1,Unisex,Title,Default Title,,,,,,,,,,5.20,0.00,1,G,14,IN,3,3,3,,,VELO (SE),Breezy Mango X-Strong AW
Breezy Mango AW,"<p><span>Erleben Sie den erfrischenden Sommergeschmack von Breezy Mango AW! Mit dem leckeren Mango-Geschmack und einer extra Portion Energie, ist dieses Velo perfekt für die heissen Tage. Holen Sie sich das perfekte Sommerfeeling mit Breezy Mango AW!</span></p>
<p><span>Der alt bekannte VELO Tropic Breeze wird zum Breezy Mango.</span></p>",Breezy Mango AW,Unisex,,,,,,,https://cdn.shopify.com/s/files/1/0072/0646/9679/files/velo-breezy-mango-2-6.png,https://cdn.shopify.com/s/files/1/0072/0646/9679/files/velo-breezy-mango.png,,,,5.20,0.00,1,G,1,IN,3,3,3,,,,
,,VE-8005-1,Unisex,Title,Default Title,,,,,,,,,,5.20,0.00,1,G,1,IN,3,3,3,,,VELO (SE),Breezy Mango AW
Icy Cherry AW,"<p>Erlebe die perfekte Kombination aus Frische und Fruchtigkeit mit <strong>VELO Icy Cherry All White</strong>. Mit einem Nikotingehalt von <strong>14,3 mg/g</strong> und einem köstlichen Kirschgeschmack bietet Dir dieses Snus-Produkt ein angenehmes und dennoch wirkungsvolles Erlebnis. Die Stärke von <strong>3/5</strong> macht es ideal für alle, die eine moderate, aber erfrischende Wirkung suchen. Jede Dose enthält <strong>20 Slim Beutel</strong>, die besonders praktisch für unterwegs sind und in jeder Situation diskret angewendet werden können.</p>
<p>Der VELO Icy Cherry All White verwöhnt Dich mit einem süsslich-erfrischenden Kirschgeschmack, der an reife Kirschen erinnert und gleichzeitig eine eisige Note mit sich bringt. Ob Du auf der Suche nach einem fruchtigen Genuss bist oder einfach nur eine kleine Erfrischung für zwischendurch benötigst – dieses Produkt ist die perfekte Wahl für Dich.</p>
<p>Probiere jetzt den VELO Icy Cherry All White und erlebe ein fruchtig-eisiges Abenteuer.</p>
<!---->",Icy Cherry AW,Unisex,,,,,,,https://cdn.shopify.com/s/files/1/0072/0646/9679/files/Velo_Icy_Cherry.png,,,,,5.20,0.00,1,G,14,IN,3,3,3,,,,
,,VE-8305-1,Unisex,Title,Default Title,,,,,,,,,,5.20,0.00,1,G,14,IN,3,3,3,,,VELO (SE),Icy Cherry AW
Mango Flame AW,"<p>Erlebe den intensiven Geschmack von Mango mit dem neuen Mango Flame AW Velo Snus! Dieser All White Snus bietet mit einer Stärke von 3 von 5 die perfekte Balance zwischen Geschmack und Wirkung. Geniesse den erfrischenden Geschmack von Mango und lass Dich von der Energie dieses Snus inspirieren. Mit einem Nikotingehalt von 14,3 mg/g liefert der Mango Flame AW Velo Snus eine kraftvolle und dennoch angenehme Erfahrung.</p>
<p>Jede Dose enthält 14 g Tabakersatz, verteilt auf 20 Slim-Beutel, die sich diskret und bequem verwenden lassen. Der fruchtige Mangogeschmack macht diesen Snus zu einer köstlichen und erfrischenden Alternative zu herkömmlichen Tabakprodukten. Probiere ihn jetzt aus und erlebe den ultimativen Genuss!</p>
<!---->",Mango Flame AW,Unisex,,,,,,,https://cdn.shopify.com/s/files/1/0072/0646/9679/files/MangoFlame.png,,,,,5.20,0.00,1,G,14,IN,3,3,3,,,,
,,VE-2115-1,Unisex,Title,Default Title,,,,,,,,,,5.20,0.00,1,G,14,IN,3,3,3,,,VELO (SE),Mango Flame AW
Lofty Liquorice AW,"<p>Erlebe <a href=""https://snushus.ch/collections/velo-snus"">VELO</a> Lofty Liquorice All White – Dein idealer Begleiter für ein einzigartiges und genussvolles Nikotinerlebnis. Mit einem ausgewogenen Geschmack von Lakritze und Anis bietet Dir dieser Snus eine angenehme Stärke von 3/5. Die 14,3 mg/g Nikotin sorgen für ein langanhaltendes und befriedigendes Erlebnis.</p>
<p>Die VELO Beutel im Slim Format sind auf einer aromatisierten Zellulosebasis hergestellt und völlig frei von Tabak. Das bedeutet kein Tabakgeruch und keine Tabakschadstoffe – weltweit gibt es aktuell keine weniger schädliche Art, Nikotin zu konsumieren. </p>
<p>VELO Lofty Liquorice All White kombiniert den intensiven Geschmack von Lakritze und Anis zu einem unvergleichlichen Aroma, das Deine Sinne verführt und belebt. Diese Nikotinbeutel sind ideal für den täglichen Gebrauch und bieten Dir eine diskrete und praktische Möglichkeit, Nikotin zu geniessen.</p>
<p>Bestelle jetzt Deinen VELO Lofty Liquorice All White online und entdecke die perfekte Balance aus Geschmack und Stärke. VELO Snus kaufen in der Schweiz war noch nie so einfach und bequem. Gönn Dir diesen einzigartigen Genuss und bereichere Deinen Alltag mit einem besonderen Snus-Erlebnis!</p>
<!---->",Lofty Liquorice AW,Unisex,,,,,,,https://cdn.shopify.com/s/files/1/0072/0646/9679/files/Velo-Lofty-Liquorice_9a96b568-0141-464e-972c-3d367359d263.png,,,,,5.20,0.00,1,G,14,IN,3,3,3,,,,
,,VE-8205-1,Unisex,Title,Default Title,,,,,,,,,,5.20,0.00,1,G,14,IN,3,3,3,,,VELO (SE),Lofty Liquorice AW
Berry Frost X-Strong AW,"<p>Berry Frost X-Strong heisst neu Icy Berries, <a href=""https://snushus.ch/products/velo-icy-berries-aw-slim"">hier gehts zum neuen Produkt</a>!</p>
<p>Kühlender Geschmack von süssen Himbeeren, Heidelbeeren und Brombeeren mit leicht würzigen Tönen.</p>
<p>EPOK, LYFT oder VELO?! <br>Weitere Informationen dazu findest Du in <a href=""https://snushus.ch/blogs/snusbuch/was-ist-all-white-snus"" target=""_blank"">unserem Blog</a>.</p>",Berry Frost X-Strong AW,Unisex,,,,,,,https://cdn.shopify.com/s/files/1/0072/0646/9679/files/velo-berry-frost-x-strong-aw.png,,,,,6.90,,1,G,14,IN,3,3,3,,,,
,,VE-4205-1,Unisex,Title,Default Title,,,,,,,,,,6.90,,1,G,14,IN,3,3,3,,,VELO (SK),Berry Frost X-Strong AW
Mighty Peppermint AW,"<p>Eisdurchdringender, intensiver Geschmack auf salziger Geschmacksbasis. Sie erinnern sich vielleicht unter dem ursprünglichen Namen LYFT Freeze daran.</p>
<p><span>Erlebe mit dem VELO Mighty Peppermint AW eine erfrischende Neuheit! Der altbekannte Velo Freeze AW wurde aufgewertet und erstrahlt nun unter dem neuen Design. </span></p>
<p>EPOK, LYFT oder VELO?! <br>Weitere Informationen dazu findest Du in <a href=""https://snushus.ch/blogs/snusbuch/was-ist-all-white-snus"" rel=""noopener noreferrer"" target=""_blank"">unserem Blog</a>.</p>",Mighty Peppermint AW,Unisex,,,,,,,https://cdn.shopify.com/s/files/1/0072/0646/9679/files/Velo-Mighty-Peppermint-light2024.png,,,,,6.90,,1,G,14,IN,3,3,3,,,,
,,VE-4105-1,Unisex,Title,Default Title,,,,,,,,,,6.90,,1,G,14,IN,3,3,3,,,VELO (SK),Mighty Peppermint AW
Crispy Peppermint AW,"<p>Die kühle Brise von Minze und Bergkräutern ist wie eine frische Bergbrise.</p>
<p><span>Erlebe mit dem VELO Crispy Peppermint AW eine erfrischende Neuheit! Der altbekannte Velo Ice Cool Strong AW wurde aufgewertet und erstrahlt nun unter dem neuen Design. </span></p>
<p>EPOK, LYFT oder VELO?! <br>Weitere Informationen dazu findest Du in <a href=""https://snushus.ch/blogs/snusbuch/was-ist-all-white-snus"" target=""_blank"">unserem Blog</a>.</p>",Crispy Peppermint AW,Unisex,,,,,,,https://cdn.shopify.com/s/files/1/0072/0646/9679/files/Velo-crispy-Peppermint-2024.png,,,,,6.90,,1,G,1,IN,3,3,3,,,,
,,VE-3605-1,Unisex,Title,Default Title,,,,,,,,,,6.90,,1,G,1,IN,3,3,3,,,VELO (SK),Crispy Peppermint AW
Tropic Breeze X-Strong AW,"<p>Aromatisiert mit exotischer Mandarine, Passionsfrucht und Mango, die an den Sommer erinnern.</p>
<p>EPOK, LYFT oder VELO?! <br>Weitere Informationen dazu findest Du in <a href=""https://snushus.ch/blogs/snusbuch/was-ist-all-white-snus"" target=""_blank"" rel=""noopener noreferrer"">unserem Blog</a>.</p>",Tropic Breeze X-Strong AW,Unisex,,,,,,,https://cdn.shopify.com/s/files/1/0072/0646/9679/files/velo-tropic-breeze-x-strong-aw_3f9d47b6-2def-4070-a990-c7617fb19c3f.png,,,,,6.90,,1,G,14,IN,3,3,3,,,,
,,VE-4805-1,Unisex,Title,Default Title,,,,,,,,,,6.90,,1,G,14,IN,3,3,3,,,VELO (SK),Tropic Breeze X-Strong AW
Mini Berry Frost Medium AW,"<p>Kühlender Geschmack von süssen Himbeeren, Heidelbeeren und Brombeeren mit leicht würzigen Tönen.</p>
<p>EPOK, LYFT oder VELO?! <br>Weitere Informationen dazu findest Du in <a href=""https://snushus.ch/blogs/snusbuch/was-ist-all-white-snus"" target=""_blank"" rel=""noopener noreferrer"">unserem Blog</a>.</p>",Mini Berry Frost Medium AW,Unisex,,,,,,,https://cdn.shopify.com/s/files/1/0072/0646/9679/files/velo-mini-berry-frost-medium-aw_88bb7d36-fa14-4e03-ad9d-fb64bb28f1f9.png,,,,,6.90,,1,G,10,IN,3,3,3,,,,
,,VE-2205-1,Unisex,Title,Default Title,,,,,,,,,,6.90,,1,G,10,IN,3,3,3,,,VELO (SK),Mini Berry Frost Medium AW
Mini Polar Mint Medium AW,"<p>Perfekt kühlende Frische von Menthol mit süssen Tönen. </p>
<p>EPOK, LYFT oder VELO?! <br>Weitere Informationen dazu findest Du in <a href=""https://snushus.ch/blogs/snusbuch/epok-und-lyft-werden-ersetzt-mit-velo"" data-mce-href=""https://snushus.ch/blogs/snusbuch/epok-und-lyft-werden-ersetzt-mit-velo"" target=""_blank"">unserem Blog</a>.</p>",Mini Polar Mint Medium AW,Unisex,,,,,,,https://cdn.shopify.com/s/files/1/0072/0646/9679/files/velo-mini-polar-mint-medium-aw_f8f3f821-3ecf-4c0c-9494-43a43bad602e.png,,,,,6.90,,1,G,10,IN,3,3,3,,,,
,,VE-2305-1,Unisex,Title,Default Title,,,,,,,,,,6.90,,1,G,10,IN,3,3,3,,,VELO (SK),Mini Polar Mint Medium AW
Mighty Peppermint Intense AW Slim,"<p>Eisdurchdringender, intensiver Geschmack auf salziger Geschmacksbasis. Sie erinnern sich vielleicht unter dem ursprünglichen Namen LYFT Freeze daran.</p>
<p><span>Erlebe mit dem VELO Mighty Peppermint Intense AW eine erfrischende Neuheit! Der altbekannte Velo Freeze Ultra Strong AW wurde aufgewertet und erstrahlt nun unter dem neuen Design. </span></p>
<p>EPOK, LYFT oder VELO?! <br>Weitere Informationen dazu findest Du in <a rel=""noopener noreferrer"" href=""https://snushus.ch/blogs/snusbuch/was-ist-all-white-snus"" target=""_blank"">unserem Blog</a>.</p>",Mighty Peppermint Intense AW Slim,Unisex,,,,,,,https://cdn.shopify.com/s/files/1/0072/0646/9679/files/Velo-Mighty-Peppermint-Intense-Slim-2024.png,,,,,6.90,,1,G,1,IN,3,3,3,,,,
,,VE-5105-1,Unisex,Title,Default Title,,,,,,,,,,6.90,,1,G,1,IN,3,3,3,,,VELO (SK),Mighty Peppermint Intense AW Slim
Urban Vibe Ultra Strong AW,"Nur kurz verfügbar! <br data-mce-fragment=""1"">Bei diesem Produkt handelt es sich um Restposten, welcher etwas älter ist. Die Produkte wurden von uns getestet und sind problemlos geniessbar.<br data-mce-fragment=""1"">",Urban Vibe Ultra Strong AW,Unisex,,,,,,,https://cdn.shopify.com/s/files/1/0072/0646/9679/products/velo-urban-vibe-ultra-strong-aw.png,,,,,6.90,,1,G,18,IN,3,3,3,,,,
,,VE-5505-1,Unisex,Title,Default Title,,,,,,,,,,6.90,,1,G,18,IN,3,3,3,,,VELO (SK),Urban Vibe Ultra Strong AW
Mini Tropic Breeze Medium AW,"<p>Nur kurz verfügbar! <br>Bei diesem Produkt handelt es sich um Restposten, welcher etwas älter ist. Die Produkte wurden von uns getestet und sind problemlos geniessbar.</p>
<p>Aromatisiert mit exotischer Mandarine, Passionsfrucht und Mango, die an den Sommer erinnern.</p>
<p>EPOK, LYFT oder VELO?! <br>Weitere Informationen dazu findest Du in <a href=""https://snushus.ch/blogs/snusbuch/was-ist-all-white-snus"" target=""_blank"">unserem Blog</a>.</p>",Mini Tropic Breeze Medium AW,Unisex,,,,,,,https://cdn.shopify.com/s/files/1/0072/0646/9679/files/velo-mini-tropic-breeze-medium-aw.png,,,,,5.50,,1,G,1,IN,3,3,3,,,,
,,VE-2805-1,Unisex,Title,Default Title,,,,,,,,,,5.50,,1,G,1,IN,3,3,3,,,VELO (SK),Mini Tropic Breeze Medium AW
Mini Urban Vibe Medium AW,"<p>Nur kurz verfügbar! </p>
<p>Bei diesem Produkt handelt es sich um Restposten, welcher etwas älter ist. Die Produkte wurden von uns getestet und sind problemlos geniessbar.</p>
<p>Intensiver Geschmack von Cranberries und anderen roten Früchten in der urbanen Wildnis. Vielleicht kannten Sie dieses Produkt schon als LYFT Urban Vibe.</p>
<p>EPOK, LYFT oder VELO?! <br>Weitere Informationen dazu findest Du in <a href=""https://snushus.ch/blogs/snusbuch/was-ist-all-white-snus"" target=""_blank"">unserem Blog</a>.</p>",Mini Urban Vibe Medium AW,Unisex,,,,,,,https://cdn.shopify.com/s/files/1/0072/0646/9679/files/velo-mini-urban-vibe-medium-aw.png,,,,,6.90,,1,G,1,IN,3,3,3,,,,
,,VE-2505-1,Unisex,Title,Default Title,,,,,,,,,,6.90,,1,G,1,IN,3,3,3,,,VELO (SK),Mini Urban Vibe Medium AW
Arctic Blast AW,"<p>VID ist die neuste Kreation vom Hause Kurbits Snus AB - kräftige Schweizer Aromen treffen auf schwedisches Snus Know How. Die Arctiv Blast Nikotinbeutel bestechen mit ihrem frischen Menthol, Minze Geschmack und einem hohen Nikotingehalt von 20 mg/g! Die Slim Beutel fühlen sich angenehm unter der Lippe an und können helfen, die Zigarette zu vergessen. ;-)</p>
<p>Auf aromatisierter Zellulosebasis und völlig frei von Tabak kommen auch die VID Beutel im Slim Format. Ohne Tabak bedeutet ohne gewöhnungsbedürftigen Tabakgeruch sowie ohne jegliche Tabakschadstoffe - aktuell gibt es weltweit keine weniger schädliche Art, Nikotin zu konsumieren. All White Snus / Nicotine Pouches bietet sich deshalb vor allem Rauchern an, welche mit Rauchentwöhnung wie Nikotinpflaster, Nikotinkaugummi oder Nikotinspray nichts anfangen können.</p>",Arctic Blast AW,Unisex,,,,,,,https://cdn.shopify.com/s/files/1/0072/0646/9679/files/Vid-arctic-Blast-sized.png,,,,,3.90,0.00,1,G,1,IN,3,3,3,,,,
,,VI-1005-1,Unisex,Title,Default Title,,,,,,,,,,3.90,0.00,1,G,1,IN,3,3,3,,,VID,Arctic Blast AW
Coffee Caramel AW,"<p>Der VID Coffee Caramel All White Snus ist die neuste Kreation vom Hause Kurbits Snus AB und überzeugt geschmacklich mit einer perfekten Balance zwischen starken Arabica-Kaffeebohnen sowie karamellisierter Vanille. Mittelmässig süss und durchschnittlich stark sind diese Beutel etwas für Geniesser, die den Kaffeegeschmack lieben!</p>
<p><br>Auf aromatisierter Zellulosebasis und völlig frei von Tabak kommen auch die VID Beutel im Slim Format. Ohne Tabak bedeutet ohne gewöhnungsbedürftigen Tabakgeruch sowie ohne jegliche Tabakschadstoffe - aktuell gibt es weltweit keine weniger schädliche Art, Nikotin zu konsumieren. All White Snus / Nicotine Pouches bietet sich deshalb vor allem Rauchern an, welche mit Rauchentwöhnung wie Nikotinpflaster, Nikotinkaugummi oder Nikotinspray nichts anfangen können.</p>",Coffee Caramel AW,Unisex,,,,,,,https://cdn.shopify.com/s/files/1/0072/0646/9679/products/VID-Coffe-Caramel-AW.png,,,,,3.90,0.00,1,G,30000,IN,3,3,3,,,,
,,VI-7005-1,Unisex,Title,Default Title,,,,,,,,,,3.90,0.00,1,G,30000,IN,3,3,3,,,VID,Coffee Caramel AW
Coffee Caramel Strong AW,"Der VID Coffee Caramel strong All White Snus ist die neuste Kreation vom Hause Kurbits Snus AB und überzeugt geschmacklich mit einer perfekten Balance zwischen starken Arabica-Kaffeebohnen sowie karamellisierter Vanille. Mittelmässig süss und durchschnittlich stark sind diese Beutel etwas für Geniesser, die den Kaffeegeschmack lieben!<br>Auf aromatisierter Zellulosebasis und völlig frei von Tabak kommen auch die VID Beutel im Slim Format. Ohne Tabak bedeutet ohne gewöhnungsbedürftigen Tabakgeruch sowie ohne jegliche Tabakschadstoffe - aktuell gibt es weltweit keine weniger schädliche Art, Nikotin zu konsumieren. All White Snus / Nicotine Pouches bietet sich deshalb vor allem Rauchern an, welche mit Rauchentwöhnung wie Nikotinpflaster, Nikotinkaugummi oder Nikotinspray nichts anfangen können.",Coffee Caramel Strong AW,Unisex,,,,,,,https://cdn.shopify.com/s/files/1/0072/0646/9679/products/VID_Caramel_Coffe_Strong_dt.png,,,,,3.90,0.00,1,G,14,IN,3,3,3,,,,
,,VI-7105-1,Unisex,Title,Default Title,,,,,,,,,,3.90,0.00,1,G,14,IN,3,3,3,,,VID,Coffee Caramel Strong AW
Fresh Cola AW,"<p>VID ist die neuste Kreation vom Hause Kurbits Snus AB - kräftige Schweizer Aromen treffen auf schwedisches Snus Know How. Eine Abwechslung zu allen Nikotinbeuteln welche es bisher gab: VID Fresh Cola ist, wie der Name schon sagt, ein All White Snus mit Cola Geschmack! Ein unbeschreibliches Geschmackserlebnis.</p>
<p>Auf aromatisierter Zellulosebasis und völlig frei von Tabak kommen auch die VID Beutel im Slim Format. Ohne Tabak bedeutet ohne gewöhnungsbedürftigen Tabakgeruch sowie ohne jegliche Tabakschadstoffe - aktuell gibt es weltweit keine weniger schädliche Art, Nikotin zu konsumieren. All White Snus / Nicotine Pouches bietet sich deshalb vor allem Rauchern an, welche mit Rauchentwöhnung wie Nikotinpflaster, Nikotinkaugummi oder Nikotinspray nichts anfangen können.</p>",Fresh Cola AW,Unisex,,,,,,,https://cdn.shopify.com/s/files/1/0072/0646/9679/products/VID-Fresh-Cola-AW.png,,,,,3.90,,1,G,1,IN,3,3,3,,,,
,,VI-5005-1,Unisex,Title,Default Title,,,,,,,,,,3.90,,1,G,1,IN,3,3,3,,,VID,Fresh Cola AW
Fruit Fusion AW,"<p>VID ist die neuste Kreation vom Hause Kurbits Snus AB - kräftige Schweizer Aromen treffen auf schwedisches Snus Know How. Ein Beeren Aroma wie frisch aus dem Wald gepflückt! Die Nikotinbeutel von VID sind im Slim Format und sorgen für eine diskrete Anwendung.</p>
<p>Auf aromatisierter Zellulosebasis und völlig frei von Tabak kommen auch die VID Beutel im Slim Format. Ohne Tabak bedeutet ohne gewöhnungsbedürftigen Tabakgeruch sowie ohne jegliche Tabakschadstoffe - aktuell gibt es weltweit keine weniger schädliche Art, Nikotin zu konsumieren. All White Snus / Nicotine Pouches bietet sich deshalb vor allem Rauchern an, welche mit Rauchentwöhnung wie Nikotinpflaster, Nikotinkaugummi oder Nikotinspray nichts anfangen können.</p>",Fruit Fusion AW,Unisex,,,,,,,https://cdn.shopify.com/s/files/1/0072/0646/9679/files/VID-Fruit-Fusion-AW-23.png,,,,,3.90,,1,G,1,IN,3,3,3,,,,
,,VI-3005-1,Unisex,Title,Default Title,,,,,,,,,,3.90,,1,G,1,IN,3,3,3,,,VID,Fruit Fusion AW
Ginger Lemon AW,"<p>Frisch geschälter Ingwer, frische Zitrone und Honig! Wer kann der bewährten Kombination widerstehen? Das Gewicht des Ingwers trifft auf die saure Zitrone und beide werden durch eine sanfte Süße verstärkt, die die Dreieinigkeit ergänzt, wenn es um den Hauptgeschmack der Entspannung geht. Die Aromen von VID Ginger Lemon wollen dir ein Gefühl von Pflege und Ruhe vermitteln – aber mit spürbarer Nikotinabgabe für lange Zeit.</p>
<p>Wenn etwas Sicheres und Umfassendes gefragt ist, ist VID Ginger Lemon die Antwort, wenn es um Nikotinbeutel geht. Die Aromen sind sauber und greifbar, ohne überwältigend zu sein, aber perfekt ausbalanciert für diejenigen, die einen erwachseneren Geschmack in ihrem Nikotinbeutel haben möchten.</p>",Ginger Lemon AW,Unisex,,,,,,,https://cdn.shopify.com/s/files/1/0072/0646/9679/products/VID-Ginger-Lemon-aw.png,,,,,3.90,0.00,1,G,30000,IN,3,3,3,,,,
,,VI-9005-1,Unisex,Title,Default Title,,,,,,,,,,3.90,0.00,1,G,30000,IN,3,3,3,,,VID,Ginger Lemon AW
Menthol Mini AW,"<span>Die neue Geschmacksrichtung der beliebten Marke VID überzeugt nicht nur beim frischen Geschmack. Die auf Pflanzenfasern basierenden Nicotine Pouches mit Nikotinstärke 3/4 sind All-White, deshalb verfärben sie die Zähne nicht. Ausserdem erlaubt das bequeme Mini-Format den diskreten Genuss an fast jedem Ort. Ein Produkthighlight ist auch die nachhaltig hergestellte Dose, in der 20 Portionen Platz finden.</span>",Menthol Mini AW,Unisex,,,,,,,https://cdn.shopify.com/s/files/1/0072/0646/9679/products/vid-mini-menthol-aw.png,,,,,3.90,0.00,1,G,1,IN,3,3,3,,,,
,,VI-9215-1,Unisex,Title,Default Title,,,,,,,,,,3.90,0.00,1,G,1,IN,3,3,3,,,VID,Menthol Mini AW
Minty Apple Mini AW,"Die neue Geschmacksrichtung der beliebten Marke VID überzeugt nicht nur beim frischen Geschmack. Die auf Pflanzenfasern basierenden Nicotine Pouches mit Nikotinstärke 3/4 sind All-White, deshalb verfärben sie die Zähne nicht. Ausserdem erlaubt das bequeme Mini-Format den diskreten Genuss an fast jedem Ort. Ein Produkthighlight ist auch die nachhaltig hergestellte Dose, in der 20 Portionen Platz finden.",Minty Apple Mini AW,Unisex,,,,,,,https://cdn.shopify.com/s/files/1/0072/0646/9679/products/vid-mini-minty-apple-aw.png,,,,,3.90,0.00,1,G,1,IN,3,3,3,,,,
,,VI-9115-1,Unisex,Title,Default Title,,,,,,,,,,3.90,0.00,1,G,1,IN,3,3,3,,,VID,Minty Apple Mini AW
Minty Lemon AW,"<p>VID ist die neuste Kreation vom Hause Kurbits Snus AB - kräftige Schweizer Aromen treffen auf schwedisches Snus Know How. Ein kühles Zitrusaroma trifft auf 12 mg/g Nikotingehalt. Die Slim Nikotinbeutel stören kaum unter der Lippe. Ein perfektes Produkt für die Rauchentwöhnung! </p>
<p>Auf aromatisierter Zellulosebasis und völlig frei von Tabak kommen auch die VID Beutel im Slim Format. Ohne Tabak bedeutet ohne gewöhnungsbedürftigen Tabakgeruch sowie ohne jegliche Tabakschadstoffe - aktuell gibt es weltweit keine weniger schädliche Art, Nikotin zu konsumieren. All White Snus / Nicotine Pouches bietet sich deshalb vor allem Rauchern an, welche mit Rauchentwöhnung wie Nikotinpflaster, Nikotinkaugummi oder Nikotinspray nichts anfangen können.</p>
<p>Der altbekannte VID Cool Citrus mit neuem Namen!</p>",Minty Lemon AW,Unisex,,,,,,,https://cdn.shopify.com/s/files/1/0072/0646/9679/files/Vid-ruby-rasperry-sized.png,,,,,3.90,,1,G,1,IN,3,3,3,,,,
,,VI-4005-1,Unisex,Title,Default Title,,,,,,,,,,3.90,,1,G,1,IN,3,3,3,,,VID,Minty Lemon AW
Perfect Pear AW,"<p>Der Sommer ist eine fantastische Zeit voller Sonne, Strand und eisigem Birneneis. Auch wenn wir nicht das ganze Jahr über sonnige Sommertage haben können, können wir dieses Gefühl überall hin mitnehmen. Sonnengereifte Birnen, die zusammen mit klaren Vanilletönen einen wunderbaren Geschmack und eine Weichheit erzeugen, die uns an Freizeit, Spiel und Wärme erinnern.</p>
<p> </p>
<p>Bei VID Perfect Pear wollten wir den Geschmack von köstlichem Birneneis hervorheben, einen Geschmack, den viele Menschen kennen und mögen. Die Aromen oszillieren zwischen Birnen-Vanille und Säure auf eine Weise, die herausfordernd ist, wenn es darum geht, was mit Aromen für Nikotinbeutel gemacht werden kann. Der weiche Geschmack und die angenehme Nikotinstärke machen VID Perfect Pear zum perfekten Produkt für diejenigen, die täglich Nikotinbeutel verwenden möchten, oder für diejenigen, die einen milden Nikotinbeutel wünschen, wenn das Verlangen nach Nikotin zu groß wird.</p>",Perfect Pear AW,Unisex,,,,,,,https://cdn.shopify.com/s/files/1/0072/0646/9679/products/VID-Perfect-Pear-AW.png,,,,,3.90,0.00,1,G,30000,IN,3,3,3,,,,
,,VI-8005-1,Unisex,Title,Default Title,,,,,,,,,,3.90,0.00,1,G,30000,IN,3,3,3,,,VID,Perfect Pear AW
Ruby Raspberry AW,"<p>VID Ruby Raspberry spielt mit unseren Sinnen und versetzt uns zurück in die Kindheitserinnerungen, die aus dem Himbeerduft an der Laube oder am Wasser bestehen. Gleichzeitig sind es Himbeeren, die in jedem Süsswarenladen die Obertöne geben. Mit klarem Himbeerduft und der Stärkung sonnengereifter Erdbeeren wagen wir zu behaupten, dass dies ein Nikotinbeutel ist, der den Sommer bei jedem Wetter hervorbringt.</p>
<p>Wenn es um einen leichten und leckeren Nikotinbeutel geht, ist VID RubyRaspberry eine einfache Wahl. Ansprechender Geschmack mit frischem Duft macht diesen Nikotinbeutel bei vielen zum Favoriten. Die Auswahl der Aromen, die sich in der Tüte befinden, soll die natürliche Süsse der Beeren hervorheben, damit es so schmeckt, wie ein Sommertraum schmecken sollte.</p>
<p><span>Dieser Name ist neu, aber die Aromen von Beeren sind immer noch dieselben. Der alt bekannte Racing Raspberry im neuen Design.</span></p>",Ruby Raspberry AW,Unisex,,,,,,,https://cdn.shopify.com/s/files/1/0072/0646/9679/files/VID-ruby-raspberry-2023-aw.png,,,,,3.90,0.00,1,G,30000,IN,3,3,3,,,,
,,VI-1105-1,Unisex,Title,Default Title,,,,,,,,,,3.90,0.00,1,G,30000,IN,3,3,3,,,VID,Ruby Raspberry AW
Salty Liquorice AW,Ein aufregendes Zusammenspiel von einer salzigen Note und dem einzigartigen Lakritze-Geschmack – das wird den Fans von VID Salty Liquorice Slim Strong All White Portion Nikotinbeutel mit Nikotingehalt 12 mg/g geboten.,Salty Liquorice AW,Unisex,,,,,,,https://cdn.shopify.com/s/files/1/0072/0646/9679/products/vid-salty-liquorice-aw.png,,,,,3.90,0.00,1,G,1,IN,3,3,3,,,,
,,VI-1205-1,Unisex,Title,Default Title,,,,,,,,,,3.90,0.00,1,G,1,IN,3,3,3,,,VID,Salty Liquorice AW
Sour Cola Strong AW,"<p>VID ist die neuste Kreation vom Hause Kurbits Snus AB - kräftige Schweizer Aromen treffen auf schwedisches Snus Know How. Eine Abwechslung zu allen Nikotinbeuteln welche es bisher gab: VID Sour Cola strong  ist, wie der Name schon sagt, ein All White Snus mit Cola Geschmack! Ein unbeschreibliches Geschmackserlebnis.</p>
<p>Auf aromatisierter Zellulosebasis und völlig frei von Tabak kommen auch die VID Beutel im Slim Format. Ohne Tabak bedeutet ohne gewöhnungsbedürftigen Tabakgeruch sowie ohne jegliche Tabakschadstoffe - aktuell gibt es weltweit keine weniger schädliche Art, Nikotin zu konsumieren. All White Snus / Nicotine Pouches bietet sich deshalb vor allem Rauchern an, welche mit Rauchentwöhnung wie Nikotinpflaster, Nikotinkaugummi oder Nikotinspray nichts anfangen können.</p>
<p><span>Neues Design gleicher Geschmack! Der VID Sour Cola Strong ersezt den alt bekannten VID Fresh Cola Strong.</span></p>",Sour Cola Strong AW,Unisex,,,,,,,https://cdn.shopify.com/s/files/1/0072/0646/9679/files/VID_Sour_Cola_Strong_sized.png,,,,,3.90,0.00,1,G,14,IN,3,3,3,,,,
,,VI-5105-1,Unisex,Title,Default Title,,,,,,,,,,3.90,0.00,1,G,14,IN,3,3,3,,,VID,Sour Cola Strong AW
Sweet Tea Mini AW,"Die neue Geschmacksrichtung der beliebten Marke VID überzeugt nicht nur beim frischen Geschmack. Die auf Pflanzenfasern basierenden Nicotine Pouches mit Nikotinstärke 3/4 sind All-White, deshalb verfärben sie die Zähne nicht. Ausserdem erlaubt das bequeme Mini-Format den diskreten Genuss an fast jedem Ort. Ein Produkthighlight ist auch die nachhaltig hergestellte Dose, in der 20 Portionen Platz finden.",Sweet Tea Mini AW,Unisex,,,,,,,https://cdn.shopify.com/s/files/1/0072/0646/9679/products/vid-mini-sweet-tea-aw.png,,,,,3.90,0.00,1,G,1,IN,3,3,3,,,,
,,VI-9315-1,Unisex,Title,Default Title,,,,,,,,,,3.90,0.00,1,G,1,IN,3,3,3,,,VID,Sweet Tea Mini AW
Vanilla Pear Strong AW,"Der Sommer ist eine fantastische Zeit voller Sonne, Strand und eisigem Birneneis. Auch wenn wir nicht das ganze Jahr über sonnige Sommertage haben können, können wir dieses Gefühl überall hin mitnehmen. Sonnengereifte Birnen, die zusammen mit klaren Vanilletönen einen wunderbaren Geschmack und eine Weichheit erzeugen, die uns an Freizeit, Spiel und Wärme erinnern.<br data-mce-fragment=""1""><br data-mce-fragment=""1""><br data-mce-fragment=""1"">Bei VID <span data-mce-fragment=""1"">Vanilla Pear Strong</span> wollten wir den Geschmack von köstlichem Birneneis hervorheben, einen Geschmack, den viele Menschen kennen und mögen. Die Aromen oszillieren zwischen Birnen-Vanille und Säure auf eine Weise, die herausfordernd ist, wenn es darum geht, was mit Aromen für Nikotinbeutel gemacht werden kann. Der weiche Geschmack und die angenehme Nikotinstärke machen <span data-mce-fragment=""1"">VID Vanilla Pear Strong</span> zum perfekten Produkt für diejenigen, die täglich Nikotinbeutel verwenden möchten, oder für diejenigen, die einen milden Nikotinbeutel wünschen, wenn das Verlangen nach Nikotin zu groß wird.<br>",Vanilla Pear Strong AW,Unisex,,,,,,,https://cdn.shopify.com/s/files/1/0072/0646/9679/files/VID-vanilla-pear-sized.png,,,,,3.90,0.00,1,G,14,IN,3,3,3,,,,
,,VI-8105-1,Unisex,Title,Default Title,,,,,,,,,,3.90,0.00,1,G,14,IN,3,3,3,,,VID,Vanilla Pear Strong AW
Violet Velvet AW,"<p>VID ist die neuste Kreation vom Hause Kurbits Snus AB - kräftige Schweizer Aromen treffen auf schwedisches Snus Know How.</p>
<p>Violet Velvet ist eine verspielte Kombination aus Veilchen und süsser Lakritze. Die schnelle Nikotinfreisetzung und der süsse Geschmack haben sich zu einer Sensation im Segment der frischen und süssen Nikotinbeutel entwickelt. Die Entwickler wollten dem Produkt das Gefühl eines angenehmen Geschmacks geben, der der nordischen Geschmackstradition nahe steht.</p>",Violet Velvet AW,Unisex,,,,,,,https://cdn.shopify.com/s/files/1/0072/0646/9679/products/VID-Violet-Velvet-AW.png,,,,,3.90,0.00,1,G,30000,IN,3,3,3,,,,
,,VI-6005-1,Unisex,Title,Default Title,,,,,,,,,,3.90,0.00,1,G,30000,IN,3,3,3,,,VID,Violet Velvet AW
Watermelon AW,"<p>VID ist die neuste Kreation vom Hause Kurbits Snus AB - kräftige Schweizer Aromen treffen auf schwedisches Snus Know How. Herrliches Sommerfeeling verleiht der VID Watermelon All White mit einem fruchtigen Aroma von Wassermelone.</p>
<p>Auf aromatisierter Zellulosebasis und völlig frei von Tabak kommen auch die VID Beutel im Slim Format. Ohne Tabak bedeutet ohne gewöhnungsbedürftigen Tabakgeruch sowie ohne jegliche Tabakschadstoffe - aktuell gibt es weltweit keine weniger schädliche Art, Nikotin zu konsumieren. All White Snus / Nicotine Pouches bietet sich deshalb vor allem Rauchern an, welche mit Rauchentwöhnung wie Nikotinpflaster, Nikotinkaugummi oder Nikotinspray nichts anfangen können.</p>
<div class=""info"">
<div class=""info"">
<div class=""item flex"">
<div class=""title""></div>
</div>
</div>
</div>",Watermelon AW,Unisex,,,,,,,https://cdn.shopify.com/s/files/1/0072/0646/9679/products/VID-watermelon-2023-aw.png,,,,,3.90,,1,G,1,IN,3,3,3,,,,
,,VI-2005-1,Unisex,Title,Default Title,,,,,,,,,,3.90,,1,G,1,IN,3,3,3,,,VID,Watermelon AW
Mojito Strawberry Pink AW Slim,"<span>VIKA Mojito Strawberry Pink ist ein all-white Snus. D.h. sowohl die Beutel als auch deren Inhalt sind weiss. Der Geschmack ist vom ersten Moment an interessant und bei vielen sehr beliebt. Er hat einen leicht süssen Erdbeergeschmack und ist gleichzeitig erfrischend. Der Kick kommt nach ca. 15 Sekunden und gibt dem Gehirn einen guten Nikotin-Rausch. VIKA Mojito Strawberry Pink ist speziell für rauchende Frauen entwickelt worden, um diese vom Rauchen abzuhalten und ihnen die Erleichterung und den Geschmack einer guten Pause zu geben.</span>",Mojito Strawberry Pink AW Slim,Unisex,,,,,,,https://cdn.shopify.com/s/files/1/0072/0646/9679/products/VIKA_Mojito_sized.jpg,,,,,5.20,0.00,1,G,12,IN,3,3,3,,,,
,,VK-4010-1,Unisex,Title,Default Title,,,,,,,,,,5.20,0.00,1,G,12,IN,3,3,3,,,Vika,Mojito Strawberry Pink AW Slim
Frozen Mint Deep Blue AW Slim,"VIKA Frozen Mint Deep Blue ist ein sehr starker Snus mit einem kräftigen Kick. Die erfrischende sibirische Minze bringt eine sehr angenehme Kühle mit sich.  Die weissen Pouches sind mit Mikrokristallen gefüllt, die keine Verfärbungen auf den Zähnen hinterlassen.
<div></div>",Frozen Mint Deep Blue AW Slim,Unisex,,,,,,,https://cdn.shopify.com/s/files/1/0072/0646/9679/products/VIKA_Frozen_Mint_sized.jpg,,,,,5.20,0.00,1,G,12,IN,3,3,3,,,,
,,VK-5010-1,Unisex,Title,Default Title,,,,,,,,,,5.20,0.00,1,G,12,IN,3,3,3,,,Vika,Frozen Mint Deep Blue AW Slim
Ice Cool Mint Blue AW Slim,"VIKA ICE COOL MINT ist ein schöner, weisser Portionssnus mit langanhaltendem Geschmack und einem schnellen Kick. Die weissen Pouches sind mit Mikrokristallen gefüllt, die keine Verfärbungen auf den Zähnen hinterlassen.
<div></div>",Ice Cool Mint Blue AW Slim,Unisex,,,,,,,https://cdn.shopify.com/s/files/1/0072/0646/9679/products/VIKA_Ice_Cool_Mint_sized.jpg,,,,,5.20,0.00,1,G,12,IN,3,3,3,,,,
,,VK-6010-1,Unisex,Title,Default Title,,,,,,,,,,5.20,0.00,1,G,12,IN,3,3,3,,,Vika,Ice Cool Mint Blue AW Slim
Black WDP,"VIKA black ist einer der stärksten Tabak-Snus auf dem schwedischen Markt. Eine erlesene Tabakmischung aus Afrika und Europa wird mit einem Hauch von Bergamotte und Mentholaroma kombiniert. Diese Mischung liefert einen schnellen und starken Kick, der bis zu einer Stunde anhält. Die white Pouches sind trocken und laufen nicht aus.
<div></div>",Black WDP,Unisex,,,,,,,https://cdn.shopify.com/s/files/1/0072/0646/9679/products/VIKA_BLACK_sized.jpg,,,,,5.20,0.00,1,G,13,IN,3,3,3,,,,
,,VK-1000-1,Unisex,Title,Default Title,,,,,,,,,,5.20,0.00,1,G,13,IN,3,3,3,,,Vika,Black WDP
Supermassive WDP,"<span>VIKA Supermassive ist der stärkste Tabak-Snus der Marke VIKA und gleichzeitig einer der stärksten auf dem Markt. Er ist damit ideal für erfahrene Snus-Konsumenten, die nach einem intensiven Nikotinkick suchen.</span>",Supermassive WDP,Unisex,,,,,,,https://cdn.shopify.com/s/files/1/0072/0646/9679/products/VIKA_SUPERMASSIV_sized.jpg,,,,,5.20,0.00,1,G,13,IN,3,3,3,,,,
,,VK-3000-1,Unisex,Title,Default Title,,,,,,,,,,5.20,0.00,1,G,13,IN,3,3,3,,,Vika,Supermassive WDP
Red WDP,"<span>VIKA Red hat einen Hauch von gefrorenem Minzaroma, welches einen Freeze-Faktor und einen intensiven Geschmack bringt. Der gut ausbalancierte Nikotinkick kommt etwa nach 30 Sekunden und hält mindestens 20 erfrischende Minuten an.</span>",Red WDP,Unisex,,,,,,,https://cdn.shopify.com/s/files/1/0072/0646/9679/products/VIKA_RED_sized.jpg,,,,,5.20,0.00,1,G,13,IN,3,3,3,,,,
,,VK-2000-1,Unisex,Title,Default Title,,,,,,,,,,5.20,0.00,1,G,13,IN,3,3,3,,,Vika,Red WDP
Cool Spearmint 300mg,"<p>Der sanftere, etwas süssere eisige Minzgeschmack der Voon Mini-Beutel aus weissem und trockenem Hanf. Perfekt . Um den ganzen Tag erfrischt zu bleiben.</p>
<p><span data-mce-fragment=""1"">Jeder Beutel enthält 20 mg hochwertig extrahiertes und reinstes CBD für ein sorgenfreies Vergnügen! Schliessen Sie die Augen und tauchen Sie ein in ein wahres mentales Wohlbefinden!</span></p>",Cool Spearmint 300mg,Unisex,,,,,,,https://cdn.shopify.com/s/files/1/0072/0646/9679/files/voon-cool-spearmint-cbd-pouches.png,,,,,8.90,,1,G,19000,IN,3,3,3,,,,
,,VO-2000-1,Unisex,Title,Default Title,,,,,,,,,,8.90,,1,G,19000,IN,3,3,3,,,Voon,Cool Spearmint 300mg
Wintergreen 300mg,"<p>Erleben Sie einen hauch Hanf kombiniert mit einem Spritzer winterlicher Minz-Erfrischung und einem Hauch Süsse in jedem Mini Hanfbeutel von Voon.</p>
<p><span>Jeder Beutel enthält 20 mg hochwertig extrahiertes und reinstes CBD für ein sorgenfreies Vergnügen! Schliessen Sie die Augen und tauchen Sie ein in ein wahres mentales Wohlbefinden!</span></p>",Wintergreen 300mg,Unisex,,,,,,,https://cdn.shopify.com/s/files/1/0072/0646/9679/files/voon-wintergreen-cbd-pouches.png,,,,,8.90,,1,G,19000,IN,3,3,3,,,,
,,VO-1000-1,Unisex,Title,Default Title,,,,,,,,,,8.90,,1,G,19000,IN,3,3,3,,,Voon,Wintergreen 300mg
Pink Grape 300mg,"<p>Machen Sie sich bereit für einen intensiven, süssen Ausbruch von Grapefruit in jedem Voon Mini-Beutel aus weissem und trockenem Hanf.</p>
<p><span>Jeder Beutel enthält 20 mg hochwertig extrahiertes und reinstes CBD für ein sorgenfreies Vergnügen! Schliessen Sie die Augen und tauchen Sie ein in ein wahres mentales Wohlbefinden!</span></p>",Pink Grape 300mg,Unisex,,,,,,,https://cdn.shopify.com/s/files/1/0072/0646/9679/files/voon-pink-grape-cbd-pouches.png,,,,,8.90,,1,G,19000,IN,3,3,3,,,,
,,VO-4000-1,Unisex,Title,Default Title,,,,,,,,,,8.90,,1,G,19000,IN,3,3,3,,,Voon,Pink Grape 300mg
Snazzy Tangerine 300mg,"<p>Probieren Sie eine Mischung aus leichten Mandarinen-Säure- und Limettenaromen mit einem Hauch süsse in jedem Voon Mini- Beutel aus weissem und trockenem Hanf.</p>
<p><span>Jeder Beutel enthält 20 mg hochwertig extrahiertes und reinstes CBD für ein sorgenfreies Vergnügen! Schliessen Sie die Augen und tauchen Sie ein in ein wahres mentales Wohlbefinden!</span></p>",Snazzy Tangerine 300mg,Unisex,,,,,,,https://cdn.shopify.com/s/files/1/0072/0646/9679/files/voon-snazzy-tangerine-cbd-pouches.png,,,,,8.90,,1,G,19000,IN,3,3,3,,,,
,,VO-3000-1,Unisex,Title,Default Title,,,,,,,,,,8.90,,1,G,19000,IN,3,3,3,,,Voon,Snazzy Tangerine 300mg
Watermelon 600mg,"<p>Erlebe den erfrischenden Genuss von <a href=""https://snushus.ch/collections/voon-snus"">Voon</a> Watermelon 600 mg – Deine perfekte Wahl für ein entspannendes und nikotinfreies Snus-Erlebnis! Diese Mini Pouches bieten Dir nicht nur einen köstlichen Geschmack nach Wassermelone, sondern auch eine kraftvolle Dosis CBD. Jeder Beutel enthält 40 mg CBD, was Dir ein entspanntes und angenehmes Gefühl verleiht.</p>
<p>Voon Watermelon 600 mg ist ideal für alle CBD Snus Liebhaber, die auf der Suche nach einem hochwertigen und erfrischenden Produkt sind. Die Mini Pouches sind diskret und angenehm zu tragen, sodass Du Deinen Snus jederzeit und überall geniessen kannst. Die praktische 6,6 g Dose enthält 15 Beutel.</p>
<p>Diese besondere Edition von Voon bietet Dir ein einzigartiges Geschmackserlebnis mit dem fruchtigen Aroma von Wassermelone und der beruhigenden Wirkung von CBD. Erlebe die erfrischende Kombination, die Deine Geschmacksknospen verwöhnt und Dir ein unvergleichliches Gefühl der Entspannung bietet.</p>
<p>Bestelle jetzt Deinen Voon Watermelon 600 mg und entdecke die perfekte Verbindung von Geschmack und CBD. Gönn Dir diesen besonderen Genuss und erfahre, warum Voon die bevorzugte Wahl für CBD Snus Liebhaber ist!</p>
<!---->",Watermelon 600mg,Unisex,,,,,,,https://cdn.shopify.com/s/files/1/0072/0646/9679/files/voon-watermelone-cbd-pouches_e8752287-9932-4bbc-9ae6-0790b61d0e7a.png,,,,,8.90,0.00,1,G,1,IN,3,3,3,,,,
,,VO-6000-1,Unisex,Title,Default Title,,,,,,,,,,8.90,0.00,1,G,1,IN,3,3,3,,,Voon,Watermelon 600mg
Orange Bubblegum 600mg,"<p>Entdecke <a href=""https://snushus.ch/collections/voon-snus"">Voon</a> Orange Bubblegum 600 mg – Deine ideale Wahl für ein erfrischendes und nikotinfreies Snus-Erlebnis! Diese limitierten Mini Beutel bieten Dir nicht nur einen köstlichen Geschmack nach Orangenkaugummi, sondern auch die doppelte Stärke im Vergleich zu herkömmlichen Voon-Produkten. Jeder Beutel enthält 40 mg CBD, was Dir ein entspanntes und angenehmes Gefühl verleiht.</p>
<p>Bestelle jetzt Deinen Voon Orange Bubblegum 600 mg online und entdecke die perfekte Verbindung von Geschmack und CBD. Gönn Dir diesen besonderen Genuss und erfahre, warum Voon eine gute Wahl für nikotinfreien Snus ist!</p>
<!---->",Orange Bubblegum 600mg,Unisex,,,,,,,https://cdn.shopify.com/s/files/1/0072/0646/9679/files/voon-bubbelgum-cbd-pouches_a329acbe-0ca0-4e7f-a5e8-aa59c698008b.png,,,,,8.90,0.00,1,G,1,IN,3,3,3,,,,
,,VO-5000-1,Unisex,Title,Default Title,,,,,,,,,,8.90,0.00,1,G,1,IN,3,3,3,,,Voon,Orange Bubblegum 600mg
Rot -80 Degrees WDP Slim,"<div class=""info"">
<div class=""info"">
<p>Siberia White Dry ist ein Portionssnus mit einem sehr deutlichen Minzgeschmack und erscheint in trockenen Portionen mit niedrigerem Feuchtigkeitsgehalt, weshalb er auch weniger rinnt. Dieser Snus hat einen extrem hohen Nikotingehalt und eine Portion enthält mehr als fünfmal so viel Nikotin wie normal starker Snus (8 mg/g). Wird Menschen, die Nikotin gegenüber empfindlich sind, weniger empfohlen. Siberia zählt zusammen mit <a href=""https://snushus.ch/collections/odens"" title=""Oden´s"">Oden‘s</a> zu den beliebtesten Snusmarken der Schweiz.<span> Bei Fragen, Wünschen oder Anregungen kannst du uns gerne auf der </span><span></span><a href=""https://snushus.ch/pages/kontakt"" title=""Kontakt"">Kontaktseite<span> </span></a><span>schreiben. </span></p>
</div>
<div class=""info"">
<div class=""info"">
<div class=""item flex ""></div>
</div>
</div>
</div>
<div class=""info"">
<div class=""info"">
<div class=""item flex ""></div>
</div>
</div>",Rot -80 Degrees WDP Slim,Unisex,,,,,,,https://cdn.shopify.com/s/files/1/0072/0646/9679/files/siberia-red-white-dry-slim-portion.png,,,,,5.20,,1,G,30,IN,3,3,3,,,,
,,SI-1015-1,Unisex,Title,Default Title,,,,,,,,,,5.20,,1,G,30,IN,3,3,3,,,Siberia,Rot -80 Degrees WDP Slim
Rot -80 Degrees WDP,"<meta charset=""utf-8"">
<div class=""item flex"">
<div class=""title"">
<div class=""info"">
<p>Siberia White Dry ist ein Portionssnus mit einem sehr deutlichen Minzgeschmack und erscheint in trockenen Portionen mit niedrigerem Feuchtigkeitsgehalt, weshalb er auch weniger rinnt. Dieser Snus hat einen extrem hohen Nikotingehalt und eine Portion enthält mehr als fünfmal so viel Nikotin wie normal starker Snus (8 mg/g). Wird Menschen, die Nikotin gegenüber empfindlich sind, weniger empfohlen. Siberia zählt zusammen mit <a href=""https://snushus.ch/collections/odens"" title=""Odens"">Oden‘s</a> zu den beliebtesten Snusmarken der Schweiz. <span>Bei Fragen, Wünschen oder Anregungen </span><span>kannst du </span><span>uns </span><span>gerne auf der </span><span></span><a href=""https://snushus.ch/pages/kontakt"" title=""Kontakt"">Kontaktseite</a><span> s</span><span>chreiben</span><span>.</span></p>
</div>
</div>
</div>
<div class=""item flex""></div>",Rot -80 Degrees WDP,Unisex,,,,,,,https://cdn.shopify.com/s/files/1/0072/0646/9679/files/Snus_Container_Top_View_Siberia_White_Dry.png,,,,,5.20,,1,G,30,IN,3,3,3,,,,
,,SI-1005-1,Unisex,Title,Default Title,,,,,,,,,,5.20,,1,G,30,IN,3,3,3,,,Siberia,Rot -80 Degrees WDP
Cold Extreme WDP,"<meta charset=""utf-8"">
<div class=""item flex "">
<div class=""title""></div>
</div>
<div class=""item flex "">
<div class=""info"">
<p>Oden's Cold Extreme WDP (<strong>White Dry Portion</strong>) ist ein eiskalter Portionssnus mit einer minzigen Frische. Ganz besonders tritt ein Geschmack von Spearmint aus dem ansonsten traditionellen, erdnahen Tabakgeschmack hervor. Oden's Cold Dry ist ein sogenannter trockener Portionssnus, der nicht rinnt und ein noch erfrischenderes Gefühl bietet als andere Snus dieser Serie. Odens zählt zusammen mit <a href=""https://snushus.ch/collections/siberia"" title=""Siberia"">Siberia </a>zu den beliebtesten Snusmarken der Schweiz. Bei Fragen, Wünschen oder Anregungen kannst du uns gerne auf der <a href=""https://snushus.ch/pages/kontakt"" title=""Kontakt"">Kontaktseite</a> schreiben.</p>
</div>
<div class=""info""></div>
<div class=""info"">
<div class=""info"">
<div class=""item flex ""></div>
</div>
</div>
</div>",Cold Extreme WDP,Unisex,,,,,,,https://cdn.shopify.com/s/files/1/0072/0646/9679/files/Snus_Container_Top_View_Odens_Cold_Dry.png,,,,,4.80,,1,G,30,IN,3,3,3,,,,
,,OD-1005-1,Unisex,Title,Default Title,,,,,,,,,,4.80,,1,G,30,IN,3,3,3,,,Oden's,Cold Extreme WDP
Rot -80 Degrees WDP 500g Box,"<meta charset=""utf-8"">
<div class=""item flex "">
<div class=""title"">
<div class=""info"">
<span>Siberia White Dry ist ein Portionssnus mit einem sehr deutlichen Minzgeschmack und erscheint in trockenen Portionen mit niedrigerem Feuchtigkeitsgehalt, weshalb er auch weniger rinnt. Dieser Snus hat einen extrem hohen Nikotingehalt und eine Portion enthält mehr als fünfmal so viel Nikotin wie normal starker Snus (8 mg/g). Wird Menschen, die Nikotin gegenüber empfindlich sind, weniger empfohlen. Siberia zählt zusammen mit </span><a href=""https://snushus.ch/collections/odens"" title=""Odens"">Oden‘s</a><span> zu den beliebtesten Snusmarken der Schweiz. </span><span>Bei Fragen, Wünschen oder Anregungen </span><span>kannst du </span><span>uns </span><span>gerne auf der </span><span></span><a href=""https://snushus.ch/pages/kontakt"" title=""Kontakt"">Kontaktseite</a><span> s</span><span>chreiben</span><span>.</span><br>
</div>
<div class=""info"">
<div class=""info"">
<div class=""item flex "">
<div class=""title""><br></div>
</div>
</div>
</div>
</div>
</div>
<div class=""item flex ""></div>",Rot -80 Degrees WDP 500g Box,Unisex,,,,,,,https://cdn.shopify.com/s/files/1/0072/0646/9679/files/siberia-red-white-dry-portion-box_69687748-e850-4fc3-9cf0-e1238bdc67a5.png,,,,,129.00,0.00,1,G,600,IN,3,3,3,,,,
,,SI-1025-1,Unisex,Title,Default Title,,,,,,,,,,129.00,0.00,1,G,600,IN,3,3,3,,,Siberia,Rot -80 Degrees WDP 500g Box
Cold Extreme WDP 500g Box,"<meta charset=""utf-8"">
<div class=""item flex"">
<div class=""title"">
<div class=""info"">
<span>Oden's Cold Extreme WDP (</span><strong>White Dry Portion</strong><span>) ist ein eiskalter Portionssnus mit einer minzigen Frische. Ganz besonders tritt ein Geschmack von Spearmint aus dem ansonsten traditionellen, erdnahen Tabakgeschmack hervor. Oden's Cold Dry ist ein sogenannter trockener Portionssnus, der nicht rinnt und ein noch erfrischenderes Gefühl bietet als andere Snus dieser Serie. Odens zählt zusammen mit </span><a href=""https://snushus.ch/collections/siberia"" title=""Siberia"">Siberia<span> </span></a><span>zu den beliebtesten Snusmarken der Schweiz. Bei Fragen, Wünschen oder Anregungen kannst du uns gerne auf der </span><a href=""https://snushus.ch/pages/kontakt"" title=""Kontakt"">Kontaktseite</a><span> schreiben.</span>
</div>
<div class=""info"">
<div class=""info"">
<div class=""item flex""></div>
</div>
</div>
</div>
</div>
<div class=""item flex""></div>",Cold Extreme WDP 500g Box,Unisex,,,,,,,https://cdn.shopify.com/s/files/1/0072/0646/9679/products/odens-cold-extreme-white-dry-portion-box_0a9600d7-7d68-43ea-83dd-0cdfa830332f.png,,,,,109.00,0.00,1,G,600,IN,3,3,3,,,,
,,OD-1025-1,Unisex,Title,Default Title,,,,,,,,,,109.00,0.00,1,G,600,IN,3,3,3,,,Oden's,Cold Extreme WDP 500g Box
Cold Extreme WDP Slim,"<meta charset=""utf-8"">
<div class=""item flex "">
<div class=""title""></div>
</div>
<div class=""item flex "">
<div class=""info"">
<div class=""info"">
<p>Oden's Extreme Cold Dry ist ein eiskalter Portionssnus mit einer minzigen Frische. Ganz besonders tritt ein Geschmack von Spearmint aus dem ansonsten traditionellen, erdnahen Tabakgeschmack hervor. Oden's Cold Dry ist ein sogenannter trockener Portionssnus, der nicht rinnt und ein noch erfrischenderes Gefühl bietet als andere Snus dieser Serie. Oden‘s zählt zusammen mit Siberia zu den beliebtesten Snusmarken der Schweiz.</p>
</div>
<div class=""info"">
<div class=""info"">
<div class=""item flex ""></div>
</div>
</div>
</div>
<div class=""info"">
<div class=""item flex ""></div>
</div>
</div>",Cold Extreme WDP Slim,Unisex,,,,,,,https://cdn.shopify.com/s/files/1/0072/0646/9679/files/odens-cold-extreme-white-dry-slim-portion.png,,,,,4.60,,1,G,30,IN,3,3,3,,,,
,,OD-1015-1,Unisex,Title,Default Title,,,,,,,,,,4.60,,1,G,30,IN,3,3,3,,,Oden's,Cold Extreme WDP Slim
Rot -80 Degrees WDP Mini,"<div class=""info"">
<div class=""info""><p>Siberia White Dry ist ein Portionssnus mit einem sehr deutlichen Minzgeschmack und erscheint in trockenen Portionen mit niedrigerem Feuchtigkeitsgehalt, weshalb er auch weniger rinnt. Dieser Snus hat einen extrem hohen Nikotingehalt und eine Portion enthält mehr als fünfmal so viel Nikotin wie normal starker Snus (8 mg/g). Wird Menschen, die Nikotin gegenüber empfindlich sind, weniger empfohlen. Siberia zählt zusammen mit <a href=""https://snushus.ch/collections/odens"" title=""Oden´s"">Oden‘s</a> zu den beliebtesten Snusmarken der Schweiz.<span> Bei Fragen, Wünschen oder Anregungen kannst du uns gerne auf der </span><span></span><a href=""https://snushus.ch/pages/kontakt"" title=""Kontakt"">Kontaktseite<span> </span></a><span>schreiben. </span></p></div>
<div class=""info""><div class=""info""><div class=""item flex ""></div></div></div>
</div><div class=""info""><div class=""info""><div class=""item flex ""></div></div></div>",Rot -80 Degrees WDP Mini,Unisex,,,,,,,https://cdn.shopify.com/s/files/1/0072/0646/9679/files/Snus_Container_Top_View_Siberia_White_Dry_Mini.png,,,,,4.90,0.00,1,G,9,IN,3,3,3,,,,
,,SI-1115-1,Unisex,Title,Default Title,,,,,,,,,,4.90,0.00,1,G,9,IN,3,3,3,,,Siberia,Rot -80 Degrees WDP Mini
Soldat Extreme WDP,"<meta charset=""utf-8"">
<div class=""item flex"">
<div class=""title""></div>
</div>
<div class=""item flex"">
<div class=""info"">
<p>Soldat Extreme - für die langen Tage auf dem Feld!<br><br>Mit seinen unglaublichen 45 mg/g Nikotingehalt gibt er jedem Snuser einen unverwechselbaren, lang anhaltenden Kick. Unter der Lippe fühlen sich die Beutel sehr geschmeidig an und der Minz/Menthol Geschmack kommt angenehm zur Geltung. Ideal für lange Einsätze im Militär oder für Siberia-Snuser, die gerne mal etwas Neues probieren möchten...</p>
<p> </p>
</div>
<div class=""info"">
<div class=""info""></div>
</div>
</div>",Soldat Extreme WDP,Unisex,,,,,,,https://cdn.shopify.com/s/files/1/0072/0646/9679/files/Snus_Container_Top_View_Soldat.png,,,,,3.90,,1,G,30,IN,3,3,3,,,,
,,SO-3005-1,Unisex,Title,Default Title,,,,,,,,,,3.90,,1,G,30,IN,3,3,3,,,Soldat,Soldat Extreme WDP
Extreme WDP Slim,"Soldat Extreme WDP Slim für die langen Tage auf dem Feld! Mit seinen unglaublichen 45 mg/g Nikotingehalt, gibt er jedem Snuser einen unverwechselbaren Kick welcher lange anhält. Unter der Lippe fühlen sich die Beutel sehr geschmeidig an und der Minz/Menthol Geschmack kommt angenehm zur Geltung.",Extreme WDP Slim,Unisex,,,,,,,https://cdn.shopify.com/s/files/1/0072/0646/9679/files/Snus_Container_Top_View_Soldat_Slim.png,,,,,2.90,0.00,1,G,1,IN,3,3,3,,,,
,,SO-3015-1,Unisex,Title,Default Title,,,,,,,,,,2.90,0.00,1,G,1,IN,3,3,3,,,Soldat,Extreme WDP Slim
Black -80 Degrees WDP Slim,"<meta charset=""utf-8"">
<div class=""item flex"">
<div class=""title"">
<div class=""info"">
<p>Den beliebten schwarzen Siberia gibt es nun auch als White Dry Portion - schöne Dose und ein gewohnt starker Nikotinkick, einfach ohne Minz-/Mentholgeschmack.</p>
</div>
</div>
</div>
<div class=""item flex""></div>",Black -80 Degrees WDP Slim,Unisex,,,,,,,https://cdn.shopify.com/s/files/1/0072/0646/9679/products/siberia-black-white-dry-slim-portion.png,,,,,5.20,,1,G,30,IN,3,3,3,,,,
,,SI-4015-1,Unisex,Title,Default Title,,,,,,,,,,5.20,,1,G,30,IN,3,3,3,,,Siberia,Black -80 Degrees WDP Slim
Wintergreen Extreme WDP,"<meta charset=""utf-8"">
<div class=""item flex "">
<div class=""title""></div>
</div>
<div class=""item flex "">
<div class=""info"">
<p><span>Odens Wintergreen Extreme White Dry Portion ist ein starker Snus mit spürbarem Wintergreen-Geschmack. Intensive Geschmacksentfaltung und kühlender Effekt. </span></p>
</div>
<div class=""info""></div>
<div class=""info"">
<div class=""info"">
<div class=""item flex ""></div>
</div>
</div>
</div>",Wintergreen Extreme WDP,Unisex,,,,,,,https://cdn.shopify.com/s/files/1/0072/0646/9679/products/odens-wintergreen-white-dry-portion.png,,,,,4.80,,1,G,30,IN,3,3,3,,,,
,,OD-4005-1,Unisex,Title,Default Title,,,,,,,,,,4.80,,1,G,30,IN,3,3,3,,,Oden's,Wintergreen Extreme WDP
Wintergreen Extreme WDP Slim,"<meta charset=""utf-8"">
<div class=""item flex "">
<div class=""title""></div>
</div>
<div class=""item flex "">
<div class=""info"">
<div class=""info"">
<p><span>Odens Wintergreen Extreme White Dry Portion ist ein starker Snus mit spürbarem Wintergreen-Geschmack. Intensive Geschmacksentfaltung und kühlender Effekt. </span></p>
</div>
<div class=""info"">
<div class=""info"">
<div class=""item flex ""></div>
</div>
</div>
</div>
<div class=""info"">
<div class=""item flex ""></div>
</div>
</div>",Wintergreen Extreme WDP Slim,Unisex,,,,,,,https://cdn.shopify.com/s/files/1/0072/0646/9679/products/odens-wintergreen-white-dry-slim-portion.png,,,,,4.60,,1,G,30,IN,3,3,3,,,,
,,OD-4015-1,Unisex,Title,Default Title,,,,,,,,,,4.60,,1,G,30,IN,3,3,3,,,Oden's,Wintergreen Extreme WDP Slim
Cold Extreme WDP Mini,"<meta charset=""utf-8"">
<div class=""item flex"">
<div class=""title""></div>
</div>
<div class=""item flex"">
<div class=""info"">
<p>Oden's Cold Extreme WDP (White Dry Portion) ist ein eiskalter Portionssnus mit einer minzigen Frische. Ganz besonders tritt ein Geschmack von Spearmint aus dem ansonsten traditionellen, erdnahen Tabakgeschmack hervor. Oden's Cold Dry ist ein sogenannter trockener Portionssnus, der nicht rinnt und ein noch erfrischenderes Gefühl bietet als andere Snus dieser Serie. Odens zählt zusammen mit Siberia zu den beliebtesten Snusmarken der Schweiz. Ab sofort auch in der Mini Variante erhältlich!</p>
</div>
<div class=""info""></div>
<div class=""info"">
<div class=""info"">
<div class=""item flex""></div>
</div>
</div>
</div>",Cold Extreme WDP Mini,Unisex,,,,,,,https://cdn.shopify.com/s/files/1/0072/0646/9679/products/e8fd133ba81eb354ddf343e1b1b985b7.jpg,,,,,4.90,0.00,1,G,18000,IN,3,3,3,,,,
,,OD-1115-1,Unisex,Title,Default Title,,,,,,,,,,4.90,0.00,1,G,18000,IN,3,3,3,,,Oden's,Cold Extreme WDP Mini
X WDP,"<meta charset=""utf-8"">
<div class=""item flex "">
<div class=""title"">
<div class=""info"">
<p><span>Offroad X ist wahrscheinlich der stärkste Snus der Welt: unglaubliche 45mg/g. Als White Dry Portion rinnt der Snus sehr wenig und überzeugt durch einen prominenten Minz-Menthol Geschmack. </span></p>
<p><br><br></p>
</div>
</div>
</div>
<div class=""item flex ""></div>",X WDP,Unisex,,,,,,,https://cdn.shopify.com/s/files/1/0072/0646/9679/products/offroad-arctic-xplorer-white-dry-portion.png,,,,,4.80,,1,G,30,IN,3,3,3,,,,
,,OF-1005-1,Unisex,Title,Default Title,,,,,,,,,,4.80,,1,G,30,IN,3,3,3,,,Offroad,X WDP
Black -80 Degrees WDP,"<meta charset=""utf-8"">
<div class=""item flex"">
<div class=""title"">
<div class=""info"">
<p>Den beliebten schwarzen Siberia gibt es nun auch als White Dry Portion - schöne Dose und ein gewohnt starker Nikotinkick, einfach ohne Minz-/Mentholgeschmack. Siberia Black -80 Degrees White Dry Portion ist ein trockener Portionssnus mit einem sehr deutlichen Tabakgeschmack. Dieser Snus hat einen extrem hohen Nikotingehalt und eine Portion enthält mehr als fünfmal so viel Nikotin wie normal starker Snus (8 mg/g). Wird Menschen, die Nikotin gegenüber empfindlich sind, weniger empfohlen. Siberia zählt zusammen mit Oden‘s zu den beliebtesten Snusmarken der Schweiz. </p>
</div>
</div>
</div>
<div class=""item flex""></div>",Black -80 Degrees WDP,Unisex,,,,,,,https://cdn.shopify.com/s/files/1/0072/0646/9679/products/siberia-black-white-dry-portion.png,,,,,5.20,,1,G,30,IN,3,3,3,,,,
,,SI-4005-1,Unisex,Title,Default Title,,,,,,,,,,5.20,,1,G,30,IN,3,3,3,,,Siberia,Black -80 Degrees WDP
Extreme WDP Slim 500g Box,"<p>Soldat Extreme für die langen Tage auf dem Feld! Mit seinen unglaublichen 45 mg/g Nikotingehalt, gibt er jedem Snuser einen unverwechselbaren Kick welcher lange anhält. Unter der Lippe fühlen sich die Beutel sehr geschmeidig an und der Minz/Menthol Geschmack kommt angenehm zur Geltung. Jetzt auch in der beliebten 500g Box erhältlich! <br></p>",Extreme WDP Slim 500g Box,Unisex,,,,,,,https://cdn.shopify.com/s/files/1/0072/0646/9679/files/soldat-black-extreme-white-dry-portion-slim-500g-box.png,,,,,99.00,0.00,1,G,600000,IN,3,3,3,,,,
,,SO-3125-1,Unisex,Title,Default Title,,,,,,,,,,99.00,0.00,1,G,600000,IN,3,3,3,,,Soldat,Extreme WDP Slim 500g Box
Frosted WDP Slim,"<meta charset=""utf-8"">
<div class=""item flex "">
<div class=""title"">
<div class=""info"">
<p><span>Thunder Frosted Slim White Dry Portion ist ein kraftvoller Snus, wie die meisten der Thunder Serie. Im Slim Format liegt er angenehm unter der Lippe und als White Dry Portion rinnt er sehr wenig. Hergestellt wird dieser Snus von V2 in Dänemark.</span></p>
</div>
</div>
</div>
<div class=""item flex ""></div>",Frosted WDP Slim,Unisex,,,,,,,https://cdn.shopify.com/s/files/1/0072/0646/9679/products/thunder-frosted-slim-white-dry-portion.png,,,,,4.80,,1,G,30,IN,3,3,3,,,,
,,TH-4005-1,Unisex,Title,Default Title,,,,,,,,,,4.80,,1,G,30,IN,3,3,3,,,Thunder,Frosted WDP Slim
X WDP Slim,"<meta charset=""utf-8"">
<div class=""item flex "">
<div class=""title"">
<div class=""info"">
<p>Thunder X Slim White Dry Portion ist, wie die meisten der Thunder Produkte, ein sehr starker Snus und rinnt als White Dry Portion sehr wenig. Mit klassischem Minzgeschmack und seinem hohen Nikotingehalt ist dieser Snus nur erfahrenen Snuser zu empfehlen.</p>
</div>
</div>
</div>
<div class=""item flex ""></div>",X WDP Slim,Unisex,,,,,,,https://cdn.shopify.com/s/files/1/0072/0646/9679/products/thunder-x-slim-white-dry-portion.png,,,,,4.80,,1,G,30,IN,3,3,3,,,,
,,TH-3005-1,Unisex,Title,Default Title,,,,,,,,,,4.80,,1,G,30,IN,3,3,3,,,Thunder,X WDP Slim
Double Mint Extreme WDP Slim,"<meta charset=""utf-8"">
<div class=""item flex "">
<div class=""title""></div>
</div>
<div class=""item flex "">
<div class=""info"">
<div class=""info"">
<p>Odens Double Mint Extreme White Dry Portion Slim ist ein sogenannter ""White Dry"" Portionssnus. Die Portionen sind, wie der Name schon sagt, trockener als andere Sorten und haben einen hohen Nikotingehalt. Der Geschmack von Odens Double Mint ist von scharfer Natur mit überzeugenden Pfefferminzakzenten.</p>
</div>
<div class=""info"">
<div class=""info"">
<div class=""item flex ""></div>
</div>
</div>
</div>
<div class=""info"">
<div class=""item flex ""></div>
</div>
</div>",Double Mint Extreme WDP Slim,Unisex,,,,,,,https://cdn.shopify.com/s/files/1/0072/0646/9679/products/odens-double-mint-white-dry-slim-portion.png,,,,,4.60,,1,G,30,IN,3,3,3,,,,
,,OD-5015-1,Unisex,Title,Default Title,,,,,,,,,,4.60,,1,G,30,IN,3,3,3,,,Oden's,Double Mint Extreme WDP Slim
Double Mint Extreme WDP,"<meta charset=""utf-8"">
<div class=""item flex "">
<div class=""title""></div>
</div>
<div class=""item flex "">
<div class=""info"">
<p>Odens Double Mint Extreme White Dry Portion ist ein sogenannter ""white dry"" Portionssnus. Die Portionen sind, wie der Name schon sagt, trockener als andere Sorten und haben einen hohen Nikotingehalt. <br>Der Geschmack ist von scharfer Natur mit überzeugenden Pfefferminzakzenten.</p>
</div>
<div class=""info""></div>
<div class=""info"">
<div class=""info"">
<div class=""item flex ""></div>
</div>
</div>
</div>",Double Mint Extreme WDP,Unisex,,,,,,,https://cdn.shopify.com/s/files/1/0072/0646/9679/products/odens-double-mint-white-dry-portion.png,,,,,4.80,,1,G,30,IN,3,3,3,,,,
,,OD-5005-1,Unisex,Title,Default Title,,,,,,,,,,4.80,,1,G,30,IN,3,3,3,,,Oden's,Double Mint Extreme WDP
Extreme WDP 500g Box,"<p>Soldat Extreme für die langen Tage auf dem Feld! Mit seinen unglaublichen 45 mg/g Nikotingehalt, gibt er jedem Snuser einen unverwechselbaren Kick welcher lange anhält. Unter der Lippe fühlen sich die Beutel sehr geschmeidig an und der Minz/Menthol Geschmack kommt angenehm zur Geltung. Jetzt auch in der beliebten 500g Box erhältlich!<br></p>",Extreme WDP 500g Box,Unisex,,,,,,,https://cdn.shopify.com/s/files/1/0072/0646/9679/files/soldat-black-extreme-white-dry-portion-500g-box.png,,,,,99.00,,1,G,600000,IN,3,3,3,,,,
,,SO-3025-1,Unisex,Title,Default Title,,,,,,,,,,99.00,,1,G,600000,IN,3,3,3,,,Soldat,Extreme WDP 500g Box
Cool Mint X-Strong WDP,"Der T45 Cool Mint ist ein alltägliches Produkt mit Menthol Geschmack für jeden Snuser, der auf der Suche nach einem Nikotinkick ist. Der T45 Cool Mint Snus vermittelt eine klare, lang anhaltende Frische, während die Aromen auch für eine lange Lebensdauer geschaffen wurden.",Cool Mint X-Strong WDP,Unisex,,,,,,,https://cdn.shopify.com/s/files/1/0072/0646/9679/products/t45-cool-mint-xstrong-white-dry-portion-front.png,,,,,3.90,,1,G,30,IN,3,3,3,,,,
,,T4-1005-1,Unisex,Title,Default Title,,,,,,,,,,3.90,,1,G,30,IN,3,3,3,,,T45,Cool Mint X-Strong WDP
Green Mint X-Strong WDP,"Der T45 Green Mint konzentriert sich auf frische Düfte und Aromen. Ein grosszügiger Mentholgeschmack wird mit blumigem Duft und Fruchtaromen ausgeglichen, um das Harte mit dem Weichen zu verbinden. Der T45 Green Mint Snus ist klassisch und gleichzeitig völlig innovativ.",Green Mint X-Strong WDP,Unisex,,,,,,,https://cdn.shopify.com/s/files/1/0072/0646/9679/products/t45-green-mint-xstrong-white-dry-portion-front.png,,,,,3.90,,1,G,30,IN,3,3,3,,,,
,,T4-2005-1,Unisex,Title,Default Title,,,,,,,,,,3.90,,1,G,30,IN,3,3,3,,,T45,Green Mint X-Strong WDP
Peppermint X-Strong WDP,"T45 Peppermint konzentriert sich auf den starken Geschmack von Pfefferminze, kommt aber gleichzeitig auch mit einem runden Geschmack von grüner Minze. Insgesamt sind sowohl Stärke als auch Weichheit in diesem Snus zu finden, der von jedem Snuser geschätzt werden kann, welcher auch einen Minz- statt nur einen reinem Pfefferminz Snus will.",Peppermint X-Strong WDP,Unisex,,,,,,,https://cdn.shopify.com/s/files/1/0072/0646/9679/products/t45-pepptermint-xstrong-white-dry-portion-front.png,,,,,3.90,,1,G,30,IN,3,3,3,,,,
,,T4-3005-1,Unisex,Title,Default Title,,,,,,,,,,3.90,,1,G,30,IN,3,3,3,,,T45,Peppermint X-Strong WDP
Cold Mint Extreme WDP,"Diese Ergänzung zum T45-Trio basiert auf Spearmint-Geschmack und wird von Pfefferminznoten vervollständigt. Mit seiner erheblichen Stärke ist dieses Produkt perfekt für einen Snuser, der sich starke, hochqualitative Minzprodukte und einen ordentlichen Nikotinkick gewöhnt ist.<br data-mce-fragment=""1""><br data-mce-fragment=""1"">T45 Cold Mint Extreme gibt dir nicht nur ein erfrischendes Geschmackserlebnis und einen ordentlichen Nikotinkick, sondern auch dieses unverwechselbare Frische-Gefühl, welches von einem gekühlten Snus ausgeht, ohne dass die Geschmäcker dabei durch eine Kühlung beeinträchtigt werden.",Cold Mint Extreme WDP,Unisex,,,,,,,https://cdn.shopify.com/s/files/1/0072/0646/9679/products/t45-cold-mint-extreme-white-dry-portion-front.png,,,,,3.90,0.00,1,G,1,IN,3,3,3,,,,
,,T4-4005-1,Unisex,Title,Default Title,,,,,,,,,,3.90,0.00,1,G,1,IN,3,3,3,,,T45,Cold Mint Extreme WDP
Siberia Schwarz -80 Degrees WDP Mini,"<meta charset=""utf-8""><div class=""item flex""><div class=""title""><div class=""info""><p>Den beliebten schwarzen Siberia gibt es nun auch als White Dry Portion - schöne Dose und ein gewohnt starker Nikotinkick, einfach ohne Minz-/Mentholgeschmack. Siberia Black -80 Degrees White Dry Portion ist ein trockener Portionssnus mit einem sehr deutlichen Tabakgeschmack. Dieser Snus hat einen extrem hohen Nikotingehalt und eine Portion enthält mehr als fünfmal so viel Nikotin wie normal starker Snus (8 mg/g). Wird Menschen, die Nikotin gegenüber empfindlich sind, weniger empfohlen. Siberia zählt zusammen mit Oden‘s zu den beliebtesten Snusmarken der Schweiz. </p></div></div></div><div class=""item flex""></div>",Siberia Schwarz -80 Degrees WDP Mini,Unisex,,,,,,,https://cdn.shopify.com/s/files/1/0072/0646/9679/products/siberia-black-white-dry-mini-portion.png,,,,,4.90,0.00,1,G,18000,IN,3,3,3,,,,
,,SI-4115-1,Unisex,Title,Default Title,,,,,,,,,,4.90,0.00,1,G,18000,IN,3,3,3,,,Siberia,Siberia Schwarz -80 Degrees WDP Mini
Cold Extreme WDP Soft Pack,"<meta charset=""utf-8"">
<div class=""item flex"">
<div class=""title""></div>
</div>
<div class=""item flex"">
<div class=""info"">
<p>Oden's Cold Extreme WDP (White Dry Portion) ist ein eiskalter Portionssnus mit einer minzigen Frische. Ganz besonders tritt ein Geschmack von Spearmint aus dem ansonsten traditionellen, erdnahen Tabakgeschmack hervor. Oden's Cold Dry ist ein sogenannter trockener Portionssnus, der nicht rinnt und ein noch erfrischenderes Gefühl bietet als andere Snus dieser Serie. Odens zählt zusammen mit Siberia zu den beliebtesten Snusmarken der Schweiz. Ab sofort auch in den praktischen Soft Packs erhältlich!</p>
</div>
<div class=""info"">
<div class=""info"">
<div class=""item flex"">
<div class=""title""></div>
<div class=""title""></div>
</div>
</div>
</div>
</div>",Cold Extreme WDP Soft Pack,Unisex,,,,,,,https://cdn.shopify.com/s/files/1/0072/0646/9679/products/odens-cold-extreme-white-dry-portion-soft-packs.png,,,,,4.80,0.00,1,G,30000,IN,3,3,3,,,,
,,OD-1905-1,Unisex,Title,Default Title,,,,,,,,,,4.80,0.00,1,G,30000,IN,3,3,3,,,Oden's,Cold Extreme WDP Soft Pack
Cold WDP,"<meta charset=""utf-8"">
<div class=""item flex"">
<div class=""title"">
<div class=""info"">
<p>Chainsaw wird in Dänemark von V2 hergestellt und ist als starker White Dry Portion mit eiskaltem Minzgeschmack mit Odens zu vergleichen. Die trockenen Beutel rinnen sehr wenig und liegen angenehm unter der Lippe.</p>
</div>
</div>
</div>
<div class=""item flex""></div>",Cold WDP,Unisex,,,,,,,https://cdn.shopify.com/s/files/1/0072/0646/9679/products/chainsaw-cold-wdp.png,,,,,4.60,,1,G,30,IN,3,3,3,,,,
,,CS-1005-1,Unisex,Title,Default Title,,,,,,,,,,4.60,,1,G,30,IN,3,3,3,,,Chainsaw,Cold WDP
Black WDP,"VIKA black ist einer der stärksten Tabak-Snus auf dem schwedischen Markt. Eine erlesene Tabakmischung aus Afrika und Europa wird mit einem Hauch von Bergamotte und Mentholaroma kombiniert. Diese Mischung liefert einen schnellen und starken Kick, der bis zu einer Stunde anhält. Die white Pouches sind trocken und laufen nicht aus.
<div></div>",Black WDP,Unisex,,,,,,,https://cdn.shopify.com/s/files/1/0072/0646/9679/products/VIKA_BLACK_sized.jpg,,,,,5.20,0.00,1,G,13,IN,3,3,3,,,,
,,VK-1000-1,Unisex,Title,Default Title,,,,,,,,,,5.20,0.00,1,G,13,IN,3,3,3,,,Vika,Black WDP
Classic Slim WDP,"<p>Intensiver, kräftiger Snus mit frischem ""sibirischer"" Pfefferminze.</p>
<p><span>Bei den White Dry Portions von</span><span> Royal Snus wird an der Stelle von Tabak eine Pflanzenart verwendet, die Damiana genannt wird.</span><br><span>Damiana ist eine Strauchpflanze, die zur Pflanzengattung der Safranmalven (turnera diffusa) gehört. </span><span>Ihr natürliches Verbreitungsgebiet reicht vom südlichen Nordamerika bis nach Argentinien. Vorzugsweise gedeiht Damiana an trockenen, felsigen Standorten – etwa auf Klippen, auf Kalksteinen oder auch in Mischwäldern in Höhenlagen zwischen 500 Metern und 1950 Metern. Dazu wurde Damiana schon seit längerem auch in Mexiko als Tabakersatz verwendet.</span></p>",Classic Slim WDP,Unisex,,,,,,,https://cdn.shopify.com/s/files/1/0072/0646/9679/files/royal-lifestyle-classic-slim-wdp_fb27aa66-a02c-4ccd-a5e8-332463a47b42.png,,,,,5.90,0.00,1,G,36,IN,3,3,3,,,,
,,RL-1010-1,Unisex,Title,Default Title,,,,,,,,,,5.90,0.00,1,G,36,IN,3,3,3,,,Royal Lifestyle,Classic Slim WDP
Iced-Mint Tobacco WDP,"<p>Bist Du bereit für die langanhaltende, entspannende Wirkung von ¡VALE! Iced Mint Tobacco WDP - einem White Dry Portion Snus mit hervorragender Qualität<br>zum attraktiven Preis.</p>
<p>Der ¡VALE! Iced-Mint Tobacco vereint Menthol, Minze und Tabakgeschmack zu einem vollmundigen und einzigartigen Erlebnis mit seinen 45mg/g Nikotin.<br>Erlebe die erfrischende Kühle der Minze in Kombination mit dem natürlichen Tabakgeschmack.</p>",Iced-Mint Tobacco WDP,Unisex,,,,,,,https://cdn.shopify.com/s/files/1/0072/0646/9679/files/vale-iced-mint-tobacco-strong-wdp.png,,,,,5.90,0.00,1,G,1,IN,3,3,3,,,,
,,VA-3000-1,Unisex,Title,Default Title,,,,,,,,,,5.90,0.00,1,G,1,IN,3,3,3,,,¡VALE!,Iced-Mint Tobacco WDP
Icing WDP Slim,"<p>PUCK ICING Extreme Strong Slim von The Snusfactory ist ein Snus, der Nikotin-Kicks mit der Stärke eines kräftigen Slap-Shots zusammen mit einem eiskalten Minzegeschmack liefert. Er enthält einen extrem hohen Nikotingehalt (45mg/g) und liefert einen unglaublich frischen Geschmack von Schweizer Menthol und Pfefferminze.</p>
<p>Seine bequemen Portionen sind so gestaltet, dass sie eine sofortige Freisetzung sowohl von Nikotin als auch von Geschmack ermöglichen. Ihre trockene Oberfläche sorgt für ein geringes Laufen, was wiederum dafür sorgt, dass diese stimulierende und erfrischende Freisetzung zufriedenstellend lange anhält.</p>",Icing WDP Slim,Unisex,,,,,,,https://cdn.shopify.com/s/files/1/0072/0646/9679/products/Puck_Icing_Extreme_Strong_Slim.jpg,,,,,5.20,0.00,1,G,13,IN,3,3,3,,,,
,,PU-2010-1,Unisex,Title,Default Title,,,,,,,,,,5.20,0.00,1,G,13,IN,3,3,3,,,Puck,Icing WDP Slim
Supermassive WDP,"<span>VIKA Supermassive ist der stärkste Tabak-Snus der Marke VIKA und gleichzeitig einer der stärksten auf dem Markt. Er ist damit ideal für erfahrene Snus-Konsumenten, die nach einem intensiven Nikotinkick suchen.</span>",Supermassive WDP,Unisex,,,,,,,https://cdn.shopify.com/s/files/1/0072/0646/9679/products/VIKA_SUPERMASSIV_sized.jpg,,,,,5.20,0.00,1,G,13,IN,3,3,3,,,,
,,VK-3000-1,Unisex,Title,Default Title,,,,,,,,,,5.20,0.00,1,G,13,IN,3,3,3,,,Vika,Supermassive WDP
Classic Original WDP,"<p>Intensiver, kräftiger Snus mit frischem ""sibirischer"" Pfefferminze.</p>
<p>Bei den White Dry Portions von Royal Snus wird an der Stelle von Tabak eine Pflanzenart verwendet, die Damiana genannt wird. <br>Damiana ist eine Strauchpflanze, die zur Pflanzengattung der Safranmalven (turnera diffusa) gehört. Ihr natürliches Verbreitungsgebiet reicht vom südlichen Nordamerika bis nach Argentinien. Vorzugsweise gedeiht Damiana an trockenen, felsigen Standorten – etwa auf Klippen, auf Kalksteinen oder auch in Mischwäldern in Höhenlagen zwischen 500 Metern und 1950 Metern. Dazu wurde Damiana schon seit längerem auch in Mexiko als Tabakersatz verwendet.</p>",Classic Original WDP,Unisex,,,,,,,https://cdn.shopify.com/s/files/1/0072/0646/9679/files/royal-lifestyle-classic-original-wdp_36c0e7fe-6fc0-4ee4-8ba6-c42268343d6a.png,,,,,5.90,0.00,1,G,36,IN,3,3,3,,,,
,,RL-1000-1,Unisex,Title,Default Title,,,,,,,,,,5.90,0.00,1,G,36,IN,3,3,3,,,Royal Lifestyle,Classic Original WDP
Icing WDP,"<p>PUCK ICING Extreme Strong von The Snusfactory ist ein Snus, der Nikotin-Kicks mit der Stärke eines kräftigen Slap-Shots zusammen mit einem eiskalten Minzegeschmack liefert. Er enthält einen extrem hohen Nikotingehalt (45mg/g) und liefert einen unglaublich frischen Geschmack von Schweizer Menthol und Pfefferminze.</p>
<p>Seine bequemen Portionen sind so gestaltet, dass sie eine sofortige Freisetzung sowohl von Nikotin als auch von Geschmack ermöglichen. Ihre trockene Oberfläche sorgt für ein geringes Laufen, was wiederum dafür sorgt, dass diese stimulierende und erfrischende Freisetzung zufriedenstellend lange anhält.</p>",Icing WDP,Unisex,,,,,,,https://cdn.shopify.com/s/files/1/0072/0646/9679/files/PUCK_ICING_Peppermint_sized.png,,,,,5.20,0.00,1,G,16,IN,3,3,3,,,,
,,PU-2000-1,Unisex,Title,Default Title,,,,,,,,,,5.20,0.00,1,G,16,IN,3,3,3,,,Puck,Icing WDP
Spearing WDP Slim,"<p>PUCK SPEARING Extra Strong Slim von The SnusFactory, ein Snus nach Mass für diejenigen, die den ultimativen Kältekick erleben wollen, den nur ein eisiger Minzgeschmack und extra starke Kicks bieten können!</p>
<p>Seine modernen Portionen haben die gleichen Eigenschaften wie White Dry Portionen. Das bedeutet, dass sie so optimiert sind, dass sie nur gering saften, was wiederum die beinahe sofortige Freisetzung sowohl des Geschmacks als auch des Nikotins fördert.</p>",Spearing WDP Slim,Unisex,,,,,,,https://cdn.shopify.com/s/files/1/0072/0646/9679/products/Puck_Spearing_Extra_Strong_Slim_sized.jpg,,,,,5.20,0.00,1,G,13,IN,3,3,3,,,,
,,PU-1010-1,Unisex,Title,Default Title,,,,,,,,,,5.20,0.00,1,G,13,IN,3,3,3,,,Puck,Spearing WDP Slim
Red WDP,"<span>VIKA Red hat einen Hauch von gefrorenem Minzaroma, welches einen Freeze-Faktor und einen intensiven Geschmack bringt. Der gut ausbalancierte Nikotinkick kommt etwa nach 30 Sekunden und hält mindestens 20 erfrischende Minuten an.</span>",Red WDP,Unisex,,,,,,,https://cdn.shopify.com/s/files/1/0072/0646/9679/products/VIKA_RED_sized.jpg,,,,,5.20,0.00,1,G,13,IN,3,3,3,,,,
,,VK-2000-1,Unisex,Title,Default Title,,,,,,,,,,5.20,0.00,1,G,13,IN,3,3,3,,,Vika,Red WDP
Spearing WDP,"<p>PUCK SPEARING Extra Strong Portion von The SnusFactory, ein Snus nach Mass für diejenigen, die den ultimativen Kältekick erleben wollen, den nur ein eisiger Minzgeschmack und extra starke Kicks bieten können!</p>
<p>Seine modernen Portionen haben die gleichen Eigenschaften wie White Dry Portionen. Das bedeutet, dass sie so optimiert sind, dass sie nur gering saften, was wiederum die beinahe sofortige Freisetzung sowohl des Geschmacks als auch des Nikotins fördert.</p>",Spearing WDP,Unisex,,,,,,,https://cdn.shopify.com/s/files/1/0072/0646/9679/files/PUCK_ICING_Spearmint_sized.png,,,,,5.20,0.00,1,G,16,IN,3,3,3,,,,
,,PU-1000-1,Unisex,Title,Default Title,,,,,,,,,,5.20,0.00,1,G,16,IN,3,3,3,,,Puck,Spearing WDP
White Fox Double Mint AW,"<meta charset=""utf-8"">
<div class=""item flex "">
<div class=""title"">
<div class=""info"">
<div class=""info"">
<p>Unter der Marke White Fox vertreibt der Produzent von <a href=""https://snushus.ch/collections/odens"" title=""Oden's"">Oden's</a> und <a href=""https://snushus.ch/collections/siberia"" title=""Siberia"">Siberia </a>(GN Tobacco) seine All White Portionsbeutel. Der White Fox Double Mint kommt mit einem frischen Geschmack nach Minze und Menthol im Slim Beutel.</p>
<p> </p>
<p><span>Auf aromatisierter Zellulosebasis und völlig frei von Tabak kommen auch die</span><span> White Fox </span><span>Beutel im Slim Format. Ohne Tabak bedeutet ohne gewöhnungsbedürftigen Tabakgeruch sowie ohne jegliche Tabakschadstoffe - aktuell gibt es weltweit keine weniger schädliche Art, Nikotin zu konsumieren. All White Snus / Nicotine Pouches bietet sich deshalb vor allem Rauchern an, welche mit Rauchentwöhnung wie Nikotinpflaster, Nikotinkaugummi oder Nikotinspray nichts anfangen können.</span></p>
</div>
</div>
</div>
</div>
<div class=""item flex ""></div>",White Fox Double Mint AW,Unisex,,,,,,,https://cdn.shopify.com/s/files/1/0072/0646/9679/products/white-fox-double-mint-all-white.png,,,,,5.20,,1,G,30,IN,3,3,3,,,,
,,WF-3005-1,Unisex,Title,Default Title,,,,,,,,,,5.20,,1,G,30,IN,3,3,3,,,White Fox,White Fox Double Mint AW
White Fox AW,"<meta charset=""utf-8"">
<div class=""item flex "">
<div class=""title"">
<div class=""info"">
<div class=""info"">
<p>Unter der Marke White Fox vertreibt der Produzent von <a href=""https://snushus.ch/collections/odens"" title=""Oden's"">Oden's</a> und <a href=""https://snushus.ch/collections/siberia"" title=""Siberia"">Siberia </a>(GN Tobacco) seine All White Portionsbeutel. Der White Fox kommt mit einem eisigen Minzgeschmack im Slim Beutel.</p>
<p> </p>
<p>Auf aromatisierter Zellulosebasis und völlig frei von Tabak kommen auch die White Fox Beutel im Slim Format. Ohne Tabak bedeutet ohne gewöhnungsbedürftigen Tabakgeruch sowie ohne jegliche Tabakschadstoffe - aktuell gibt es weltweit keine weniger schädliche Art, Nikotin zu konsumieren. All White Snus / Nicotine Pouches bietet sich deshalb vor allem Rauchern an, welche mit Rauchentwöhnung wie Nikotinpflaster, Nikotinkaugummi oder Nikotinspray nichts anfangen können.</p>
</div>
</div>
</div>
</div>
<div class=""item flex ""></div>",White Fox AW,Unisex,,,,,,,https://cdn.shopify.com/s/files/1/0072/0646/9679/products/white-fox-all-white.png,,,,,5.20,,1,G,30,IN,3,3,3,,,,
,,WF-1005-1,Unisex,Title,Default Title,,,,,,,,,,5.20,,1,G,30,IN,3,3,3,,,White Fox,White Fox AW
White Fox Full Charge AW,"<meta charset=""utf-8"">
<div class=""item flex "">
<div class=""title"">
<div class=""info"">
<div class=""info"">
<p>Unter der Marke White Fox vertreibt der Produzent von <a href=""https://snushus.ch/collections/odens"" title=""Oden's"">Oden's</a> und <a href=""https://snushus.ch/collections/siberia"" title=""Siberia"">Siberia </a>(GN Tobacco) seine All White Portionsbeutel. Der White Fox Full Charge kommt mit einem eisigen Minzgeschmack im grossen Beutel.</p>
<p> </p>
<p> <span>Auf aromatisierter Zellulosebasis und völlig frei von Tabak kommen auch die</span><span> White Fox </span><span>Beutel im Slim Format. Ohne Tabak bedeutet ohne gewöhnungsbedürftigen Tabakgeruch sowie ohne jegliche Tabakschadstoffe - aktuell gibt es weltweit keine weniger schädliche Art, Nikotin zu konsumieren. All White Snus / Nicotine Pouches bietet sich deshalb vor allem Rauchern an, welche mit Rauchentwöhnung wie Nikotinpflaster, Nikotinkaugummi oder Nikotinspray nichts anfangen können.</span></p>
</div>
</div>
</div>
</div>
<div class=""item flex ""></div>",White Fox Full Charge AW,Unisex,,,,,,,https://cdn.shopify.com/s/files/1/0072/0646/9679/products/white-fox-full-charge-all-white.png,,,,,5.20,,1,G,30,IN,3,3,3,,,,
,,WF-2005-1,Unisex,Title,Default Title,,,,,,,,,,5.20,,1,G,30,IN,3,3,3,,,White Fox,White Fox Full Charge AW
Black Edition AW,"<meta charset=""utf-8"">
<div class=""item flex"">
<div class=""title"">
<div class=""info"">
<div class=""info"">
<p>Unter der Marke White Fox vertreibt der Produzent von <a href=""https://snushus.ch/collections/odens"" title=""Oden's"">Oden's</a> und <a href=""https://snushus.ch/collections/siberia"" title=""Siberia"">Siberia </a>(GN Tobacco) seine All White Portionsbeutel. Der White Fox kommt mit einem eisigen Minzgeschmack im Slim Beutel.</p>
<p> </p>
<p>Auf aromatisierter Zellulosebasis und völlig frei von Tabak kommen auch die White Fox Beutel im Slim Format. Ohne Tabak bedeutet ohne gewöhnungsbedürftigen Tabakgeruch sowie ohne jegliche Tabakschadstoffe - aktuell gibt es weltweit keine weniger schädliche Art, Nikotin zu konsumieren. All White Snus / Nicotine Pouches bietet sich deshalb vor allem Rauchern an, welche mit Rauchentwöhnung wie Nikotinpflaster, Nikotinkaugummi oder Nikotinspray nichts anfangen können.</p>
</div>
</div>
</div>
</div>
<div class=""item flex""></div>",Black Edition AW,Unisex,,,,,,,https://cdn.shopify.com/s/files/1/0072/0646/9679/products/32d9dcfa3a31396d441e599e0cd7dd38.jpg,,,,,5.20,0.00,1,G,30000,IN,3,3,3,,,,
,,WF-5005-1,Unisex,Title,Default Title,,,,,,,,,,5.20,0.00,1,G,30000,IN,3,3,3,,,White Fox,Black Edition AW
Peppermint AW,"<meta charset=""utf-8"">
<div class=""item flex"">
<div class=""title"">
<div class=""info"">
<div class=""info"">
<p>Unter der Marke White Fox vertreibt der Produzent von <a href=""https://snushus.ch/collections/odens"" title=""Oden's"">Oden's</a> und <a href=""https://snushus.ch/collections/siberia"" title=""Siberia"">Siberia </a>(GN Tobacco) seine All White Portionsbeutel. Der White Fox kommt mit einem eisigen Minzgeschmack im Slim Beutel.</p>
<p> </p>
<p>Auf aromatisierter Zellulosebasis und völlig frei von Tabak kommen auch die White Fox Beutel im Slim Format. Ohne Tabak bedeutet ohne gewöhnungsbedürftigen Tabakgeruch sowie ohne jegliche Tabakschadstoffe - aktuell gibt es weltweit keine weniger schädliche Art, Nikotin zu konsumieren. All White Snus / Nicotine Pouches bietet sich deshalb vor allem Rauchern an, welche mit Rauchentwöhnung wie Nikotinpflaster, Nikotinkaugummi oder Nikotinspray nichts anfangen können.</p>
</div>
</div>
</div>
</div>
<div class=""item flex""></div>",Peppermint AW,Unisex,,,,,,,https://cdn.shopify.com/s/files/1/0072/0646/9679/products/fe93b5a36240d50c4d88c4598d1928d1.jpg,,,,,5.20,0.00,1,G,30000,IN,3,3,3,,,,
,,WF-4005-1,Unisex,Title,Default Title,,,,,,,,,,5.20,0.00,1,G,30000,IN,3,3,3,,,White Fox,Peppermint AW
Cold Extreme WP,"<meta charset=""utf-8"">
<div class=""item flex "">
<div class=""title""></div>
</div>
<div class=""item flex "">
<div class=""info"">
<p>Oden's Cold Extreme White Portion ist ein Portionssnus mit einem süssen Minzgeschmack und viel Nikotin. Das Tabakaroma ist hervorstechend und verleiht dem Snus einen traditionellen Geschmack, zusammen mit der Minze. <span>Zusammen mit </span><a href=""https://snushus.ch/collections/siberia"" title=""Siberia"">Siberia<span> </span></a><span>gehört Oden´s zu den beliebtesten Snus-Marken. </span><span>Bei Fragen, Wünschen oder Anregungen </span><span>kannst du </span><span>uns </span><span>gerne auf der </span><span></span><a href=""https://snushus.ch/pages/kontakt"" title=""Kontakt"">Kontaktseite</a><span> s</span><span>chreiben</span><span>.</span></p>
</div>
<div class=""info"">
<div class=""info"">
<div class=""item flex "">
<div class=""title""></div>
<div class=""title""></div>
</div>
</div>
</div>
</div>",Cold Extreme WP,Unisex,,,,,,,https://cdn.shopify.com/s/files/1/0072/0646/9679/files/Snus_Container_Top_View_Odens_Cold_Extreme_WP.png,,,,,4.80,,1,G,30,IN,3,3,3,,,,
,,OD-2005-1,Unisex,Title,Default Title,,,,,,,,,,4.80,,1,G,30,IN,3,3,3,,,Oden's,Cold Extreme WP
Cold Extreme WP Slim,"<meta charset=""utf-8"">
<div class=""item flex"">
<div class=""title""></div>
</div>
<div class=""item flex"">
<div class=""info"">
<div class=""info"">
<p><span>Odens Cold Extreme Slim White Portion ist ein kraftvoller und starker Snus mit kühlen Aromen von echten Minzölen. Der Nikotingehalt beträgt 22 mg / g und die schlanken Portionen sind etwas kleiner und schmecken lange.</span></p>
</div>
<div class=""info"">
<div class=""info"">
<div class=""item flex""></div>
</div>
</div>
</div>
<div class=""info"">
<div class=""item flex""></div>
</div>
</div>",Cold Extreme WP Slim,Unisex,,,,,,,https://cdn.shopify.com/s/files/1/0072/0646/9679/files/odens-white-slim-portion.png,,,,,4.60,,1,G,20,IN,3,3,3,,,,
,,OD-2015-1,Unisex,Title,Default Title,,,,,,,,,,4.60,,1,G,20,IN,3,3,3,,,Oden's,Cold Extreme WP Slim
Blau -80 Degrees WP Slim,"<meta charset=""utf-8"">
<div class=""item flex "">
<div class=""title"">
<div class=""info"">
<div class=""info"">
<p>Siberia White Portion ist ein starker Snus mit hohem Nikotingehalt und Minzgeschmack. Der Snus hat einen Nikotingehalt von 24 mg/g und es gibt ihn nun auch in der Portionsform zu kaufen. Der Snus hat einen würzigen Geschmack nach Minze, der lange anhält. Der hohe Nikotingehalt wird durch einen hohen Feuchtigkeitsgehalt von 45 % ausgeglichen, was unüblich ist für starke Snus-Sorten. Wie auch <a href=""https://snushus.ch/collections/odens"" title=""Oden´s"">Oden´s</a> gehört Siberia zu den beliebtesten Marken auf dem Markt. Bei Fragen, Wünschen oder Anregungen kannst du uns gerne auf der <a href=""https://snushus.ch/pages/kontakt"" title=""Kontakt"">Kontaktseite </a>schreiben. </p>
</div>
<div class=""info"">
<div class=""info"">
<div class=""item flex "">
<div class=""title""></div>
</div>
</div>
</div>
</div>
</div>
</div>",Blau -80 Degrees WP Slim,Unisex,,,,,,,https://cdn.shopify.com/s/files/1/0072/0646/9679/files/siberia-blue-white-slim-portion.png,,,,,5.20,0.00,1,G,30,IN,3,3,3,,,,
,,SI-2015-1,Unisex,Title,Default Title,,,,,,,,,,5.20,0.00,1,G,30,IN,3,3,3,,,Siberia,Blau -80 Degrees WP Slim
Melon WP Slim,"<meta charset=""utf-8"">
<div class=""item flex "">
<div class=""title""></div>
</div>
<div class=""item flex "">
<div class=""info"">
<div class=""info"">
<p>Jakobssons Melon Slim White Dry Portion Snus ist ein geschmacksintensiver Snus, der trotz trockener, weisser Beutel durch seinen aromatischen Melonen-Geschmack überzeugt. Durch seinen niedrigen Feuchtigkeitsgehalt und dem hohen Nikotingehalt von 14 mg/g, ist er ein wahres Snus Erlebnis. Eine Dose beinhaltet 20 Beutel.</p>
</div>
<div class=""info"">
<div class=""info"">
<div class=""item flex ""></div>
</div>
</div>
</div>
<div class=""info"">
<div class=""item flex ""></div>
</div>
</div>",Melon WP Slim,Unisex,,,,,,,https://cdn.shopify.com/s/files/1/0072/0646/9679/products/jakobssons-melon-white-slim-portion.png,,,,,4.60,,1,G,30,IN,3,3,3,,,,
,,JK-1015-1,Unisex,Title,Default Title,,,,,,,,,,4.60,,1,G,30,IN,3,3,3,,,Jakobssons,Melon WP Slim
Double Mint Extreme WP,"<meta charset=""utf-8"">
<div class=""item flex "">
<div class=""title""></div>
</div>
<div class=""item flex "">
<div class=""info"">
<div class=""info"">
<p>Oden's Double Mint Extreme Portion ist ein sehr hoher Nikotin-Snack. Der Geschmack, der während der Verwendung erscheint, ist scharf und der Pfefferminze zuliebe. Zusammen mit <a href=""https://snushus.ch/collections/siberia"" title=""Siberia"">Siberia </a>gehört Oden´s zu den beliebtesten Snus-Marken. <span>Bei Fragen, Wünschen oder Anregungen </span><span>kannst du </span><span>uns </span><span>gerne auf der </span><span></span><a href=""https://snushus.ch/pages/kontakt"" title=""Kontakt"">Kontaktseite</a><span> s</span><span>chreiben</span><span>.</span></p>
</div>
<div class=""info"">
<div class=""info"">
<div class=""item flex "">
<div class=""title""></div>
</div>
</div>
</div>
</div>
<div class=""info"">
<div class=""info""></div>
</div>
</div>",Double Mint Extreme WP,Unisex,,,,,,,https://cdn.shopify.com/s/files/1/0072/0646/9679/files/Snus_Container_Top_View_Odens_Double_Mint_Extreme_WP.png,,,,,4.80,,1,G,30,IN,3,3,3,,,,
,,OD-3005-1,Unisex,Title,Default Title,,,,,,,,,,4.80,,1,G,30,IN,3,3,3,,,Oden's,Double Mint Extreme WP
XRANGE Strong WP Slim,"<meta charset=""utf-8"">
<div class=""item flex"">
<div class=""title""></div>
</div>
<div class=""item flex"">
<div class=""info"">
<p>Göteborgs Rapé ist ein absoluter Klassiker aus Schweden und wird dort seit mehr als 100 Jahren hergestellt. Heller Tabakgeschmack mit Spuren von Citrus und Lavendel tragen zum unverwechselbaren Geschmack dieses Produkts bei. Als neu entwickelte White Slim Portion ist dieser Snus trocken und rinnt wenig - ohne dabei an Geschmack einzubüssen.</p>
</div>
<div class=""info""></div>
</div>",XRANGE Strong WP Slim,Unisex,,,,,,,https://cdn.shopify.com/s/files/1/0072/0646/9679/products/goteborgs-rape-xrange-strong-white-portion.png,,,,,5.20,,1,G,30,IN,3,3,3,,,,
,,GR-2015-1,Unisex,Title,Default Title,,,,,,,,,,5.20,,1,G,30,IN,3,3,3,,,Göteborgs Rapé,XRANGE Strong WP Slim
Fresh Ultra Stark No.05 WP Slim,"<meta charset=""utf-8"">
<div class=""item flex"">
<div class=""title""></div>
</div>
<div class=""item flex"">
<div class=""info"">
<p><span>Skruf Slim Fresh Ultra Stark White Portion ist ein starker Snus mit Minz-Geschmack; stärker als andere Skruf Produkte. Als Slim Beutel liegt er angenehm unter der Lippe und gibt so den klassischen Minz-Geschmack ab. Aufgrund der Stärke empfiehlt sich dieses Produkt weniger für empfindliche Snuser.</span><br><span></span></p>
</div>
<div class=""info"">
<div class=""info"">
<div class=""item flex"">
<div class=""title""><span>Der Artikel erscheint in einem neuen Design, hat jedoch die selbe Rezeptur wie der alt bekannte Fresh Ultra Stark WP - Slim</span></div>
</div>
</div>
</div>
</div>",Fresh Ultra Stark No.05 WP Slim,Unisex,,,,,,,https://cdn.shopify.com/s/files/1/0072/0646/9679/products/FreshUltraStarkWP-Slim.png,,,,,5.20,,1,G,30,IN,3,3,3,,,,
,,SK-7005-1,Unisex,Title,Default Title,,,,,,,,,,5.20,,1,G,30,IN,3,3,3,,,Skruf,Fresh Ultra Stark No.05 WP Slim
XRANGE Strong WP Slim,"<meta charset=""utf-8"">
<div class=""item flex"">
<div class=""title"">
<div class=""info"">
<p>Der XRANGE General Slim Strong White ist ein Klassiker vom Hersteller Swedish Match, welcher immer für hohe Qualität steht. Dieser Snus ist hell und trocken auf der Aussenseite des Beutels und rinnt damit sehr wenig. Auf der Innenseite ist der Snus angenehm feucht und erlaubt damit die Wahrnehmung vom würzigen Tabakgeschmack mit Spuren von Citrus und Bergamotte sowie Tee. </p>
</div>
</div>
</div>
<div class=""item flex""></div>",XRANGE Strong WP Slim,Unisex,,,,,,,https://cdn.shopify.com/s/files/1/0072/0646/9679/files/general-xrange-strong-white-portion-2023.png,,,,,5.20,,1,G,30,IN,3,3,3,,,,
,,GE-3015-1,Unisex,Title,Default Title,,,,,,,,,,5.20,,1,G,30,IN,3,3,3,,,General,XRANGE Strong WP Slim
Blau -80 Degrees WP,"<meta charset=""utf-8"">
<div class=""item flex"">
<div class=""title"">
<div class=""info"">
<div class=""info"">
<p>Siberia White Portion ist ein starker Snus mit hohem Nikotingehalt und Minzgeschmack. Der Snus hat einen Nikotingehalt von 24 mg/g und es gibt ihn nun auch in der Portionsform zu kaufen. Der Snus hat einen würzigen Geschmack nach Minze, der lange anhält. Der hohe Nikotingehalt wird durch einen hohen Feuchtigkeitsgehalt von 45 % ausgeglichen, was unüblich ist für starke Snus-Sorten. Siberia gehört zusammen zu <a title=""Oden´s"" href=""https://snushus.ch/collections/odens"">Oden´s</a> zu den beliebtesten Snus-Marken. <span>Bei Fragen, Wünschen oder Anregungen </span><span>kannst du </span><span>uns </span><span>gerne auf der </span><span></span><a title=""Kontakt"" href=""https://snushus.ch/pages/kontakt"">Kontaktseite</a><span> s</span><span>chreiben</span><span>.</span></p>
</div>
<div class=""info"">
<div class=""info"">
<div class=""item flex""></div>
</div>
</div>
</div>
<div class=""info""></div>
<div class=""info"">
<div class=""info"">
<div class=""item flex""></div>
</div>
</div>
</div>
</div>
<div class=""item flex""></div>",Blau -80 Degrees WP,Unisex,,,,,,,https://cdn.shopify.com/s/files/1/0072/0646/9679/files/Snus_Container_Top_View_Siberia_White_Ice_Cold.png,,,,,5.20,,1,G,30,IN,3,3,3,,,,
,,SI-2005-1,Unisex,Title,Default Title,,,,,,,,,,5.20,,1,G,30,IN,3,3,3,,,Siberia,Blau -80 Degrees WP
Strong Cola WP Slim,"<meta charset=""utf-8"">
<div class=""item flex"">
<div class=""title""></div>
</div>
<div class=""item flex"">
<div class=""info"">
<div class=""info"">
<p>Mit einer Mischung von intensivem Cola-Geschmack und traditionellem Snus, bietet dieser Snus für alle Snus-Liebhaber etwas! Es ist ein trockener White Portion Snus und die Beutel kommen in dieser Variante im Slim Format. Mit gemässigten 14 mg/g Nikotin ist es ein angenehmer Snus für den alltäglichen Gebrauch.</p>
</div>
<div class=""info"">
<div class=""info"">
<div class=""item flex""></div>
</div>
</div>
</div>
<div class=""info"">
<div class=""item flex""></div>
</div>
</div>",Strong Cola WP Slim,Unisex,,,,,,,https://cdn.shopify.com/s/files/1/0072/0646/9679/products/jakobssons-strong-cola-white-portion.png,,,,,4.60,,1,G,30,IN,3,3,3,,,,
,,JK-2015-1,Unisex,Title,Default Title,,,,,,,,,,4.60,,1,G,30,IN,3,3,3,,,Jakobssons,Strong Cola WP Slim
Soldat WP,"<meta charset=""utf-8"">
<div class=""item flex "">
<div class=""title""></div>
</div>
<div class=""item flex "">
<div class=""info"">
<p>Ein Snus mit klarem und frischem Geschmack. Er erhebt sich nicht, ist nicht aufdringlich und beeinträchtigt nicht Ihre Geschmacksknospen. Der Soldat ist da. Sicher, stabil und zur richtigen Zeit am richtigen Ort.</p>
</div>
<div class=""info"">
<div class=""info""></div>
</div>
</div>",Soldat WP,Unisex,,,,,,,https://cdn.shopify.com/s/files/1/0072/0646/9679/products/soldat-white-portion.png,,,,,3.90,,1,G,30,IN,3,3,3,,,,
,,SO-1005-1,Unisex,Title,Default Title,,,,,,,,,,3.90,,1,G,30,IN,3,3,3,,,Soldat,Soldat WP
Xtra Stark No.24 WP,"<meta charset=""utf-8"">
<div class=""item flex"">
<div class=""title""></div>
</div>
<div class=""item flex"">
<div class=""info"">
<p><span></span><span>Skruf Xtra Stark White Portion ist ein starker Snus mit klassischem Tabakgeschmack - und deshalb Liebhabern zu empfehlen. Hergestellt wird dieser Snus von Skruf in Schweden und gehört zu den beliebtesten Produkten des Konzerns.</span></p>
<p> </p>
<p><span>Der Artikel erscheint in einem neuen Design, hat jedoch die selbe Rezeptur wie der alt bekannte Skruf Xtra Stark WP</span></p>
</div>
<div class=""info"">
<div class=""info"">
<div class=""item flex"">
<div class=""title""><br></div>
</div>
</div>
</div>
</div>",Xtra Stark No.24 WP,Unisex,,,,,,,https://cdn.shopify.com/s/files/1/0072/0646/9679/products/skrufXtraStarkWhite.png,,,,,5.20,,1,G,30,IN,3,3,3,,,,
,,SK-6005-1,Unisex,Title,Default Title,,,,,,,,,,5.20,,1,G,30,IN,3,3,3,,,Skruf,Xtra Stark No.24 WP
Onyx WP,"<meta charset=""utf-8"">
<div class=""item flex "">
<div class=""title"">
<div class=""info"">
<p><span>General Onyx White Portion - ein absoluter Klassiker und Premium Snus. Der Name ist etwas verwirrend, da dieses Produkt zwar als White Portion gilt; die Beutel sind aber als einziges Produkt auf dem Markt komplett schwarz, weil anstelle von klassischem Papier ein schwarzes Papier verwendet wird. Ausser der optischen Auffälligkeit ergibt sich aber kein Unterschied zu normalen White Portion Snus.</span></p>
<p><span>Mit dem Design der Dose, dem rustikalen Tabakgeschmack und den ringförmig angeordneten Beutel gehört General Onyx zu den wahrscheinlich besten Snusprodukten auf dem Markt.</span></p>
</div>
</div>
</div>
<div class=""item flex ""></div>",Onyx WP,Unisex,,,,,,,https://cdn.shopify.com/s/files/1/0072/0646/9679/products/general-onyx-silver-white-portion.png,,,,,5.20,,1,G,30,IN,3,3,3,,,,
,,GE-2005-1,Unisex,Title,Default Title,,,,,,,,,,5.20,,1,G,30,IN,3,3,3,,,General,Onyx WP
Super Strong Spearmint WP,"<meta charset=""utf-8"">
<div class=""item flex"">
<div class=""title"">
<div class=""info"">
<p>General Super Strong Spearmint WP - Ein moderner Klassiker mit würzigem Tabak und einem klaren Geschmack von Minze. Ein frisches, starkes und kompromissloses Tabakerlebnis, das auf stolzer Tradition und Handwerkskunst aufbaut. Ein weicher und würziger Tabakgeschmack mit deutlichen Noten von Minze, zusammen mit einem Hauch von grünen Kräutern und Eukalyptus.</p>
</div>
</div>
</div>
<div class=""item flex""></div>",Super Strong Spearmint WP,Unisex,,,,,,,https://cdn.shopify.com/s/files/1/0072/0646/9679/files/general-super-strong-spearmint-wp_af98c372-3829-4a09-a833-cf97c5e26c7f.png,,,,,7.90,0.00,1,G,35000,IN,3,3,3,,,,
,,GE-8005-1,Unisex,Title,Default Title,,,,,,,,,,7.90,0.00,1,G,35000,IN,3,3,3,,,General,Super Strong Spearmint WP
Morgondagg WP,"<meta charset=""utf-8"">
<div class=""item flex "">
<div class=""title""></div>
</div>
<div class=""item flex "">
<div class=""info"">
<p>Im Kurbits Morgondagg (Morgentau) finden wir die Düfte und Erwartungen eines milden Mittsommermorgens. Blumen, Süße, Lakritz und eine vertraute Kühle von einem Morgen, der nicht wirklich von den Sonnenstrahlen erwärmt wurde. Der Tabak wurde gemischt und verarbeitet, um sich leicht, ansprechend und frisch anzufühlen.</p>
</div>
<div class=""info"">
<div class=""info""></div>
</div>
</div>",Morgondagg WP,Unisex,,,,,,,https://cdn.shopify.com/s/files/1/0072/0646/9679/products/kurbits-morgondagg-white-portion.png,,,,,3.90,,1,G,30,IN,3,3,3,,,,
,,KU-1005-1,Unisex,Title,Default Title,,,,,,,,,,3.90,,1,G,30,IN,3,3,3,,,Kurbits,Morgondagg WP
Classic WP,"<meta charset=""utf-8"">
<div class=""item flex"">
<div class=""title"">
<div class=""info"">
<p>General Classic - Der original schwedische Snus seit 1866. Bauen Sie auf stolze Traditionen und Handwerkskunst. Dies ist die Nummer eins unter den Premium-Snus, hergestellt aus ausgewählten Tabakblättern, um die höchstmögliche Qualität zu erreichen. Ein würziger Tabakgeschmack mit Noten von Bergamotte und Anklängen von Tee, Heu und Leder.</p>
</div>
</div>
</div>
<div class=""item flex""></div>",Classic WP,Unisex,,,,,,,https://cdn.shopify.com/s/files/1/0072/0646/9679/files/general-classic-wp_6b744eb9-443b-494d-a4f8-d8387f3e73a8.png,,,,,7.90,0.00,1,G,40000,IN,3,3,3,,,,
,,GE-5005-1,Unisex,Title,Default Title,,,,,,,,,,7.90,0.00,1,G,40000,IN,3,3,3,,,General,Classic WP
Blå WP,"Die One-Serie von Swedish Match soll die Klassiker ehren: Inspiert von Göteborgs Rapé wurde der ONE Blå White Portion entwickelt. Der Geschmack kommt mit einer Note von Wacholder, wobei der traditionelle Tabakgeschmack nicht zu kurz kommt. Dieser Snus hat eine Stärke von 13 mg/g Nikotin.",Blå WP,Unisex,,,,,,,https://cdn.shopify.com/s/files/1/0072/0646/9679/products/one-bla-white-portion.png,,,,,4.90,0.00,1,G,1,IN,3,3,3,,,,
,,OE-3005-1,Unisex,Title,Default Title,,,,,,,,,,4.90,0.00,1,G,1,IN,3,3,3,,,ONE,Blå WP
Fäbodsnus WP,"<meta charset=""utf-8"">
<div class=""item flex "">
<div class=""title""></div>
</div>
<div class=""item flex "">
<div class=""info"">
<p>Der Kurbits Fäbodsnus (Bauernhof-Snus) vereint die traditionellen Aromen und Düfte der Älteren Generationen des Snushandwerks. Ein klarer Geschmack aus rustikalem Tabak trifft auf sonnenverwöhnte Blumenwiesen und klare Noten von Süsse und Vanille. Die nüchternen, aber auch praktischen Gegebenheiten der Landwirtschaft und ihre abegehärteten Besitzer geben die Inspiration für einen Snus mit einem sehr ausgeprägten Geschmack und Geruch.</p>
</div>
<div class=""info"">
<div class=""info""></div>
</div>
</div>",Fäbodsnus WP,Unisex,,,,,,,https://cdn.shopify.com/s/files/1/0072/0646/9679/products/kurbits-fabodsnus-white-portion.png,,,,,3.90,,1,G,30,IN,3,3,3,,,,
,,KU-2005-1,Unisex,Title,Default Title,,,,,,,,,,3.90,,1,G,30,IN,3,3,3,,,Kurbits,Fäbodsnus WP
Crushed Ice WP,"<meta charset=""utf-8"">
<div class=""item flex"">
<div class=""title"">
<div class=""info"">
<p>Der Klassiker schlechthin von Nick &amp; Johnny! Der Crushed Ice White Portion kommt mit einer Minz, Menthol-Frische welche in Schweden auf grossen Anklang stösst. Von Swedish Matach produziert kommt dieser White Portion Snus mit 12 mg/g Nikotin.</p>
</div>
</div>
</div>
<div class=""item flex""></div>",Crushed Ice WP,Unisex,,,,,,,https://cdn.shopify.com/s/files/1/0072/0646/9679/products/1636553557380422_nick-johnny-crushed-ice-xtra-strong-white-portion.jpg,,,,,5.90,0.00,1,G,1,IN,3,3,3,,,,
,,NJ-3005-1,Unisex,Title,Default Title,,,,,,,,,,5.90,0.00,1,G,1,IN,3,3,3,,,Nick & Johnny,Crushed Ice WP
Explorer WP Slim,"<meta charset=""utf-8"">
<div class=""item flex"">
<div class=""title"">
<div class=""info"">
<p>General Explorer WP Slim - Ein vertrauter Geschmack in einer vertrauten Marke, die nur die hochwertigsten Zutaten verwendet. Ein weicher und würziger Tabakgeschmack mit deutlichen Noten von Lavendel und Wacholder, zusammen mit einem Hauch von Eiche und Zitrusfrüchten. Entdecken Sie die Geschichte der tapferen Seeleute, die Gewürze aus aller Welt mit nach Hause brachten.</p>
</div>
</div>
</div>
<div class=""item flex""></div>",Explorer WP Slim,Unisex,,,,,,,https://cdn.shopify.com/s/files/1/0072/0646/9679/files/general-explorer-slim-wp.png,,,,,7.90,0.00,1,G,35000,IN,3,3,3,,,,
,,GE-6005-1,Unisex,Title,Default Title,,,,,,,,,,7.90,0.00,1,G,35000,IN,3,3,3,,,General,Explorer WP Slim
Stockholm WP,"<meta charset=""utf-8"">
<div class=""item flex"">
<div class=""title""></div>
</div>
<div class=""item flex"">
<div class=""info"">
<p>NEU! Stockholm ist die neuste Kreation von Kurbits und besticht mit hochwertigen Rohstoffen - beim Tabak werden nur Premiumsorten verwendet die exklusiv mit schwedischen Citrus-, Blumen- und Lakritze-Aromen angereichert werden. Eine vollendete schwedische Snus-Kreation mit Zufriedenheitsgarantie für alle Snus-Feinschmecker!</p>
</div>
<div class=""info"">
<div class=""info""></div>
</div>
</div>",Stockholm WP,Unisex,,,,,,,https://cdn.shopify.com/s/files/1/0072/0646/9679/products/stockholm-white-portion.png,,,,,5.90,,1,G,30,IN,3,3,3,,,,
,,ST-1005-1,Unisex,Title,Default Title,,,,,,,,,,5.90,,1,G,30,IN,3,3,3,,,Stockholm,Stockholm WP
Super Strong Eucalyptus WP,"<meta charset=""utf-8"">
<div class=""item flex"">
<div class=""title"">
<div class=""info"">
<p>General Super Strong Eucalyptus WP - Ein moderner Klassiker mit würzigem Tabak und einem klaren Geschmack von Eukalyptus und Pfefferminze. Ein kompromissloses Tabakerlebnis, das auf stolzer Tradition und Handwerkskunst aufbaut. Ein milder und würziger Tabakgeschmack mit deutlichen Noten von Eukalyptus und Pfefferminze.</p>
</div>
</div>
</div>
<div class=""item flex""></div>",Super Strong Eucalyptus WP,Unisex,,,,,,,https://cdn.shopify.com/s/files/1/0072/0646/9679/files/general-super-strong-eucalyptus-wp_cc3d8624-d787-4e2b-ae02-48dd4994a5f1.png,,,,,7.90,0.00,1,G,35000,IN,3,3,3,,,,
,,GE-7005-1,Unisex,Title,Default Title,,,,,,,,,,7.90,0.00,1,G,35000,IN,3,3,3,,,General,Super Strong Eucalyptus WP
Vit WP,"<meta charset=""utf-8"">
<div class=""item flex"">
<div class=""title"">
<div class=""info"">
<p>Die One-Serie von Swedish Match soll die Klassiker ehren: Der ONE Vit White Portion ist dabei von General inspiert und besticht mit seinem traditionellen Tabakgeschmack. Auch seine 13 mg/g Nikotin weichen dabei vom Konzept nicht ab. Eine tolle Homage!</p>
</div>
</div>
</div>
<div class=""item flex""></div>",Vit WP,Unisex,,,,,,,https://cdn.shopify.com/s/files/1/0072/0646/9679/products/one-vit-white-portion.png,,,,,4.90,0.00,1,G,1,IN,3,3,3,,,,
,,OE-1005-1,Unisex,Title,Default Title,,,,,,,,,,4.90,0.00,1,G,1,IN,3,3,3,,,ONE,Vit WP
Soldat Vinter WP,"<meta charset=""utf-8"">
<div class=""item flex "">
<div class=""title""></div>
</div>
<div class=""item flex "">
<div class=""info"">
<p>Soldat Winter gibt ein cooles Gefühl, wird aber mit klaren und frischen Tönen aufgehellt. Sorgfältig ausgewählter Tabak, der die schwere Erdigkeit fernhält, wirkt mit einer sehr ausgewogenen Geschmackspalette und verleiht Ihnen ein außergewöhnliches Snuserlebnis</p>
</div>
<div class=""info"">
<div class=""info""></div>
</div>
</div>",Soldat Vinter WP,Unisex,,,,,,,https://cdn.shopify.com/s/files/1/0072/0646/9679/products/soldat-vinter-white-portion.png,,,,,3.90,,1,G,30,IN,3,3,3,,,,
,,SO-2005-1,Unisex,Title,Default Title,,,,,,,,,,3.90,,1,G,30,IN,3,3,3,,,Soldat,Soldat Vinter WP
Lemon WP,"<meta charset=""utf-8"">
<div class=""item flex"">
<div class=""title""></div>
</div>
<div class=""item flex"">
<div class=""info"">
<p>GN Tobacco kann auch anders! Mit dem Oden's Lemon White Portion wird der Tabak ausgezeichnet mit einem Citrus-Aroma vermischt. Das Produkt kommt mit 9 mg/g Nikotin in normalgrossen Portionen.</p>
</div>
<div class=""info""></div>
<div class=""info"">
<div class=""info"">
<div class=""item flex""></div>
</div>
</div>
</div>",Lemon WP,Unisex,,,,,,,https://cdn.shopify.com/s/files/1/0072/0646/9679/products/odens-lemon-white-portion.png,,,,,4.80,0.00,1,G,1,IN,3,3,3,,,,
,,OD-8005-1,Unisex,Title,Default Title,,,,,,,,,,4.80,0.00,1,G,1,IN,3,3,3,,,Oden's,Lemon WP
Super Strong Eucalyptus WP Slim,"<div class=""item flex"">
<div class=""title"">
<div class=""info"">
<p>General Super Strong Eucalyptus WP Slim - Ein moderner Klassiker mit würzigem Tabak und einem klaren Geschmack von Eukalyptus und Pfefferminze. Ein kompromissloses Tabakerlebnis, das auf stolzer Tradition und Handwerkskunst aufbaut. Ein milder und würziger Tabakgeschmack mit deutlichen Noten von Eukalyptus und Pfefferminze.</p>
</div>
</div>
</div>
<div class=""item flex""></div>",Super Strong Eucalyptus WP Slim,Unisex,,,,,,,https://cdn.shopify.com/s/files/1/0072/0646/9679/files/general-super-strong-eucalyptus-slim-wp.png,,,,,7.90,0.00,1,G,29,IN,3,3,3,,,,
,,GE-7015-1,Unisex,Title,Default Title,,,,,,,,,,7.90,0.00,1,G,29,IN,3,3,3,,,General,Super Strong Eucalyptus WP Slim
Mint WP Slim,"Am Gipfel angekommen erstreckt sich vor dir das atemberaubende Bergpanorama der Schweizer Alpen. Zu deinen Füssen liegt ein unberührter Tiefschneehang. Nur ein kleiner Drop und das rauschende Gefühl von Freiheit und purer Lebensfreude durchzieht deinen ganzen Körper. Inspiriert von Momenten wie diesen, hat die Leaf Bakery an einer Rezeptur gefeilt, welche die Frische der Schweizer Bergluft mit einem Hauch von Minze kombiniert. Mit dem TRIFT Mint intensivierst Du jedes deiner ganz persönlichen Abenteuer! Enjoy the ride!",Mint WP Slim,Unisex,,,,,,,https://cdn.shopify.com/s/files/1/0072/0646/9679/products/1639499460844876_trift-mint-white-portion-slim.jpg,,,,,7.90,6.90,1,G,1,IN,3,3,3,,,,
,,TR-2005-1,Unisex,Title,Default Title,,,,,,,,,,7.90,6.90,1,G,1,IN,3,3,3,,,TRIFT,Mint WP Slim
Xtra No.29 OP,"Skruf Original Portion no. 29 Xtra Strong - Der Geschmack ist mild und folgt der schwedischen Schnupftabak-Tradition mit dem Geschmack der begehrten Zitrusfrüchte Bergamotte und Rosenöl. Diese Variante ist etwas stärker, da sie mehr Tabak als normaler Snus und auch einen höheren Nikotingehalt enthält.",Xtra No.29 OP,Unisex,,,,,,,https://cdn.shopify.com/s/files/1/0072/0646/9679/products/skruf_xtra_portion_no29_op.jpg,,,,,5.90,0.00,1,G,22,IN,3,3,3,,,,
,,SK-8005-1,Unisex,Title,Default Title,,,,,,,,,,5.90,0.00,1,G,22,IN,3,3,3,,,Skruf,Xtra No.29 OP
Mint WP,"<meta charset=""utf-8"">
<div class=""item flex"">
<div class=""title""></div>
</div>
<div class=""item flex"">
<div class=""info"">
<p>Oden's Mint White Portion besticht mit seiner Minz-Note, wobei der Tabak nicht zu kurz kommt. Ein White Portion Snus mit 9 mg/g Nikotin. </p>
</div>
<div class=""info""></div>
<div class=""info"">
<div class=""info"">
<div class=""item flex""></div>
</div>
</div>
</div>",Mint WP,Unisex,,,,,,,https://cdn.shopify.com/s/files/1/0072/0646/9679/products/odens-mint-white-portion.png,,,,,4.80,0.00,1,G,1,IN,3,3,3,,,,
,,OD-9005-1,Unisex,Title,Default Title,,,,,,,,,,4.80,0.00,1,G,1,IN,3,3,3,,,Oden's,Mint WP
Lavender WP Slim,"Sei es bei einem Aperitivo auf der Piazza Grande in Locarno bei Sonnenschein oder beim Faulenzen auf den heissen, rund geschliffenen Steinen des Verzascatals: Das dolce far niente südlich der Alpen hat etwas magisches. Diese Magie hat die Leaf Bakery in einem blumigen, fruchtigen und mit Kräutern angereicherten Snus einfangen. Der TRIFT Lavender verkörpert Leichtigkeit, puren Genuss und Lebensfreude. Ein Snus für die sonnigen Tage im Leben!",Lavender WP Slim,Unisex,,,,,,,https://cdn.shopify.com/s/files/1/0072/0646/9679/products/1639499494172943_trift-lavender-white-portion-slim.jpg,,,,,7.90,6.90,1,G,1,IN,3,3,3,,,,
,,TR-3005-1,Unisex,Title,Default Title,,,,,,,,,,7.90,6.90,1,G,1,IN,3,3,3,,,TRIFT,Lavender WP Slim
Raw WP Slim,"<p>Bei diesem Snus hat sich die Leaf Bakery ganz an den traditionsreichen Rezepturen aus dem hohen Norden orientiert. Der Leaf Bakery ist es gelungen, einen hochqualitativen und traditionellen Snus mit hervorragendem Geschmack herzustellen. Wenn Du auf der Suche nach einer klassischen Snus-Variante bist, dann ist der TRIFT Raw genau das richtige für Dich. Trift Raw ist mit Sicherheit der beste Snus aus heimischer Produktion!<br></p>",Raw WP Slim,Unisex,,,,,,,https://cdn.shopify.com/s/files/1/0072/0646/9679/products/1639499405723941_trift-raw-white-portion-slim.jpg,,,,,7.90,6.90,1,G,1,IN,3,3,3,,,,
,,TR-1005-1,Unisex,Title,Default Title,,,,,,,,,,7.90,6.90,1,G,1,IN,3,3,3,,,TRIFT,Raw WP Slim
Röd WP,Inspiriert von Göteborgs Rapé bringt Swedish Match mit dem ONE Röd WP eine weitere Sorte. Dieser White Portion Snus kommt mit einem angenehmen Nikotingehalt von 13 mg/g und dem Aroma von Waldbeeren.,Röd WP,Unisex,,,,,,,https://cdn.shopify.com/s/files/1/0072/0646/9679/products/one_r_d_white_portion.jpg,,,,,4.90,0.00,1,G,20,IN,3,3,3,,,,
,,OE-5005-1,Unisex,Title,Default Title,,,,,,,,,,4.90,0.00,1,G,20,IN,3,3,3,,,ONE,Röd WP
Grön WP,"<meta charset=""utf-8"">
<div class=""item flex"">
<div class=""title"">
<div class=""info"">
<p>Die One-Serie von Swedish Match soll die Klassiker ehren: Der ONE Grön White Portion Snus riecht nach feinen Früchten, Beeren, Kräutern und erinnert dabei an die schwedischen Wälder. Der ""Grüne"" der One-Serie ist dabei ebenfalls an den klassiker Göteborgs Rapé angelehnt und kommt mit 13 mg/g Nikotin.</p>
</div>
</div>
</div>
<div class=""item flex""></div>",Grön WP,Unisex,,,,,,,https://cdn.shopify.com/s/files/1/0072/0646/9679/products/one-gron-white-portion.png,,,,,4.90,0.00,1,G,1,IN,3,3,3,,,,
,,OE-4005-1,Unisex,Title,Default Title,,,,,,,,,,4.90,0.00,1,G,1,IN,3,3,3,,,ONE,Grön WP
Gul WP,"<meta charset=""utf-8"">
<div class=""item flex"">
<div class=""title"">
<div class=""info"">
<p>Die One-Serie von Swedish Match soll die Klassiker ehren: Bei diesem Snus hat sich der Hersteller von General inspirieren lassen und dem traditionellen Tabakgeschmack eine Zitrus-Note hinzugegeben. Das Resultat ist der ONE Gul White Portion mit 13 mg/g Nikotin. Ein Produkt für Liebhaber!</p>
</div>
</div>
</div>
<div class=""item flex""></div>",Gul WP,Unisex,,,,,,,https://cdn.shopify.com/s/files/1/0072/0646/9679/products/one-gul-white-portion.png,,,,,4.90,0.00,1,G,1,IN,3,3,3,,,,
,,OE-2005-1,Unisex,Title,Default Title,,,,,,,,,,4.90,0.00,1,G,1,IN,3,3,3,,,ONE,Gul WP
Grape Ice Strong AW,"<p>Entdecke <a href=""https://snushus.ch/collections/xo-snus"">XO</a> Grape Ice Strong All White Slim – Dein idealer Begleiter für ein intensives und erfrischendes Nikotinerlebnis! Mit einem Nikotingehalt von 16 mg/g und Slim Beuteln bietet Dir dieser All White Snus einen starken und lang anhaltenden Kick. Der erfrischende Geschmack nach kühlen Trauben verleiht jedem Beutel ein einzigartiges und belebendes Aroma. </p>
<p>XO Grape Ice Strong All White Slim ist die perfekte Wahl für alle, die auf der Suche nach einem starken und erfrischenden Snus sind. Die All White Nikotinbeutel sorgen dafür, dass Dein Lächeln strahlend weiss bleibt, während Du den intensiven Geschmack geniessen kannst. Die schlanken Beutel sind diskret und angenehm zu tragen, sodass Du Deinen Snus jederzeit und überall geniessen kannst. Die praktische 10g Dose enthält 20 Beutel und bietet Dir somit ausreichend Vorrat für viele genussvolle Momente.</p>
<p>Geniesse den kühlen Traubengeschmack von XO Grape Ice Strong All White Slim und erlebe, wie dieser All White Snus Deinen Tag belebt. Einfach einen Beutel entnehmen und das erfrischende Nikotinerlebnis geniessen.</p>
<!---->",Grape Ice Strong AW,Unisex,,,,,,,https://cdn.shopify.com/s/files/1/0072/0646/9679/files/XO_Grapce_Ice_a8ddf2bb-6bc0-40d1-8643-3fdcb037dc49.png,,,,,4.90,0.00,1,G,1,IN,3,3,3,,,,
,,XO-3015-1,Unisex,Title,Default Title,,,,,,,,,,4.90,0.00,1,G,1,IN,3,3,3,,,XO,Grape Ice Strong AW
Watermelon Chili Strong AW,"<p>Entdecke <a href=""https://snushus.ch/collections/xo-snus"">XO</a> Watermelon Chili Strong All White Snus – Dein erfrischender Begleiter für ein aufregendes Nikotinerlebnis! Mit einem intensiven Nikotingehalt von 16 mg/g und Slim Pouches bietet Dir dieser Snus eine starke und lang anhaltende Erfahrung. Der erfrischende Wassermelonengeschmack kombiniert mit einem Hauch von Chili sorgt für ein einzigartiges und belebendes Aroma, das Deine Sinne weckt.</p>
<p>XO Watermelon Chili Strong All White Snus ist die ideale Wahl für alle, die ein kraftvolles und erfrischendes Snus-Erlebnis suchen. Die Slim Pouches sind diskret und angenehm zu tragen, sodass Du Deinen Snus jederzeit und überall geniessen kannst. Die praktische 10g Dose enthält 20 Beutel und bietet Dir somit ausreichend Vorrat für viele genussvolle Momente.</p>
<p>Mit einer Stärke von 4/5 ist XO Watermelon Chili Strong perfekt für erfahrene Snuser, die eine intensive Nikotinstärke und einen aussergewöhnlichen Geschmack bevorzugen. Dieser Snus, hergestellt nach höchsten Qualitätsstandards, garantiert ein erstklassiges Geschmackserlebnis.</p>
<p>Bestelle jetzt Deinen XO Watermelon Chili Strong All White Snus online und lass Dich von dieser einzigartigen Geschmackskombination überzeugen. Probiere es aus und erlebe die perfekte Verbindung von Frische und Schärfe!</p>
<!---->",Watermelon Chili Strong AW,Unisex,,,,,,,https://cdn.shopify.com/s/files/1/0072/0646/9679/files/XO_Watermelon_Chili_755a873f-fd6b-4393-becc-83b9e1bccb85.png,,,,,4.90,0.00,1,G,1,IN,3,3,3,,,,
,,XO-5015-1,Unisex,Title,Default Title,,,,,,,,,,4.90,0.00,1,G,1,IN,3,3,3,,,XO,Watermelon Chili Strong AW
Spearmint Strong AW,"<p>Entdecke <a href=""https://snushus.ch/collections/xo-snus"">XO</a> Spearmint Strong AW – Dein idealer Begleiter für ein intensives und erfrischendes Nikotinerlebnis! Mit einem Nikotingehalt von 16 mg/g und Slim Beuteln bietet Dir dieser All White Snus eine starke und lang anhaltende Erfahrung. Der erfrischende Geschmack nach Pfefferminze sorgt für ein belebendes Aroma, das Deine Sinne erfrischt.</p>
<p>XO Spearmint Strong AW ist die perfekte Wahl für alle, die auf der Suche nach einem starken und erfrischenden Snus sind. Die Slim Beutel sind diskret und angenehm zu tragen, sodass Du Deinen Snus jederzeit und überall geniessen kannst. Die praktische 10 g Dose enthält 20 Beutel und bietet Dir somit ausreichend Vorrat für viele genussvolle Momente.</p>
<p>Hergestellt in Schweden, gehört XO Spearmint Strong AW zu einer renommierten schwedischen Snus Marke, die für ihre hohe Qualität und exzellenten Geschmack bekannt ist.</p>
<!---->",Spearmint Strong AW,Unisex,,,,,,,https://cdn.shopify.com/s/files/1/0072/0646/9679/files/XO_Spearmint_d01deb41-5228-4b38-9750-e6cd52e3d97d.png,,,,,4.90,0.00,1,G,1,IN,3,3,3,,,,
,,XO-4015-1,Unisex,Title,Default Title,,,,,,,,,,4.90,0.00,1,G,1,IN,3,3,3,,,XO,Spearmint Strong AW
Ice Cool Strong AW,"<p>Erlebe den intensiven Genuss von <a href=""https://snushus.ch/collections/xo-snus"">XO</a> Ice Cool Strong Snus – der perfekte Begleiter für erfahrene Snuser, die einen starken Kick suchen. Mit einem erfrischenden Minzgeschmack und einer hohen Nikotinkonzentration von 16 mg/g bietet dieser Snus ein kraftvolles und belebendes Erlebnis, das Deine Sinne weckt.</p>
<p>XO Ice Cool Strong überzeugt mit seinem frischen Minzgeschmack, der Dich bei jedem Gebrauch erfrischt. Die 20 Slim Beutel pro Dose sind besonders diskret und angenehm zu tragen, sodass Du Deinen Snus jederzeit und überall geniessen kannst. Jeder Beutel ist präzise portioniert, um Dir einen konstanten und intensiven Geschmack sowie die gewünschte Nikotindosis zu liefern.</p>
<p>Dieser starke Snus ist ideal für gewohnte Snuser, die einen kräftigen und langanhaltenden Genuss bevorzugen. Die hochwertige Verarbeitung und die sorgfältig ausgewählten Inhaltsstoffe garantieren ein erstklassiges Snus-Erlebnis. Mit XO Ice Cool Strong erhältst Du nicht nur den gewünschten Nikotin-Kick, sondern auch eine erfrischende Minzbrise, die Deinen Tag belebt.</p>
<p>Bestelle jetzt Deine XO Ice Cool Strong Snus Dose online und geniesse den unvergleichlichen Geschmack und die starke Wirkung. Dein idealer Snus-Genuss wartet auf Dich – und das zu einem attraktiven Preis.</p>
<!---->",Ice Cool Strong AW,Unisex,,,,,,,https://cdn.shopify.com/s/files/1/0072/0646/9679/files/XO_Ice_Cool_54c63bca-f5b9-4613-97f1-13d2248adfda.png,,,,,4.90,0.00,1,G,1,IN,3,3,3,,,,
,,XO-2015-1,Unisex,Title,Default Title,,,,,,,,,,4.90,0.00,1,G,1,IN,3,3,3,,,XO,Ice Cool Strong AW
Blueberry Strong AW,"<p>Entdecke den <a href=""https://snushus.ch/collections/xo-snus"">XO</a><a href=""https://snushus.ch/collections/xo""></a> Blueberry Snus – Deine perfekte Wahl für einen erfrischend süssen Blaubeergeschmack. Speziell entwickelt für Personen, die eine hohe Snus-Stärke bevorzugen, bietet dieser All White Snus ein intensives Aroma und eine angenehme Nikotinstärke, die Deine Sinne belebt.</p>
<p>Der XO Blueberry Snus überzeugt mit seinem süssen Blaubeergeschmack, der jedes Mal aufs Neue begeistert. Die Slim Pouches sind besonders diskret und komfortabel zu tragen, sodass Du jederzeit und überall Dein Snus-Erlebnis geniessen kannst. Jede Dose enthält 10 g feinsten Snus, verteilt auf 20 Beutel – perfekt portioniert für eine langanhaltende Frische.</p>
<p>Mit den hochwertigen All White Snus Pouches bleibt Dein Lächeln strahlend weiss, da sie keine Verfärbungen verursachen. Der XO Blueberry Snus kombiniert höchsten Genuss mit praktischer Handhabung.</p>
<p>Ob Du unterwegs bist oder einfach nur eine erfrischende Pause einlegen möchtest, der XO Blueberry Snus ist stets bereit, Dir das ultimative Snus-Erlebnis zu bieten. Bestelle jetzt Deinen XO Blueberry Snus online und erlebe den süssen Geschmack der Blaubeere in jeder Slim Pouch.</p>
<!---->",Blueberry Strong AW,Unisex,,,,,,,https://cdn.shopify.com/s/files/1/0072/0646/9679/files/XO_Blueberry_e01ed586-60b8-4d62-a13f-e8c64eb3e3c5.png,,,,,4.90,0.00,1,G,1,IN,3,3,3,,,,
,,XO-1015-1,Unisex,Title,Default Title,,,,,,,,,,4.90,0.00,1,G,1,IN,3,3,3,,,XO,Blueberry Strong AW
Blueberry Mint Strong AW,"<p>Dieses XQS-Produkt ist perfekt für alle, die auf der Suche nach einem erfrischenden Geschmack mit einem Hauch von Frucht sind. Du hättest nicht gedacht, dass Blaubeere und Minze eine leckere Kombination sind, aber wir bitten Dich, sie selbst zu probieren! Mit einem grossartigen Geschmack und einem starken Nikotin-Kick werden Deine Geschmacksnerven Kribbeln.</p>
<p>Die Beutel sind ganz weiss und färben nicht auf die Zähne ab. Die Beutel sind schlank und fühlen sich unter der Lippe angenehm an. <span data-mce-fragment=""1"">Die Beutel müssen nicht gekühlt aufbewahrt werden.</span></p>",Blueberry Mint Strong AW,Unisex,,,,,,,https://cdn.shopify.com/s/files/1/0072/0646/9679/files/XQS_Blueberry_Mint_sized_3073c03c-6d2a-43cf-bc9c-966300be9dab.png,,,,,4.20,0.00,1,G,1,IN,3,3,3,,,,
,,XQ-2015-1,Unisex,Title,Default Title,,,,,,,,,,4.20,0.00,1,G,1,IN,3,3,3,,,XQS,Blueberry Mint Strong AW
Tropical Strong AW,"XQS Tropical mit einem einzigartigen Design und einem Geschmack, der Dich in tropische Wälder entführt.<br data-mce-fragment=""1"">Tropical wurde im Sommer 2021 als limitierte Auflage herausgebracht, erfreute sich aber so grosser Beliebtheit, dass sie ihren festen Platz in unserem Sortiment bekam und hier bleibt!<br data-mce-fragment=""1"">Die Aromen von Ananas, Passionsfrucht und Mango sorgen für ein köstliches Geschmackserlebnis.<br data-mce-fragment=""1""><br data-mce-fragment=""1"">Die Beutel sind ganz weiss und färben nicht auf die Zähne ab. Die Beutel sind schlank und fühlen sich unter der Lippe angenehm an. Die Beutel müssen nicht gekühlt aufbewahrt werden.",Tropical Strong AW,Unisex,,,,,,,https://cdn.shopify.com/s/files/1/0072/0646/9679/files/xqs-tropical-sized.png,,,,,4.20,0.00,1,G,1,IN,3,3,3,,,,
,,XQ-4015-1,Unisex,Title,Default Title,,,,,,,,,,4.20,0.00,1,G,1,IN,3,3,3,,,XQS,Tropical Strong AW
Black Cherry Strong AW,"<p>XQS Black Cherry Strong ist ein aufregendes Erlebnis mit einem süssen und exquisiten Kirschgeschmack, der Ihre Geschmacksnerven auf eine sehr angenehme Weise kitzeln wird. Der Kirschgeschmack ist reichhaltig und detailliert, mit einem scharfen Unterton, um ihn ein wenig aufblitzen zu lassen.</p>
<p>Die Beutel sind ganz weiss und färben nicht auf die Zähne ab. Die Beutel sind schlank und fühlen sich unter der Lippe angenehm an. <span data-mce-fragment=""1"">Die Beutel müssen nicht gekühlt aufbewahrt werden.</span></p>",Black Cherry Strong AW,Unisex,,,,,,,https://cdn.shopify.com/s/files/1/0072/0646/9679/files/XQS_Black_Cherry_sized.png,,,,,4.20,0.00,1,G,1,IN,3,3,3,,,,
,,XQ-1015-1,Unisex,Title,Default Title,,,,,,,,,,4.20,0.00,1,G,1,IN,3,3,3,,,XQS,Black Cherry Strong AW
Twin Apple Strong AW,"<p>XQS Twin Apple bietet einen ausgeprägten Apfelgeschmack, was sie ideal für alle macht, die einen fruchtigen Kick mögen. Das Produkt wird Ihre Geschmacksknospen garantiert zum Kribbeln bringen!</p>
<p>Die Beutel sind schlank und fühlen sich unter der Lippe angenehm an. Die Beutel müssen nicht gekühlt aufbewahrt werden.</p>",Twin Apple Strong AW,Unisex,,,,,,,https://cdn.shopify.com/s/files/1/0072/0646/9679/files/XQS_Twin_Apple_sized.png,,,,,4.20,0.00,1,G,1,IN,3,3,3,,,,
,,XQ-5015-1,Unisex,Title,Default Title,,,,,,,,,,4.20,0.00,1,G,1,IN,3,3,3,,,XQS,Twin Apple Strong AW
Orange Apple Strong AW,"<p>XQS Orange Apple Strong hat eine Kombination aus frischem Orangen- und Apfelgeschmack mit einem perfekten Feuchtigkeitsgrad, um die kontrollierte Freisetzung von Geschmack und Nikotin zu ermöglichen.</p>
<p>Die Beutel sind ganz weiss und färben nicht auf die Zähne ab. Die Beutel sind schlank und fühlen sich unter der Lippe angenehm an. <span data-mce-fragment=""1"">Die Beutel müssen nicht gekühlt aufbewahrt werden.</span></p>
<p><br></p>",Orange Apple Strong AW,Unisex,,,,,,,https://cdn.shopify.com/s/files/1/0072/0646/9679/files/XQS_Orange_Apple_sized.png,,,,,4.20,0.00,1,G,1,IN,3,3,3,,,,
,,XQ-3015-1,Unisex,Title,Default Title,,,,,,,,,,4.20,0.00,1,G,1,IN,3,3,3,,,XQS,Orange Apple Strong AW
Cactus Sour Strong  AW,"<p>Entdecke <a href=""https://snushus.ch/collections/xqs-snus"" data-mce-href=""https://snushus.ch/collections/xqs-snus"">XQS</a> Cactus Sour Strong All White – Dein perfekter Begleiter für ein exotisches und starkes Nikotinerlebnis. Mit einem erfrischenden Kaktusgeschmack und einer Stärke von 4/5 bietet Dir dieser Snus eine intensive und langanhaltende Wirkung. Die Slim Beutel sind gefüllt mit 16 mg/g Nikotin und sorgen für ein diskretes und angenehmes Genuss-Erlebnis.</p>
<p>XQS Cactus Sour Strong All White ist eine Marke aus Schweden und steht für höchste Qualität und innovativen Geschmack. Auf aromatisierter Zellulosebasis und völlig frei von Tabak kommen die XQS Beutel im Slim Format. Ohne Tabak bedeutet kein gewöhnungsbedürftiger Tabakgeruch sowie keine Tabakschadstoffe – weltweit gibt es aktuell keine weniger schädliche Art, Nikotin zu konsumieren.</p>
<p>Erlebe die exotische Frische von XQS Cactus Sour Strong All White und geniesse die Vorteile eines tabakfreien Nikotinerlebnisses. Bestelle jetzt online und entdecke, warum XQS die bevorzugte Wahl für Snus-Liebhaber ist. Gönn Dir diesen starken und erfrischenden Genuss und bringe eine neue Geschmacksrichtung in Deinen Alltag!</p>
<!---->",Cactus Sour Strong  AW,Unisex,,,,,,,https://cdn.shopify.com/s/files/1/0072/0646/9679/files/XQS_Cactussour_3faff14a-a1dc-4989-b399-7ca50743988a.png,,,,,4.20,0.00,1,G,1,IN,3,3,3,,,,
,,XQ-3115-1,Unisex,Title,Default Title,,,,,,,,,,4.20,0.00,1,G,1,IN,3,3,3,,,XQS,Cactus Sour Strong  AW
Arctic Freeze Ultra AW,"<p>Geniesse den starken, erfrischenden Pfefferminzgeschmack mit dem neuen All White Snus aus Schweden! Mit einer Stärke von 6 von 5 bietet dieser Snus ein unglaublich intensives Erlebnis. Tauche ein in den intensiven, eisigen, kühlenden Geschmack und spüre das erfrischende Gefühl auf deiner Zunge. Eine leichte, süsse Note rundet das Geschmackserlebnis ab.</p>
<p>Mit einem Nikotingehalt von 16 mg/g bietet dieser Snus eine starke Wirkung, die dich den ganzen Tag begleiten wird. Jede Dose enthält 14 g Tabakersatz, verteilt auf 20 Slim-Beutel, die diskret und bequem zu verwenden sind.</p>
<p>Dieser Snus aus Schweden ist die perfekte Wahl für alle, die ein intensives und erfrischendes Geschmackserlebnis suchen. Probiere es jetzt und erlebe die einzigartige Qualität und den Geschmack, für den Snus aus Schweden bekannt ist!</p>
<!---->",Arctic Freeze Ultra AW,Unisex,,,,,,,https://cdn.shopify.com/s/files/1/0072/0646/9679/files/XQS_Arctic_Freeze_Ultra_03_b1464f2f-7166-4e4c-9de7-b264fe7514b0.png,,,,,4.20,0.00,1,G,1,IN,3,3,3,,,,
,,XQ-6015-1,Unisex,Title,Default Title,,,,,,,,,,4.20,0.00,1,G,1,IN,3,3,3,,,XQS,Arctic Freeze Ultra AW
Chili Mango X-Strong AW,"<p><span>Erlebe den aufregenden Geschmack von Chili und Mango im neuen X-Strong All White Snus. Perfekt für Liebhaber von süssen und scharfen Aromen, unser Snus bietet Dir ein einzigartiges Geschmackserlebnis, das Du nicht verpassen sollten. Probiere es jetzt aus und entdecke den neuen Trend der Snus-Welt.</span></p>
<!---->",Chili Mango X-Strong AW,Unisex,,,,,,,https://cdn.shopify.com/s/files/1/0072/0646/9679/files/XQS_Chili_Mango_03_5f92989c-b8f5-45b6-b748-0687e550afee.png,,,,,4.20,0.00,1,G,1,IN,3,3,3,,,,
,,XQ-7015-1,Unisex,Title,Default Title,,,,,,,,,,4.20,0.00,1,G,1,IN,3,3,3,,,XQS,Chili Mango X-Strong AW
Citrus Cooling Strong AW,"<p>Entdecke <a href=""https://snushus.ch/collections/xqs-snus"">XQS</a> Citrus Cooling All White – Dein idealer Begleiter für ein starkes und erfrischendes Nikotinerlebnis. Mit einer Stärke von 4/5 und einem Nikotingehalt von 16 mg/g bietet Dir dieser Snus eine intensive und langanhaltende Wirkung. Die Slim Beutel sind perfekt für diskreten und komfortablen Genuss, während der erfrischende Zitrusgeschmack Deine Sinne belebt.</p>
<p>XQS Citrus Cooling Strong besticht durch seine einzigartige Kombination aus frischem Zitrusgeschmack und einer prickelnden, kühlenden Wirkung. Diese besondere Mischung schafft ein unvergleichliches Erlebnis, das Dir jedes Mal aufs Neue Freude bereitet. Hergestellt in Schweden, steht XQS für erstklassige Qualität und innovative Geschmackserlebnisse.</p>
<p>Geniesse die belebende Frische von XQS Citrus Cooling All White und die Vorteile eines tabakfreien Nikotinerlebnisses. Bestelle jetzt online und entdecke, warum XQS die bevorzugte Wahl für Snus-Liebhaber ist. Gönn Dir diesen erfrischenden und starken Genuss und bringe neue Frische in Deinen Alltag!</p>
<!---->",Citrus Cooling Strong AW,Unisex,,,,,,,https://cdn.shopify.com/s/files/1/0072/0646/9679/files/XQS_Citruscooling_97010f75-aa16-47ae-9d23-34aafac43a84.png,,,,,4.20,0.00,1,G,14,IN,3,3,3,,,,
,,XQ-1115-1,Unisex,Title,Default Title,,,,,,,,,,4.20,0.00,1,G,14,IN,3,3,3,,,XQS,Citrus Cooling Strong AW
Spearmint Strong AW,"<p><span>Geniesse den erfrischenden Geschmack von Spearmint mit XQS Spearmint Strong AW. Hergestellt in Schweden, ist dieser All White Snus das perfekte Produkt für alle, die eine starke Alternative zu herkömmlichen Tabakprodukten suchen. Erlebe einen intensiven Minzgeschmack und ein angenehmes Gefühl - probiere XQS Spearmint Strong AW jetzt!</span></p>
<p><span>Mit einer Stärke von 4/5 und einem Nikotingehalt von 16 mg/g bietet dieser Snus eine kraftvolle Erfahrung. Jede Dose enthält 10 g Tabakersatz, und die Beutel sind in der praktischen Slim-Grösse.</span></p>
<!---->",Spearmint Strong AW,Unisex,,,,,,,https://cdn.shopify.com/s/files/1/0072/0646/9679/files/XQS_Spearmint_03_75950912-8b25-482f-aeee-a42a3d37581e.png,,,,,4.20,0.00,1,G,1,IN,3,3,3,,,,
,,XQ-2115-1,Unisex,Title,Default Title,,,,,,,,,,4.20,0.00,1,G,1,IN,3,3,3,,,XQS,Spearmint Strong AW
Elderflower Strong AW,"<p>Entdecke <a href=""https://snushus.ch/collections/xqs-snus"">XQS</a> Elderflower All White – Dein erfrischender Begleiter für ein sanftes und belebendes Nikotinerlebnis. Die Slim Beutel bieten Dir eine angenehme Stärke von 4/5 und enthalten 16 mg/g Nikotin, was perfekt für den täglichen Gebrauch geeignet ist.</p>
<p>XQS Elderflower Strong kombiniert botanische Noten von Holunderblüten mit schneidenden Zitrustönen und bietet Dir ein einzigartiges Geschmackserlebnis, das besonders an heissen Tagen erfrischt. Jeder Beutel enthält 8 mg Nikotin, was für einen fortgeschrittenen Konsumenten ideal ist und einen extra Kick verleiht.</p>
<p>Geniesse die erfrischende Kombination aus Holunderblüten und Zitrus und erlebe die Vorteile eines tabakfreien Nikotinerlebnisses mit XQS Elderflower All White. Bestelle jetzt online und entdecke, warum XQS die bevorzugte Wahl für Snus-Liebhaber ist. Gönn Dir diesen erfrischenden und leichten Genuss und bringe neue Frische in Deinen Alltag!</p>
<!---->",Elderflower Strong AW,Unisex,,,,,,,https://cdn.shopify.com/s/files/1/0072/0646/9679/files/XQS_Elderflower_strong.png,,,,,4.20,0.00,1,G,14,IN,3,3,3,,,,
,,XQ-4115-1,Unisex,Title,Default Title,,,,,,,,,,4.20,0.00,1,G,14,IN,3,3,3,,,XQS,Elderflower Strong AW
Cool Ice X-Strong AW,"<p>Erlebe den erfrischenden Kick von XQS ice cool - ein All White Snus, der Dir ein intensives Geschmackserlebnis bietet. Mit einer Stärke von 5 von 5 und einem Nikotingehalt von 16 mg/g ist dieser Snus genau das Richtige für Dich, wenn Du nach einer starken Wirkung suchst.</p>
<p>Der frische Mentholgeschmack sorgt für einen deutlichen Kühlungseffekt, der Deine Sinne belebt, während ein Hauch von Süsse dem Genuss eine angenehme Note verleiht. Jede Dose enthält 12 g hochwertigen Tabakersatz, aufgeteilt auf 20 schlanke Beutel, die sich bequem transportieren und diskret verwenden lassen.</p>
<p>Egal, ob Du schon Erfahrung mit Snus hast oder diesen erfrischenden Geschmack zum ersten Mal probierst, XQS ice cool wird deine Erwartungen übertreffen. Tauche ein in die Welt des All White Snus und geniesse den intensiven Genuss!</p>
<!---->",Cool Ice X-Strong AW,Unisex,,,,,,,https://cdn.shopify.com/s/files/1/0072/0646/9679/files/XQS_Cool_Ice_03_4c052629-fd6b-42bb-9333-a6e5506eee4a.png,,,,,4.20,0.00,1,G,1,IN,3,3,3,,,,
,,XQ-8015-1,Unisex,Title,Default Title,,,,,,,,,,4.20,0.00,1,G,1,IN,3,3,3,,,XQS,Cool Ice X-Strong AW
Cool Ice AW Mini,"<p>Wenn Du nach einem erfrischenden Snus mit frischem Mentholgeschmack, einem deutlich kühlenden Effekt und einem Hauch von Süsse suchst, dann ist All White Snus die perfekte Wahl für Dich! Mit einer Stärke von 2 von 5 und einem Nikotingehalt von 12 mg/g bietet er ein angenehm mildes Erlebnis. Jede Dose enthält 7 g Tabakersatz, verteilt auf 20 Mini Beutel, die perfekt für unterwegs sind.</p>
<p>Dieser Snus aus Schweden ist die perfekte Wahl für alle, die ein intensives und erfrischendes Geschmackserlebnis suchen. Probiere ihn jetzt aus und erlebe die einzigartige Qualität und den Geschmack, für den Snus aus Schweden bekannt ist!</p>
<!---->",Cool Ice AW Mini,Unisex,,,,,,,https://cdn.shopify.com/s/files/1/0072/0646/9679/files/XQS_Cool_Ice_Mini_03_e0667e10-4c2c-424b-8afd-f6ec6c6709b3.png,,,,,4.20,0.00,1,G,1,IN,3,3,3,,,,
,,XQ-8115-1,Unisex,Title,Default Title,,,,,,,,,,4.20,0.00,1,G,1,IN,3,3,3,,,XQS,Cool Ice AW Mini
Snus Dose Aluminium (3 Teilig),"<p>100% Schweizer Handwerk<br data-mce-fragment=""1"">Kleines Fach im Deckel <br data-mce-fragment=""1"">Beide Fächer haben einen Dichtungsring<br data-mce-fragment=""1""></p>
<p>Die Dose kann auch mit einem individuellen Design gelasert werden. Für eine personalisierte Dose bitte mit uns Kontakt aufnehmen. </p>",Snus Dose Aluminium (3 Teilig),Unisex,,,,,,,https://cdn.shopify.com/s/files/1/0072/0646/9679/files/alu-snus-dose-snushus-bordeaux-rot-2023.png,https://cdn.shopify.com/s/files/1/0072/0646/9679/products/alu-snus-dose-snushus-bordeaux-rot-offen-2023.png,https://cdn.shopify.com/s/files/1/0072/0646/9679/products/alu-snus-dose-bordeaux-rot.png,https://cdn.shopify.com/s/files/1/0072/0646/9679/products/alu-snus-dose-schwarz.png,https://cdn.shopify.com/s/files/1/0072/0646/9679/products/alu-snus-dose-silber.png,39.90,,1,G,50,IN,3,3,3,,,,
,,ZU-7010-1,Unisex,Farbe,Bordeaux,,,,,,,,,,39.90,,1,G,50,IN,3,3,3,,,snushus.ch,Snus Dose Aluminium (3 Teilig)
,,ZU-7100-1,Unisex,Farbe,Schwarz,,,,,,,,,,39.90,,1,G,50,IN,3,3,3,,,snushus.ch,Snus Dose Aluminium (3 Teilig)
,,ZU-7300-1,Unisex,Farbe,Silber,,,,,,,,,,39.90,,1,G,50,IN,3,3,3,,,snushus.ch,Snus Dose Aluminium (3 Teilig)
,,ZU-7200-1,Unisex,Farbe,Gold,,,,,,,,,,39.90,,1,G,50,IN,3,3,3,,,snushus.ch,Snus Dose Aluminium (3 Teilig)
,,ZU-7000-1,Unisex,Farbe,Bordeaux Snushus à CHF 29.90,,,,,,,,,,29.90,,1,G,1,IN,3,3,3,,,snushus.ch,Snus Dose Aluminium (3 Teilig)
FILT Snus Papier,"<p>FILT Snus Papier kommt aus Island und ist dort ein absoluter Klassiker, da aufgrund dem absoluten Snus Verbot nur eine einzige Variante gekauft werden kann, welche das Verbot umgeht - loser Tabak (Lös Snus). Damit man in Island aber trotzdem nicht auf einen Beutel verzichten muss, gibt es FILT Snus Papier: ausrollen, gewünschte Menge Tabak reinpacken und einen Beutel formen, so wie man es gerade mag. </p>
<p>Das speziell für Snus entwickelte Papier von FILT besteht zu 100% aus Faserpapier und empfiehlt sich in der Schweiz vor allem für den beliebten Makla wenn man mal keinen Zugang zum Hände- und Mundwaschen hat. Nie mehr braune Zähne!<br></p>",FILT Snus Papier,Unisex,,,,,,,https://cdn.shopify.com/s/files/1/0072/0646/9679/products/filt-snuspapper.png,,,,,1.90,,1,G,1,IN,3,3,3,,,,
,,ZU-1000-1,Unisex,Title,Default Title,,,,,,,,,,1.90,,1,G,1,IN,3,3,3,,,snushus.ch,FILT Snus Papier
Snus Halter,"<p>Ein cooles Gadget für jeden Snuser!</p>
<p>Zwei junge, Tüftler-Snuser hatten die Idee dazu - wir haben sie bei ihrem Vorhaben unterstützt! Entstanden ist der Snus Halter aus dem 3D-Drucker.<br>Auf der Arbeit oder bei Wanderungen kommt der Snus Halter ideal zum Einsatz. Die teils störende und schwer zu erreichende Snus Dose im Hosensack, kannst Du nun einfach am Gürtel oder am Rucksack befestigen. <br></p>
<p>Kompatibel für die regulären Snus Dosen mit einem Durchmesser von 7cm. Unsere <a href=""https://snushus.ch/products/3-teilige-alu-snus-dose"">Snus Dose aus Aluminium</a> passt leider nur sehr knapp in den Snus Halter und das Herausnehmen kann mühsam sein. </p>
<p>Die Oberfläche der Snus Halter wurde nicht mehr weiter bearbeitet, weshalb es zu Unreinheiten kommen kann. Diese kann man auf dem Bild des schwarzen Snus Halters gut erkennen. </p>
<p>Sämtliche Snus Halter sind mit dem Snushus Logo gebrandet.</p>",Snus Halter,Unisex,,,,,,,https://cdn.shopify.com/s/files/1/0072/0646/9679/products/1636898999921556_snus-holder-bordeaux-mit-dose.jpg,https://cdn.shopify.com/s/files/1/0072/0646/9679/products/snus-holder-bordeaux.png,https://cdn.shopify.com/s/files/1/0072/0646/9679/products/snus-holder-schwarz.png,https://cdn.shopify.com/s/files/1/0072/0646/9679/products/snus-holder-weiss.png,https://cdn.shopify.com/s/files/1/0072/0646/9679/products/snus-holder-gold.png,9.90,0.00,1,G,1,IN,3,3,3,,,,
,,ZU-9000-1,Unisex,Color,Bordeaux à CHF 9.90,,,,,,,,,,9.90,0.00,1,G,1,IN,3,3,3,,,snushus.ch,Snus Halter
,,ZU-9200-1,Unisex,Color,Gold à CHF 9.90,,,,,,,,,,9.90,0.00,1,G,1,IN,3,3,3,,,snushus.ch,Snus Halter
,,ZU-9300-1,Unisex,Color,Weiss à CHF 9.90,,,,,,,,,,9.90,0.00,1,G,1,IN,3,3,3,,,snushus.ch,Snus Halter
,,ZU-9100-1,Unisex,Color,Schwarz à CHF 9.90,,,,,,,,,,9.90,0.00,1,G,1,IN,3,3,3,,,snushus.ch,Snus Halter
,,ZU-9400-1,Unisex,Color,Silber à CHF 9.90,,,,,,,,,,9.90,0.00,1,G,1,IN,3,3,3,,,snushus.ch,Snus Halter
Snus Kissen,"Schon mal von einem riesigen Snus geträumt? Dann ist Dein Traum gerade wahr geworden! Ab sofort gibt es nämlich exklusiv bei uns das originelle Snus Kissen im White Portion Stil: Perfekt für die Dekoration der Couch oder zum Kuscheln im Bett. Es ist nicht nur cool anzusehen, sondern auch super weich und sehr bequem.<br data-mce-fragment=""1""><br data-mce-fragment=""1""><br data-mce-fragment=""1"">Das Kissen hat einen Reissverschluss auf der Rückseite (fast wie der echte Snus) so dass der Kissenbezug leicht gewaschen werden kann. Die Grösse ist 30 cm x 50 cm; mit anderen Worten, es ist schwer zu übersehen!<br data-mce-fragment=""1""><br data-mce-fragment=""1""><br data-mce-fragment=""1"">
<div style=""text-align: center;""><strong>Swiss Made - Qualitätsgarantie</strong></div>",Snus Kissen,Unisex,,,,,,,https://cdn.shopify.com/s/files/1/0072/0646/9679/products/snus_kissen_gedrehtovski.jpg,https://cdn.shopify.com/s/files/1/0072/0646/9679/products/snuskissenfastganzgradovski_e4093f8e-5852-4300-a95d-457639693784.png,https://cdn.shopify.com/s/files/1/0072/0646/9679/products/Snuskissen_e7c15df2-4379-4c71-948e-290320cd35f9.jpg,,,49.90,,1,G,1,IN,3,3,3,,,,
,,ZU-2000-1,Unisex,Title,Default Title,,,,,,,,,,49.90,,1,G,1,IN,3,3,3,,,snushus.ch,Snus Kissen
Kelly Collection Glitzerdose,"<p>Kelly Collection ist eine Kollektion von glitzernden Dosen von Kelly White, speziell für stilbewusste Frauen, die Nikotin konsumieren. Diese eleganten Dosen sind in den verführerischen Farbvarianten Silber (Sparkling Kelly), Schwarz (Nightlife Kelly), Gold (Golden Kelly) und Rosé (Rose Kelly) erhältlich. Die Glitzerdosen können einzeln oder zusammen mit unseren aromatisierten Nikotinbeuteln gekauft werden.</p>
<p>Jede Dose ist nicht nur ein modisches Accessoire, sondern auch wiederverwendbar und kann mit sämtlichen Snus Produkten deiner Wahl gefüllt werden.</p>
<!---->",Kelly Collection Glitzerdose,Unisex,,,,,,,https://cdn.shopify.com/s/files/1/0072/0646/9679/files/kelly_white_kelly_collection_sparkling_kelly_can.png,https://cdn.shopify.com/s/files/1/0072/0646/9679/files/kelly-white-kelly-collection-nightclub-kelly-can.png,https://cdn.shopify.com/s/files/1/0072/0646/9679/files/kelly-white-kelly-collection-golden-kelly-can.png,https://cdn.shopify.com/s/files/1/0072/0646/9679/files/kelly-white-kelly-collection-rose-kelly-can.png,,29.90,0.00,1,G,1,IN,3,3,3,,,,
,,ZU-KC01-1,Unisex,Color,Sparkling Kelly à CHF 29.90,,,,,,,,,,29.90,0.00,1,G,1,IN,3,3,3,,,Kelly White,Kelly Collection Glitzerdose
,,ZU-KC02-1,Unisex,Color,Nightclub Kelly à CHF 29.90,,,,,,,,,,29.90,0.00,1,G,1,IN,3,3,3,,,Kelly White,Kelly Collection Glitzerdose
,,ZU-KC03-1,Unisex,Color,Golden Kelly à CHF 29.90,,,,,,,,,,29.90,0.00,1,G,1,IN,3,3,3,,,Kelly White,Kelly Collection Glitzerdose
,,ZU-KC04-1,Unisex,Color,Rose Kelly à CHF 29.90,,,,,,,,,,29.90,0.00,1,G,1,IN,3,3,3,,,Kelly White,Kelly Collection Glitzerdose
Mini Cool Mint 9mg AW,"ZYN Mini Cool Mint ist treffend benannt - es liefert einen kühlenden Mentholgeschmack mit Noten von Pfefferminze. Die Beutel sind trocken und beginnen Geschmack und Nikotin zu liefern, sobald sie ein wenig feucht werden.",Mini Cool Mint 9mg AW,Unisex,,,,,,,https://cdn.shopify.com/s/files/1/0072/0646/9679/products/zyn-mini-cool-mint-9mg-aw.png,,,,,1.99,0.00,1,G,1,IN,3,3,3,,,,
,,ZY-1205-1,Unisex,Title,Default Title,,,,,,,,,,1.99,0.00,1,G,1,IN,3,3,3,,,ZYN,Mini Cool Mint 9mg AW
Mini Cool Mint 3mg AW,"ZYN Mini Cool Mint ist treffend benannt - es liefert einen kühlenden Mentholgeschmack mit Noten von Pfefferminze. Die Beutel sind trocken und beginnen Geschmack und Nikotin zu liefern, sobald sie ein wenig feucht werden.",Mini Cool Mint 3mg AW,Unisex,,,,,,,https://cdn.shopify.com/s/files/1/0072/0646/9679/products/zyn-mini-cool-mint-3mg-aw-new.png,,,,,1.99,0.00,1,G,1,IN,3,3,3,,,,
,,ZY-1005-1,Unisex,Title,Default Title,,,,,,,,,,1.99,0.00,1,G,1,IN,3,3,3,,,ZYN,Mini Cool Mint 3mg AW
Mini Citrus 6mg AW,"ZYN Mini Citrus hat einen köstlichen frischen Geschmack von sonnigen Zitrusfrüchten mit Noten von Orangen und Zitronengras. Die Beutel sind trocken und beginnen, Geschmack und Nikotin zu liefern, sobald sie ein wenig feucht werden.",Mini Citrus 6mg AW,Unisex,,,,,,,https://cdn.shopify.com/s/files/1/0072/0646/9679/products/zyn-mini-citrus-6mg-aw.png,,,,,1.99,0.00,1,G,1,IN,3,3,3,,,,
,,ZY-2105-1,Unisex,Title,Default Title,,,,,,,,,,1.99,0.00,1,G,1,IN,3,3,3,,,ZYN,Mini Citrus 6mg AW
Mini Cool Mint 6mg AW,"ZYN Mini Cool Mint ist treffend benannt - es liefert einen kühlenden Mentholgeschmack mit Noten von Pfefferminze. Die Beutel sind trocken und beginnen Geschmack und Nikotin zu liefern, sobald sie ein wenig feucht werden.",Mini Cool Mint 6mg AW,Unisex,,,,,,,https://cdn.shopify.com/s/files/1/0072/0646/9679/products/zyn-mini-cool-mint-6mg-aw.png,,,,,1.99,0.00,1,G,1,IN,3,3,3,,,,
,,ZY-1105-1,Unisex,Title,Default Title,,,,,,,,,,1.99,0.00,1,G,1,IN,3,3,3,,,ZYN,Mini Cool Mint 6mg AW
Mini Espressino 6mg AW,"ZYN Mini Espressino ist für diejenigen, die die Kombination von frisch geröstetem Kaffee lieben, aber auch den Geschmack von Schokolade, Nougat und Vanille mögen. Der Charakter ist leicht cremig und etwas dunkler als andere Geschmacksrichtungen.",Mini Espressino 6mg AW,Unisex,,,,,,,https://cdn.shopify.com/s/files/1/0072/0646/9679/products/zyn-mini-espressino-6mg-aw.png,,,,,1.99,0.00,1,G,1,IN,3,3,3,,,,
,,ZY-3105-1,Unisex,Title,Default Title,,,,,,,,,,1.99,0.00,1,G,1,IN,3,3,3,,,ZYN,Mini Espressino 6mg AW
Frosted-Berry AW,"<p>Erlebe mit ¡VALE! Frosted-Berry AW das ultimative Geschmacksabenteuer: Swiss Made, erfrischend fruchtig und belebend – mit einem schnellen Energie-Kick!</p>
<p><br>Der Frosted-Berry AW bietet ein einzigartiges Geschmackserlebnis durch seinen intensiv fruchtigen, reichhaltigen und köstlichen Beeren-Geschmack zum <br>erschwinglichen Preis.<br></p>",Frosted-Berry AW,Unisex,,,,,,,https://cdn.shopify.com/s/files/1/0072/0646/9679/files/vale-frosted-berry-aw.png,,,,,5.90,0.00,1,G,1,IN,3,3,3,,,,
,,VA-2010-1,Unisex,Title,Default Title,,,,,,,,,,5.90,0.00,1,G,1,IN,3,3,3,,,¡VALE!,Frosted-Berry AW
Freezing-Mint AW,"<p>Entdecke den unschlagbaren Genuss von ¡VALE! Freezing-Mint AW zum attraktiven Preis!</p>
<p>Der Freezing-Mint AW begeistert mit seiner erfrischenden Geschmacksexplosion. <br>Die Kombination von Minze und Menthol verleiht ihm einen ganz besonderen Charakter. Hergestellt nach anspruchsvollsten schweizerischen Verfahren, bietet dieser Snus <br>ein unvergleichliches Erlebnis.<br></p>",Freezing-Mint AW,Unisex,,,,,,,https://cdn.shopify.com/s/files/1/0072/0646/9679/files/vale-freezing-mint-aw.png,,,,,5.90,0.00,1,G,1,IN,3,3,3,,,,
,,VA-1010-1,Unisex,Title,Default Title,,,,,,,,,,5.90,0.00,1,G,1,IN,3,3,3,,,¡VALE!,Freezing-Mint AW
Iced-Mint Tobacco WDP,"<p>Bist Du bereit für die langanhaltende, entspannende Wirkung von ¡VALE! Iced Mint Tobacco WDP - einem White Dry Portion Snus mit hervorragender Qualität<br>zum attraktiven Preis.</p>
<p>Der ¡VALE! Iced-Mint Tobacco vereint Menthol, Minze und Tabakgeschmack zu einem vollmundigen und einzigartigen Erlebnis mit seinen 45mg/g Nikotin.<br>Erlebe die erfrischende Kühle der Minze in Kombination mit dem natürlichen Tabakgeschmack.</p>",Iced-Mint Tobacco WDP,Unisex,,,,,,,https://cdn.shopify.com/s/files/1/0072/0646/9679/files/vale-iced-mint-tobacco-strong-wdp.png,,,,,5.90,0.00,1,G,1,IN,3,3,3,,,,
,,VA-3000-1,Unisex,Title,Default Title,,,,,,,,,,5.90,0.00,1,G,1,IN,3,3,3,,,¡VALE!,Iced-Mint Tobacco WDP
