Name,Description,SKU,Gender, Attribute 1,Attribute 1 Value, Attribute 2,Attribute 2 Value, Attribute 3,Attribute 3 Value,Base Image 1 ,Base Image 2,Base Image 3,Base Image 4,Base Image 5,Base Price(USD),Sale Price(USD),Quantity,Unit of Weight,Weight,Unit of Dimensions,Height,Width,Length,SEO Title,SEO Description,Vendor,Parent SKU
Freeze X-Strong AW,"<p>Dürfen wir vorstellen: VELO Freeze X-Strong. Hier werden prickelnde Pfefferminze und eiskaltes Menthol zu einem intensiven Geschmackserlebnis. Im SLIM Format &amp; mittlerer Nikotinintensität.</p>
<p><span>EPOK, LYFT oder VELO? </span><span>Weitere Informationen dazu findest Du in </span><a href=""https://snushus.ch/blogs/snusbuch/was-ist-all-white-snus"" target=""_blank"">unserem Blog</a><span>.</span></p>",Freeze X-Strong AW,Unisex,,,,,,,https://cdn.shopify.com/s/files/1/0072/0646/9679/products/velo-freeze-x-strong-aw_a5a6c1fa-c069-4a16-b82d-80fe227b95c2.png,,,,,8.50,0.00,1,G,34800,IN,3,3,3,,,,
,,VL-4105-1,Unisex,Title,Default Title,,,,,,,,,,8.50,0.00,1,G,34800,IN,3,3,3,,,VELO (CH),Freeze X-Strong AW
Ice Cool Strong AW,"<p>Probiere VELO Ice Cool und erlebe den Geschmack von prickelnder Pfefferminze in Kombination mit dem süssen Aroma von Polei-Minze.</p>
<p><span>EPOK, LYFT oder VELO? </span><span>Weitere Informationen dazu findest Du in </span><a href=""https://snushus.ch/blogs/snusbuch/was-ist-all-white-snus"" target=""_blank"">unserem Blog</a><span>.</span></p>",Ice Cool Strong AW,Unisex,,,,,,,https://cdn.shopify.com/s/files/1/0072/0646/9679/products/velo-ice-cool-strong-aw.png,,,,,8.50,0.00,1,G,34800,IN,3,3,3,,,,
,,VL-3605-1,Unisex,Title,Default Title,,,,,,,,,,8.50,0.00,1,G,34800,IN,3,3,3,,,VELO (CH),Ice Cool Strong AW
Mint AW,"<p>Nimm dir einen Moment Zeit und geniesse die erfrischende Kombination aus süsser Minze und kühlem Menthol. Im SLIM Format &amp; leichter Nikotinintensität.</p>
<p><span>EPOK, LYFT oder VELO? </span><span>Weitere Informationen dazu findest Du in </span><a href=""https://snushus.ch/blogs/snusbuch/was-ist-all-white-snus"" target=""_blank"">unserem Blog</a><span>.</span></p>",Mint AW,Unisex,,,,,,,https://cdn.shopify.com/s/files/1/0072/0646/9679/products/velo-mint-aw.png,,,,,8.50,0.00,1,G,34800,IN,3,3,3,,,,
,,VL-3705-1,Unisex,Title,Default Title,,,,,,,,,,8.50,0.00,1,G,34800,IN,3,3,3,,,VELO (CH),Mint AW
Berry Frost X-Strong AW,"<p>VELO Berryfrost lässt Sommer und Winter aufeinandertreffen: Hier verschmilzt der Geschmack von saftigen Himbeeren, Blaubeeren und Brombeeren mit frischer Minze und eiskaltem Menthol. Im SLIM Format &amp; mittlerer Nikotinintensität.</p>
<p><span>EPOK, LYFT oder VELO? </span><span>Weitere Informationen dazu findest Du in </span><a href=""https://snushus.ch/blogs/snusbuch/was-ist-all-white-snus"" target=""_blank"">unserem Blog</a><span>.</span></p>",Berry Frost X-Strong AW,Unisex,,,,,,,https://cdn.shopify.com/s/files/1/0072/0646/9679/products/velo-berry-frost-x-strong-aw_66b72f9b-cb39-4be7-b93e-87ce1eb0121e.png,,,,,8.50,0.00,1,G,34800,IN,3,3,3,,,,
,,VL-4205-1,Unisex,Title,Default Title,,,,,,,,,,8.50,0.00,1,G,34800,IN,3,3,3,,,VELO (CH),Berry Frost X-Strong AW
X-Freeze Max AW,"<p>Dürfen wir vorstellen: VELO's stärkster Flavour X-Freeze Max. Hier werden prickelnde Pfefferminze und eiskaltes Menthol zu einem extrastarken Geschmackserlebnis.</p>
<p><span>EPOK, LYFT oder VELO? </span><span>Weitere Informationen dazu findest Du in </span><a href=""https://snushus.ch/blogs/snusbuch/was-ist-all-white-snus"" target=""_blank"">unserem Blog</a><span>.</span></p>",X-Freeze Max AW,Unisex,,,,,,,https://cdn.shopify.com/s/files/1/0072/0646/9679/products/velo-x-freeze-max-aw.png,,,,,8.50,0.00,1,G,41600,IN,3,3,3,,,,
,,VL-6105-1,Unisex,Title,Default Title,,,,,,,,,,8.50,0.00,1,G,41600,IN,3,3,3,,,VELO (CH),X-Freeze Max AW
Polar Mint Easy Mini AW,"<p>Nimm dir einen Moment Zeit und geniesse die erfrischende Kombination aus süsser Minze und kühlem Menthol. Im MINI Format &amp; mit der leichtesten Nikotinintensität.</p>
<p><span>EPOK, LYFT oder VELO? </span><span>Weitere Informationen dazu findest Du in </span><a href=""https://snushus.ch/blogs/snusbuch/was-ist-all-white-snus"" target=""_blank"">unserem Blog</a><span>.</span></p>",Polar Mint Easy Mini AW,Unisex,,,,,,,https://cdn.shopify.com/s/files/1/0072/0646/9679/products/velo-polar-mint-mini-aw.png,,,,,6.90,0.00,1,G,20000,IN,3,3,3,,,,
,,VL-1305-1,Unisex,Title,Default Title,,,,,,,,,,6.90,0.00,1,G,20000,IN,3,3,3,,,VELO (CH),Polar Mint Easy Mini AW
Mint Strong Mini AW,"<p>Nimm dir einen Moment Zeit und geniesse die erfrischende Kombination aus süsser Minze und kühlem Menthol. In MINI Format &amp; mittlerer Nikotinintensität.</p>
<p><span>EPOK, LYFT oder VELO? </span><span>Weitere Informationen dazu findest Du in </span><a href=""https://snushus.ch/blogs/snusbuch/was-ist-all-white-snus"" target=""_blank"">unserem Blog</a><span>.</span></p>",Mint Strong Mini AW,Unisex,,,,,,,https://cdn.shopify.com/s/files/1/0072/0646/9679/products/velo-mint-strong-mini-aw.png,,,,,6.90,0.00,1,G,20000,IN,3,3,3,,,,
,,VL-2705-1,Unisex,Title,Default Title,,,,,,,,,,6.90,0.00,1,G,20000,IN,3,3,3,,,VELO (CH),Mint Strong Mini AW
Kräuter Mix X-Strong AW,"<p>Ein frischer Mix aus Kräutern kombiniert zu einem unglaublichen Geschmackserlebnis, inspiriert von den Schweizer Alpen. Im Slim-Format &amp; mittlerer Nikotinintensität.</p>
<p><span>EPOK, LYFT oder VELO? </span><span>Weitere Informationen dazu findest Du in </span><a href=""https://snushus.ch/blogs/snusbuch/was-ist-all-white-snus"" target=""_blank"">unserem Blog</a><span>.</span></p>",Kräuter Mix X-Strong AW,Unisex,,,,,,,https://cdn.shopify.com/s/files/1/0072/0646/9679/products/velo-kraeuter-mix-x-strong-aw.png,,,,,8.50,0.00,1,G,34800,IN,3,3,3,,,,
,,VL-4115-1,Unisex,Title,Default Title,,,,,,,,,,8.50,0.00,1,G,34800,IN,3,3,3,,,VELO (CH),Kräuter Mix X-Strong AW
Hugo X-Strong AW,"<p>Der perfekte Mix aus reichhaltiger Holunderblüte und erfrischender Minze. Im Slim-Format &amp; mittlerer Nikotinintensität.</p>
<p><span>EPOK, LYFT oder VELO? </span><span>Weitere Informationen dazu findest Du in </span><a href=""https://snushus.ch/blogs/snusbuch/was-ist-all-white-snus"" target=""_blank"">unserem Blog</a><span>.</span></p>",Hugo X-Strong AW,Unisex,,,,,,,https://cdn.shopify.com/s/files/1/0072/0646/9679/products/velo-hugo-x-strong-aw.png,,,,,8.50,0.00,1,G,34800,IN,3,3,3,,,,
,,VL-4905-1,Unisex,Title,Default Title,,,,,,,,,,8.50,0.00,1,G,34800,IN,3,3,3,,,VELO (CH),Hugo X-Strong AW
Kräuter Mix Mini AW,"<p>Ein frischer Mix aus Kräutern kombiniert zu einem unglaublichen Geschmackserlebnis, inspiriert von den Schweizer Alpen. Im Mini-Format &amp; leichter Nikotinintesität.</p>
<p><span>EPOK, LYFT oder VELO? </span><span>Weitere Informationen dazu findest Du in </span><a href=""https://snushus.ch/blogs/snusbuch/was-ist-all-white-snus"" target=""_blank"">unserem Blog</a><span>.</span></p>",Kräuter Mix Mini AW,Unisex,,,,,,,https://cdn.shopify.com/s/files/1/0072/0646/9679/products/velo-kraeuter-mix-mini-aw.png,,,,,6.90,0.00,1,G,20000,IN,3,3,3,,,,
,,VL-1115-1,Unisex,Title,Default Title,,,,,,,,,,6.90,0.00,1,G,20000,IN,3,3,3,,,VELO (CH),Kräuter Mix Mini AW
Berry Frost Mini AW,"<p>VELO Berryfrost lässt Sommer und Winter aufeinandertreffen: Hier verschmilzt der Geschmack von saftigen Himbeeren, Blaubeeren und Brombeeren mit frischer Minze und eiskaltem Menthol. Im MINI Format &amp; leichter Nikotinintensität.</p>
<p> </p>
<p><span>EPOK, LYFT oder VELO? </span><span>Weitere Informationen dazu findest Du in </span><a href=""https://snushus.ch/blogs/snusbuch/was-ist-all-white-snus"" target=""_blank"">unserem Blog</a><span>.</span></p>",Berry Frost Mini AW,Unisex,,,,,,,https://cdn.shopify.com/s/files/1/0072/0646/9679/products/velo-mini-berry-frost-medium-aw.png,,,,,6.90,0.00,1,G,20000,IN,3,3,3,,,,
,,VL-1205-1,Unisex,Title,Default Title,,,,,,,,,,6.90,0.00,1,G,20000,IN,3,3,3,,,VELO (CH),Berry Frost Mini AW
Hugo Mini AW,"<p>Der perfekte Mix aus reichhaltiger Holunderblüte und erfrischender Minze. Im Mini-Format &amp; leichter Nikotinintesität.</p>
<p><span>EPOK, LYFT oder VELO? </span><span>Weitere Informationen dazu findest Du in </span><a href=""https://snushus.ch/blogs/snusbuch/was-ist-all-white-snus"" target=""_blank"">unserem Blog</a><span>.</span></p>",Hugo Mini AW,Unisex,,,,,,,https://cdn.shopify.com/s/files/1/0072/0646/9679/products/velo-hugo-mini-aw.png,,,,,6.90,0.00,1,G,20000,IN,3,3,3,,,,
,,VL-1905-1,Unisex,Title,Default Title,,,,,,,,,,6.90,0.00,1,G,20000,IN,3,3,3,,,VELO (CH),Hugo Mini AW
Mint Mini AW,"<p>Nimm dir einen Moment Zeit und geniesse die erfrischende Kombination aus süsser Minze und kühlem Menthol. Im MINI Format &amp; leichter Nikotinintensität.</p>
<p><span>EPOK, LYFT oder VELO? </span><span>Weitere Informationen dazu findest Du in </span><a href=""https://snushus.ch/blogs/snusbuch/was-ist-all-white-snus"" target=""_blank"">unserem Blog</a><span>.</span></p>",Mint Mini AW,Unisex,,,,,,,https://cdn.shopify.com/s/files/1/0072/0646/9679/products/velo-mint-mini-aw.png,,,,,6.90,0.00,1,G,20000,IN,3,3,3,,,,
,,VL-1705-1,Unisex,Title,Default Title,,,,,,,,,,6.90,0.00,1,G,20000,IN,3,3,3,,,VELO (CH),Mint Mini AW
Hugo X-Strong AW,"<p>Der perfekte Mix aus reichhaltiger Holunderblüte und erfrischender Minze. Im Slim-Format &amp; mittlerer Nikotinintensität.</p>
<p><span>EPOK, LYFT oder VELO? </span><span>Weitere Informationen dazu findest Du in </span><a href=""https://snushus.ch/blogs/snusbuch/was-ist-all-white-snus"" target=""_blank"">unserem Blog</a><span>.</span></p>",Hugo X-Strong AW,Unisex,,,,,,,https://cdn.shopify.com/s/files/1/0072/0646/9679/products/velo-hugo-x-strong-aw.png,,,,,8.50,0.00,1,G,34800,IN,3,3,3,,,,
,,VL-4905-1,Unisex,Title,Default Title,,,,,,,,,,8.50,0.00,1,G,34800,IN,3,3,3,,,VELO (CH),Hugo X-Strong AW
Berry Frost X-Strong AW,"<p>VELO Berryfrost lässt Sommer und Winter aufeinandertreffen: Hier verschmilzt der Geschmack von saftigen Himbeeren, Blaubeeren und Brombeeren mit frischer Minze und eiskaltem Menthol. Im SLIM Format &amp; mittlerer Nikotinintensität.</p>
<p><span>EPOK, LYFT oder VELO? </span><span>Weitere Informationen dazu findest Du in </span><a href=""https://snushus.ch/blogs/snusbuch/was-ist-all-white-snus"" target=""_blank"">unserem Blog</a><span>.</span></p>",Berry Frost X-Strong AW,Unisex,,,,,,,https://cdn.shopify.com/s/files/1/0072/0646/9679/products/velo-berry-frost-x-strong-aw_66b72f9b-cb39-4be7-b93e-87ce1eb0121e.png,,,,,8.50,0.00,1,G,34800,IN,3,3,3,,,,
,,VL-4205-1,Unisex,Title,Default Title,,,,,,,,,,8.50,0.00,1,G,34800,IN,3,3,3,,,VELO (CH),Berry Frost X-Strong AW
Mint Strong Mini AW,"<p>Nimm dir einen Moment Zeit und geniesse die erfrischende Kombination aus süsser Minze und kühlem Menthol. In MINI Format &amp; mittlerer Nikotinintensität.</p>
<p><span>EPOK, LYFT oder VELO? </span><span>Weitere Informationen dazu findest Du in </span><a href=""https://snushus.ch/blogs/snusbuch/was-ist-all-white-snus"" target=""_blank"">unserem Blog</a><span>.</span></p>",Mint Strong Mini AW,Unisex,,,,,,,https://cdn.shopify.com/s/files/1/0072/0646/9679/products/velo-mint-strong-mini-aw.png,,,,,6.90,0.00,1,G,20000,IN,3,3,3,,,,
,,VL-2705-1,Unisex,Title,Default Title,,,,,,,,,,6.90,0.00,1,G,20000,IN,3,3,3,,,VELO (CH),Mint Strong Mini AW
Amaretto (Limited Edition) AW,"Süss, intensiv und leicht bitter. Inspiriert vom Amaretto-Likör, kombiniert diese Edition den nussigen Geschmack von Mandeln mit subtilen Kirschnuancen.<br data-mce-fragment=""1"">Im Slim-Format &amp; mittlerer Nikotinintensität.<br data-mce-fragment=""1"">",Amaretto (Limited Edition) AW,Unisex,,,,,,,https://cdn.shopify.com/s/files/1/0072/0646/9679/products/velo-labs-amaretto-limited-edition-aw.jpg,,,,,9.50,0.00,1,G,1,IN,3,3,3,,,,
,,VL-L002-1,Unisex,Title,Default Title,,,,,,,,,,9.50,0.00,1,G,1,IN,3,3,3,,,VELO LABS,Amaretto (Limited Edition) AW
Kräuter Mix Mini AW,"<p>Ein frischer Mix aus Kräutern kombiniert zu einem unglaublichen Geschmackserlebnis, inspiriert von den Schweizer Alpen. Im Mini-Format &amp; leichter Nikotinintesität.</p>
<p><span>EPOK, LYFT oder VELO? </span><span>Weitere Informationen dazu findest Du in </span><a href=""https://snushus.ch/blogs/snusbuch/was-ist-all-white-snus"" target=""_blank"">unserem Blog</a><span>.</span></p>",Kräuter Mix Mini AW,Unisex,,,,,,,https://cdn.shopify.com/s/files/1/0072/0646/9679/products/velo-kraeuter-mix-mini-aw.png,,,,,6.90,0.00,1,G,20000,IN,3,3,3,,,,
,,VL-1115-1,Unisex,Title,Default Title,,,,,,,,,,6.90,0.00,1,G,20000,IN,3,3,3,,,VELO (CH),Kräuter Mix Mini AW
Mint Mini AW,"<p>Nimm dir einen Moment Zeit und geniesse die erfrischende Kombination aus süsser Minze und kühlem Menthol. Im MINI Format &amp; leichter Nikotinintensität.</p>
<p><span>EPOK, LYFT oder VELO? </span><span>Weitere Informationen dazu findest Du in </span><a href=""https://snushus.ch/blogs/snusbuch/was-ist-all-white-snus"" target=""_blank"">unserem Blog</a><span>.</span></p>",Mint Mini AW,Unisex,,,,,,,https://cdn.shopify.com/s/files/1/0072/0646/9679/products/velo-mint-mini-aw.png,,,,,6.90,0.00,1,G,20000,IN,3,3,3,,,,
,,VL-1705-1,Unisex,Title,Default Title,,,,,,,,,,6.90,0.00,1,G,20000,IN,3,3,3,,,VELO (CH),Mint Mini AW
Mint AW,"<p>Nimm dir einen Moment Zeit und geniesse die erfrischende Kombination aus süsser Minze und kühlem Menthol. Im SLIM Format &amp; leichter Nikotinintensität.</p>
<p><span>EPOK, LYFT oder VELO? </span><span>Weitere Informationen dazu findest Du in </span><a href=""https://snushus.ch/blogs/snusbuch/was-ist-all-white-snus"" target=""_blank"">unserem Blog</a><span>.</span></p>",Mint AW,Unisex,,,,,,,https://cdn.shopify.com/s/files/1/0072/0646/9679/products/velo-mint-aw.png,,,,,8.50,0.00,1,G,34800,IN,3,3,3,,,,
,,VL-3705-1,Unisex,Title,Default Title,,,,,,,,,,8.50,0.00,1,G,34800,IN,3,3,3,,,VELO (CH),Mint AW
Apple Blossom (Limited Edition) AW,"Lebhaft, sauer und ausgewogen. Inspiriert von der Apfelblüte, verbindet diese Edition den süssen Geschmack des Apfels mit einem Hauch von frischen Noten, die an ein Cider erinnern. Im Slim-Format und mit mittlerer Nikotinstärke.<br data-mce-fragment=""1"">",Apple Blossom (Limited Edition) AW,Unisex,,,,,,,https://cdn.shopify.com/s/files/1/0072/0646/9679/products/velo-labs-apple-blossom-limited-edition-aw.jpg,,,,,9.50,0.00,1,G,1,IN,3,3,3,,,,
,,VL-L001-1,Unisex,Title,Default Title,,,,,,,,,,9.50,0.00,1,G,1,IN,3,3,3,,,VELO LABS,Apple Blossom (Limited Edition) AW
Gin & Tonic (Limited Edition) AW,"Leicht, hell und spritzig. Inspiriert vom klassischen Gin und Tonic, kombiniert dieser Geschmack lebendige Wacholder- und Zitrusaromen mit bittersüßen Tonic-Tönen.<br data-mce-fragment=""1"">Im Slim-Format &amp; mittlerer Nikotinintensität.<br data-mce-fragment=""1"">",Gin & Tonic (Limited Edition) AW,Unisex,,,,,,,https://cdn.shopify.com/s/files/1/0072/0646/9679/products/velo-labs-gin-tonic-limited-edition-aw.jpg,,,,,9.50,0.00,1,G,1,IN,3,3,3,,,,
,,VL-L003-1,Unisex,Title,Default Title,,,,,,,,,,9.50,0.00,1,G,1,IN,3,3,3,,,VELO LABS,Gin & Tonic (Limited Edition) AW
Freeze X-Strong AW,"<p>Auf aromatisierter Zellulosebasis und völlig frei von Tabak kommen auch die<span> VELO </span>Beutel im Slim Format. Ohne Tabak bedeutet ohne gewöhnungsbedürftigen Tabakgeruch sowie ohne jegliche Tabakschadstoffe - aktuell gibt es weltweit keine weniger schädliche Art, Nikotin zu konsumieren. All White Snus / Nicotine Pouches bietet sich deshalb vor allem Rauchern an, welche mit Rauchentwöhnung wie Nikotinpflaster, Nikotinkaugummi oder Nikotinspray nichts anfangen können.</p>
<div class=""info"">
<div class=""info"">
<div class=""item flex"">
<div class=""title"">
<p>Der VELO Freeze X-Strong kommt mit kühlendem Minzgeschmack und hohem Nikotingehalt.</p>
<p> </p>
<p>EPOK, LYFT oder VELO? <a href=""https://snushus.ch/blogs/snusbuch/epok-und-lyft-werden-ersetzt-mit-velo"">Hier findest Du alle Informationen zu diesem Thema!</a></p>
</div>
</div>
</div>
</div>",Freeze X-Strong AW,Unisex,,,,,,,https://cdn.shopify.com/s/files/1/0072/0646/9679/products/velo-freeze-x-strong-aw-se.png,,,,,5.20,,1,G,14,IN,3,3,3,,,,
,,VE-1005-1,Unisex,Title,Default Title,,,,,,,,,,5.20,,1,G,14,IN,3,3,3,,,VELO (SE),Freeze X-Strong AW
Hugo Mini AW,"<p>Der perfekte Mix aus reichhaltiger Holunderblüte und erfrischender Minze. Im Mini-Format &amp; leichter Nikotinintesität.</p>
<p><span>EPOK, LYFT oder VELO? </span><span>Weitere Informationen dazu findest Du in </span><a href=""https://snushus.ch/blogs/snusbuch/was-ist-all-white-snus"" target=""_blank"">unserem Blog</a><span>.</span></p>",Hugo Mini AW,Unisex,,,,,,,https://cdn.shopify.com/s/files/1/0072/0646/9679/products/velo-hugo-mini-aw.png,,,,,6.90,0.00,1,G,20000,IN,3,3,3,,,,
,,VL-1905-1,Unisex,Title,Default Title,,,,,,,,,,6.90,0.00,1,G,20000,IN,3,3,3,,,VELO (CH),Hugo Mini AW
X-Freeze Max AW,"<p>Dürfen wir vorstellen: VELO's stärkster Flavour X-Freeze Max. Hier werden prickelnde Pfefferminze und eiskaltes Menthol zu einem extrastarken Geschmackserlebnis.</p>
<p><span>EPOK, LYFT oder VELO? </span><span>Weitere Informationen dazu findest Du in </span><a href=""https://snushus.ch/blogs/snusbuch/was-ist-all-white-snus"" target=""_blank"">unserem Blog</a><span>.</span></p>",X-Freeze Max AW,Unisex,,,,,,,https://cdn.shopify.com/s/files/1/0072/0646/9679/products/velo-x-freeze-max-aw.png,,,,,8.50,0.00,1,G,41600,IN,3,3,3,,,,
,,VL-6105-1,Unisex,Title,Default Title,,,,,,,,,,8.50,0.00,1,G,41600,IN,3,3,3,,,VELO (CH),X-Freeze Max AW
Ice Cool Strong AW,"<p>Auf aromatisierter Zellulosebasis und völlig frei von Tabak kommen auch die<span> VELO</span> Beutel im Slim Format. Ohne Tabak bedeutet ohne gewöhnungsbedürftigen Tabakgeruch sowie ohne jegliche Tabakschadstoffe - aktuell gibt es weltweit keine weniger schädliche Art, Nikotin zu konsumieren. All White Snus / Nicotine Pouches bietet sich deshalb vor allem Rauchern an, welche mit Rauchentwöhnung wie Nikotinpflaster, Nikotinkaugummi oder Nikotinspray nichts anfangen können.<br></p>
<div class=""info"">
<div class=""info"">
<div class=""item flex"">
<div class=""title"">
<p>Der VELO Ice Cool Strong bietet mit intensivem Minzgeschmack eine kühlende Wirkung und mit 14 mg/g einen etwas höheren Nikotingehalt.</p>
<p><span>EPOK, LYFT oder VELO? </span><a href=""https://snushus.ch/blogs/snusbuch/epok-und-lyft-werden-ersetzt-mit-velo"">Hier findest Du alle Informationen zu diesem Thema!</a></p>
</div>
</div>
</div>
</div>",Ice Cool Strong AW,Unisex,,,,,,,https://cdn.shopify.com/s/files/1/0072/0646/9679/products/velo-ice-cool-strong-aw-se.png,,,,,5.20,,1,G,14,IN,3,3,3,,,,
,,VE-6005-1,Unisex,Title,Default Title,,,,,,,,,,5.20,,1,G,14,IN,3,3,3,,,VELO (SE),Ice Cool Strong AW
Mint AW,"<p>Auf aromatisierter Zellulosebasis und völlig frei von Tabak kommen auch die LYFT Beutel im Slim Format. Ohne Tabak bedeutet ohne gewöhnungsbedürftigen Tabakgeruch sowie ohne jegliche Tabakschadstoffe - aktuell gibt es weltweit keine weniger schädliche Art, Nikotin zu konsumieren. All White Snus / Nicotine Pouches bietet sich deshalb vor allem Rauchern an, welche mit Rauchentwöhnung wie Nikotinpflaster, Nikotinkaugummi oder Nikotinspray nichts anfangen können.<br></p>
<div class=""info"">
<div class=""info"">
<div class=""item flex"">
<div class=""title"">
<p>Der Lyft Mint kommt mit kühlendem Minzgeschmack und gemässigtem Nikotingehalt.</p>
<p><span>EPOK, LYFT oder VELO? </span><a href=""https://snushus.ch/blogs/snusbuch/epok-und-lyft-werden-ersetzt-mit-velo"">Hier findest Du alle Informationen zu diesem Thema!</a></p>
</div>
</div>
</div>
</div>",Mint AW,Unisex,,,,,,,https://cdn.shopify.com/s/files/1/0072/0646/9679/products/velo-mint-aw-se.png,,,,,5.20,,1,G,14,IN,3,3,3,,,,
,,VE-7005-1,Unisex,Title,Default Title,,,,,,,,,,5.20,,1,G,14,IN,3,3,3,,,VELO (SE),Mint AW
Berry Frost Mini AW,"<p>VELO Berryfrost lässt Sommer und Winter aufeinandertreffen: Hier verschmilzt der Geschmack von saftigen Himbeeren, Blaubeeren und Brombeeren mit frischer Minze und eiskaltem Menthol. Im MINI Format &amp; leichter Nikotinintensität.</p>
<p> </p>
<p><span>EPOK, LYFT oder VELO? </span><span>Weitere Informationen dazu findest Du in </span><a href=""https://snushus.ch/blogs/snusbuch/was-ist-all-white-snus"" target=""_blank"">unserem Blog</a><span>.</span></p>",Berry Frost Mini AW,Unisex,,,,,,,https://cdn.shopify.com/s/files/1/0072/0646/9679/products/velo-mini-berry-frost-medium-aw.png,,,,,6.90,0.00,1,G,20000,IN,3,3,3,,,,
,,VL-1205-1,Unisex,Title,Default Title,,,,,,,,,,6.90,0.00,1,G,20000,IN,3,3,3,,,VELO (CH),Berry Frost Mini AW
Kräuter Mix X-Strong AW,"<p>Ein frischer Mix aus Kräutern kombiniert zu einem unglaublichen Geschmackserlebnis, inspiriert von den Schweizer Alpen. Im Slim-Format &amp; mittlerer Nikotinintensität.</p>
<p><span>EPOK, LYFT oder VELO? </span><span>Weitere Informationen dazu findest Du in </span><a href=""https://snushus.ch/blogs/snusbuch/was-ist-all-white-snus"" target=""_blank"">unserem Blog</a><span>.</span></p>",Kräuter Mix X-Strong AW,Unisex,,,,,,,https://cdn.shopify.com/s/files/1/0072/0646/9679/products/velo-kraeuter-mix-x-strong-aw.png,,,,,8.50,0.00,1,G,34800,IN,3,3,3,,,,
,,VL-4115-1,Unisex,Title,Default Title,,,,,,,,,,8.50,0.00,1,G,34800,IN,3,3,3,,,VELO (CH),Kräuter Mix X-Strong AW
Freeze X-Strong AW,"<p>Dürfen wir vorstellen: VELO Freeze X-Strong. Hier werden prickelnde Pfefferminze und eiskaltes Menthol zu einem intensiven Geschmackserlebnis. Im SLIM Format &amp; mittlerer Nikotinintensität.</p>
<p><span>EPOK, LYFT oder VELO? </span><span>Weitere Informationen dazu findest Du in </span><a href=""https://snushus.ch/blogs/snusbuch/was-ist-all-white-snus"" target=""_blank"">unserem Blog</a><span>.</span></p>",Freeze X-Strong AW,Unisex,,,,,,,https://cdn.shopify.com/s/files/1/0072/0646/9679/products/velo-freeze-x-strong-aw_a5a6c1fa-c069-4a16-b82d-80fe227b95c2.png,,,,,8.50,0.00,1,G,34800,IN,3,3,3,,,,
,,VL-4105-1,Unisex,Title,Default Title,,,,,,,,,,8.50,0.00,1,G,34800,IN,3,3,3,,,VELO (CH),Freeze X-Strong AW
Polar Mint Easy Mini AW,"<p>Nimm dir einen Moment Zeit und geniesse die erfrischende Kombination aus süsser Minze und kühlem Menthol. Im MINI Format &amp; mit der leichtesten Nikotinintensität.</p>
<p><span>EPOK, LYFT oder VELO? </span><span>Weitere Informationen dazu findest Du in </span><a href=""https://snushus.ch/blogs/snusbuch/was-ist-all-white-snus"" target=""_blank"">unserem Blog</a><span>.</span></p>",Polar Mint Easy Mini AW,Unisex,,,,,,,https://cdn.shopify.com/s/files/1/0072/0646/9679/products/velo-polar-mint-mini-aw.png,,,,,6.90,0.00,1,G,20000,IN,3,3,3,,,,
,,VL-1305-1,Unisex,Title,Default Title,,,,,,,,,,6.90,0.00,1,G,20000,IN,3,3,3,,,VELO (CH),Polar Mint Easy Mini AW
Berry Frost X-Strong AW,"<p>Kühlender Geschmack von süssen Himbeeren, Heidelbeeren und Brombeeren mit leicht würzigen Tönen.</p>
<p>EPOK, LYFT oder VELO?! <br>Weitere Informationen dazu findest Du in <a href=""https://snushus.ch/blogs/snusbuch/was-ist-all-white-snus"" target=""_blank"" rel=""noopener noreferrer"">unserem Blog</a>.</p>",Berry Frost X-Strong AW,Unisex,,,,,,,https://cdn.shopify.com/s/files/1/0072/0646/9679/products/velo-berry-frost-x-strong-aw.png,,,,,6.90,,1,G,14,IN,3,3,3,,,,
,,VE-4205-1,Unisex,Title,Default Title,,,,,,,,,,6.90,,1,G,14,IN,3,3,3,,,VELO (SK),Berry Frost X-Strong AW
Ice Cool Strong AW,"<p>Probiere VELO Ice Cool und erlebe den Geschmack von prickelnder Pfefferminze in Kombination mit dem süssen Aroma von Polei-Minze.</p>
<p><span>EPOK, LYFT oder VELO? </span><span>Weitere Informationen dazu findest Du in </span><a href=""https://snushus.ch/blogs/snusbuch/was-ist-all-white-snus"" target=""_blank"">unserem Blog</a><span>.</span></p>",Ice Cool Strong AW,Unisex,,,,,,,https://cdn.shopify.com/s/files/1/0072/0646/9679/products/velo-ice-cool-strong-aw.png,,,,,8.50,0.00,1,G,34800,IN,3,3,3,,,,
,,VL-3605-1,Unisex,Title,Default Title,,,,,,,,,,8.50,0.00,1,G,34800,IN,3,3,3,,,VELO (CH),Ice Cool Strong AW
MELON,"<p>Falls du zur Abwechslung gerne was neues probieren möchtest, verzaubert der edel MELON deine Sinne. Neben dem Nikotinkick von 15mg/g vitalisiert er mit seinem einzigartigen Aroma den Mund und Körper. Kaugummis waren gestern!</p>
<p><a href=""https://snushus.ch/collections/edel-weiss-snus"" title=""edelweiss All White Snus im Snushus kaufen! Schweizer Qualität, direkt aus der Schweiz versendet."">Hier findest Du sämtliche Varianten der edelweiss Linie</a></p>",MELON,Unisex,,,,,,,https://cdn.shopify.com/s/files/1/0072/0646/9679/products/edel-melon-all-white.png,,,,,6.90,,1,G,14,IN,3,3,3,,,,
,,ED-3010-1,Unisex,Title,Default Title,,,,,,,,,,6.90,,1,G,14,IN,3,3,3,,,Edel,MELON
COLD,"<p>Der edel COLD ist das bisher stärkste All White Produkt auf dem Schweizer Markt. Diese einzigartige Minz-Menthol Mischung mit Frischebooster und 20 mg/g Nikotin wurde explizit für die Vorlieben der heimischen Konsumenten entwickelt. Mit der Kraft vom COLD kann kommen was wolle - immer und überall.</p>
<p><a title=""edelweiss All White Snus im Snushus kaufen! Schweizer Qualität, direkt aus der Schweiz versendet."" href=""https://snushus.ch/collections/edel-weiss-snus"">Hier findest Du sämtliche Varianten der edelweiss Linie</a><br></p>",COLD,Unisex,,,,,,,https://cdn.shopify.com/s/files/1/0072/0646/9679/products/edel-cold-all-white.png,,,,,6.90,,1,G,14,IN,3,3,3,,,,
,,ED-1010-1,Unisex,Title,Default Title,,,,,,,,,,6.90,,1,G,14,IN,3,3,3,,,Edel,COLD
CITRUS,"<p>Diese Zitrusmischung wird dich begeistern! Suchst du nach einer neuen, erfrischender Art deinen Nikotinkick zu geniessen? Mit 15mg/g wirst du nicht mehr zur Zigarette greifen müssen. Alle edel Beutel kommen im Slim Format und passen auch den Ladies unter die Lippe.</p>
<p><a href=""https://snushus.ch/collections/edel-weiss-snus"" title=""edelweiss All White Snus im Snushus kaufen! Schweizer Qualität, direkt aus der Schweiz versendet."">Hier findest Du sämtliche Varianten der edelweiss Linie</a></p>",CITRUS,Unisex,,,,,,,https://cdn.shopify.com/s/files/1/0072/0646/9679/products/edel-citrus-all-white.png,,,,,6.90,,1,G,14,IN,3,3,3,,,,
,,ED-2010-1,Unisex,Title,Default Title,,,,,,,,,,6.90,,1,G,14,IN,3,3,3,,,Edel,CITRUS
ONYX,"Saftige Bergkräutermischung mit einem Hauch von Eukalyptus – nochmal deutlich mehr Kick als der beliebte edel COLD. Onyx ist nichts für schwache Gemüter, aber trotzdem unglaublich lecker.  Bist du bereit für den Kick? Feel Unique und tauche ein in die Welt von edel",ONYX,Unisex,,,,,,,https://cdn.shopify.com/s/files/1/0072/0646/9679/products/edel-onyx-all-white.png,,,,,6.90,0.00,1,G,28000,IN,3,3,3,,,,
,,ED-9010-1,Unisex,Title,Default Title,,,,,,,,,,6.90,0.00,1,G,28000,IN,3,3,3,,,edel,ONYX
BERRY,Fruchtiger geht nicht. Bist du auf der Suche nach einem intensiven und lang anhaltenden Geschmackserlebnis? Dann wirst du den edel BERRY lieben. Mit gemässigten 10mg/g Nikotin erfüllt dieses Produkt auch Einsteigerwünsche.,BERRY,Unisex,,,,,,,https://cdn.shopify.com/s/files/1/0072/0646/9679/products/edel-berry-all-white.png,,,,,6.90,0.00,1,G,14000,IN,3,3,3,,,,
,,ED-4010-1,Unisex,Title,Default Title,,,,,,,,,,6.90,0.00,1,G,14000,IN,3,3,3,,,edel,BERRY
Super White Fresh Mint No.54 AW,"<meta charset=""utf-8"">
<div class=""item flex"">
<div class=""title""></div>
</div>
<div class=""item flex"">
<div class=""info"">
<p> </p>
<div class=""info"">
<p><span>Auf aromatisierter Zellulosebasis und völlig frei von Tabak kommen auch die Skruf Super White Beutel im Slim Format. Ohne Tabak bedeutet ohne gewöhnungsbedürftigen Tabakgeruch sowie ohne jegliche Tabakschadstoffe - aktuell gibt es weltweit keine weniger schädliche Art, Nikotin zu konsumieren. All White Snus / Nicotine Pouches bietet sich deshalb vor allem Rauchern an, welche mit Rauchentwöhnung wie Nikotinpflaster, Nikotinkaugummi oder Nikotinspray nichts anfangen können.<br></span></p>
<p> </p>
<p>Der Skruf Super White Fresh schmeckt nach frischer Minze und hat einen hohen Nikotingehalt - den höchsten der Skruf Super White Linie.</p>
<p> </p>
</div>
<div class=""info"">
<div class=""info"">
<div class=""item flex"">
<div class=""title""></div>
</div>
</div>
</div>
</div>
<div class=""info"">
<div class=""info"">
<div class=""item flex"">
<div class=""title"">
<div class=""info"">
<p>Der Artikel erscheint in einem neuen Design, hat jedoch die selbe Rezeptur wie der alt bekannte Skruf Super White Fresh #4 AW</p>
</div>
<div class=""info"">
<div class=""info"">
<div class=""item flex"">
<div class=""title""></div>
</div>
</div>
</div>
</div>
<div class=""title""><br></div>
</div>
</div>
</div>
</div>",Super White Fresh Mint No.54 AW,Unisex,,,,,,,https://cdn.shopify.com/s/files/1/0072/0646/9679/products/Skruf_Superwhite_no54_xtra.jpg,,,,,5.20,,1,G,30,IN,3,3,3,,,,
,,SK-1005-1,Unisex,Title,Default Title,,,,,,,,,,5.20,,1,G,30,IN,3,3,3,,,Skruf,Super White Fresh Mint No.54 AW
No.5 Ice Tea Peach,"Après No.5 Ice Tea Peach ist ein köstlicher, vollmundiger Eistee mit einem Geschmack von süssem Pfirsich mit einem Hauch von schwarzem Tee. Fast so, als hätten Sie eine grosse Karaffe direkt in einen weichen kleinen Beutel gegossen.",No.5 Ice Tea Peach,Unisex,,,,,,,https://cdn.shopify.com/s/files/1/0072/0646/9679/products/apres-no-5-ice-tea-peach-aw.png,,,,,5.20,0.00,1,G,1,IN,3,3,3,,,,
,,AP-5005-1,Unisex,Title,Default Title,,,,,,,,,,5.20,0.00,1,G,1,IN,3,3,3,,,Après,No.5 Ice Tea Peach
Mini Easy Mint AW,"<p>Auf aromatisierter Zellulosebasis und völlig frei von Tabak kommen die VELO Beutel neu auch im Mini Format. Ohne Tabak bedeutet ohne gewöhnungsbedürftigen Tabakgeruch sowie ohne jegliche Tabakschadstoffe - aktuell gibt es weltweit keine weniger schädliche Art, Nikotin zu konsumieren. All White Snus / Nicotine Pouches bietet sich deshalb vor allem Rauchern an, welche mit Rauchentwöhnung wie Nikotinpflaster, Nikotinkaugummi oder Nikotinspray nichts anfangen können.<br></p>
<div class=""info"">
<div class=""info"">
<div class=""item flex"">
<div class=""title"">
<p>Der VELO Easy Mint Mini kommt mit süssem Minzgeschmack und tiefem Nikotingehalt.</p>
<p><span>EPOK, LYFT oder VELO? </span><a href=""https://snushus.ch/blogs/snusbuch/epok-und-lyft-werden-ersetzt-mit-velo"">Hier findest Du alle Informationen zu diesem Thema!</a></p>
</div>
</div>
</div>
</div>",Mini Easy Mint AW,Unisex,,,,,,,https://cdn.shopify.com/s/files/1/0072/0646/9679/products/velo-Mini-easy-mint-AW.png,,,,,5.20,,1,G,10,IN,3,3,3,,,,
,,VE-9005-1,Unisex,Title,Default Title,,,,,,,,,,5.20,,1,G,10,IN,3,3,3,,,VELO (SE),Mini Easy Mint AW
CBD MINT,"<p>Um dem Druck der modernen Gesellschaft nicht zu erliegen, darf die Entspannung nicht fehlen. Mit dem edel CBD MINT aus der ""edel weiss""-Reihe wird deshalb voller Stolz der weltweit erste CBD ALL WHITE Snus präsentiert. Diese Minz-Mischung enthält kein Nikotin. Die darin enthaltenen Cannabinoide (12mg/g CBD) verleihen dir ein nicht betäubendes Gefühl der Unbeschwertheit ohne Belastung deiner Lunge (THC-frei).</p>
<p><a href=""https://snushus.ch/collections/edel-weiss-snus"" title=""edelweiss All White Snus im Snushus kaufen! Schweizer Qualität, direkt aus der Schweiz versendet."">Hier findest Du sämtliche Varianten der edelweiss Linie</a></p>",CBD MINT,Unisex,,,,,,,https://cdn.shopify.com/s/files/1/0072/0646/9679/products/edel-cbd-mint-all-white.png,,,,,9.20,,1,G,14,IN,3,3,3,,,,
,,ED-5010-1,Unisex,Title,Default Title,,,,,,,,,,9.20,,1,G,14,IN,3,3,3,,,Edel,CBD MINT
Mini Royal Purple AW,"<p>Auf aromatisierter Zellulosebasis und völlig frei von Tabak kommen auch die<span> VELO </span>Beutel im Slim Format. Ohne Tabak bedeutet ohne gewöhnungsbedürftigen Tabakgeruch sowie ohne jegliche Tabakschadstoffe - aktuell gibt es weltweit keine weniger schädliche Art, Nikotin zu konsumieren. All White Snus / Nicotine Pouches bietet sich deshalb vor allem Rauchern an, welche mit Rauchentwöhnung wie Nikotinpflaster, Nikotinkaugummi oder Nikotinspray nichts anfangen können.<br></p>
<div class=""info"">
<div class=""info"">
<div class=""item flex"">
<div class=""title"">
<p>Der VELO Mini Royal Purple ist das neuste Produkt von VELO mit Geschmack von roten Trauben und kommt in extra kleinen Beuteln (Mini) für eine noch diskretere Anwendung.</p>
<p><span>EPOK, LYFT oder VELO? </span><a href=""https://snushus.ch/blogs/snusbuch/epok-und-lyft-werden-ersetzt-mit-velo"">Hier findest Du alle Informationen zu diesem Thema!</a></p>
</div>
</div>
</div>
</div>",Mini Royal Purple AW,Unisex,,,,,,,https://cdn.shopify.com/s/files/1/0072/0646/9679/products/velo-Mini-Royal-Purple-AW.png,,,,,5.20,,1,G,10,IN,3,3,3,,,,
,,VE-1405-1,Unisex,Title,Default Title,,,,,,,,,,5.20,,1,G,10,IN,3,3,3,,,VELO (SE),Mini Royal Purple AW
Tropic Breeze X-Strong AW,"<p>Aromatisiert mit exotischer Mandarine, Passionsfrucht und Mango, die an den Sommer erinnern.</p>
<p>EPOK, LYFT oder VELO?! <br>Weitere Informationen dazu findest Du in <a href=""https://snushus.ch/blogs/snusbuch/was-ist-all-white-snus"" target=""_blank"" rel=""noopener noreferrer"">unserem Blog</a>.</p>",Tropic Breeze X-Strong AW,Unisex,,,,,,,https://cdn.shopify.com/s/files/1/0072/0646/9679/products/velo-tropic-breeze-x-strong-aw.png,,,,,6.90,,1,G,14,IN,3,3,3,,,,
,,VE-4805-1,Unisex,Title,Default Title,,,,,,,,,,6.90,,1,G,14,IN,3,3,3,,,VELO (SK),Tropic Breeze X-Strong AW
No.4 Cola,"<p>Après No.4 Cola ist ab sofort dein neuer Favorit. Ein Geschmack, der die Nostalgie von Cola verspricht, wie wir sie alle kennen und lieben. Ein sinnliches Erlebnis, welches am liebsten niemehr enden sollte.</p>
<p> </p>
<p><strong>ÜBER APRÈS</strong><br>Après ist eine Premiummarke aus Stockholm, Schweden, die bestrebt ist, einzigartige und raffinierte Aromen in einem zeitlosen Design zu entwickeln. <br>Unsere Produkte strahlen Innovation, Schönheit und Qualität aus.<br><br>Die Mission ist es, Gefühle und Erinnerungen mit Stil einzufangen und sich deutlich von anderen Alternativen zu unterscheiden. Alles, um Ihnen ein optimales Erlebnis zu bieten und gleichzeitig die Umwelt zu schonen. Unsere Produkte und Verpackungen werden aus pflanzlichen Materialien hergestellt.<br><br>Alle <a href=""http://snushus.ch/collections/apres"">Après-Produkte</a> werden in Stockholm, Schweden, entwickelt und produziert.<br><br>Wir haben Après als Premiummarke geschaffen, bei der wir uns bemühen, einzigartige und raffinierte Aromen in einem zeitlosen Design zu entwickeln. Innovation, Ästhetik und Qualität sind die Werte, die uns leiten.</p>",No.4 Cola,Unisex,,,,,,,https://cdn.shopify.com/s/files/1/0072/0646/9679/products/apres-no-4-cola-aw.png,,,,,5.20,0.00,1,G,1,IN,3,3,3,,,,
,,AP-4005-1,Unisex,Title,Default Title,,,,,,,,,,5.20,0.00,1,G,1,IN,3,3,3,,,Après,No.4 Cola
White Fox Double Mint AW,"<meta charset=""utf-8"">
<div class=""item flex "">
<div class=""title"">
<div class=""info"">
<div class=""info"">
<p>Unter der Marke White Fox vertreibt der Produzent von <a href=""https://snushus.ch/collections/odens"" title=""Oden's"">Oden's</a> und <a href=""https://snushus.ch/collections/siberia"" title=""Siberia"">Siberia </a>(GN Tobacco) seine All White Portionsbeutel. Der White Fox Double Mint kommt mit einem frischen Geschmack nach Minze und Menthol im Slim Beutel.</p>
<p> </p>
<p><span>Auf aromatisierter Zellulosebasis und völlig frei von Tabak kommen auch die</span><span> White Fox </span><span>Beutel im Slim Format. Ohne Tabak bedeutet ohne gewöhnungsbedürftigen Tabakgeruch sowie ohne jegliche Tabakschadstoffe - aktuell gibt es weltweit keine weniger schädliche Art, Nikotin zu konsumieren. All White Snus / Nicotine Pouches bietet sich deshalb vor allem Rauchern an, welche mit Rauchentwöhnung wie Nikotinpflaster, Nikotinkaugummi oder Nikotinspray nichts anfangen können.</span></p>
</div>
</div>
</div>
</div>
<div class=""item flex ""></div>",White Fox Double Mint AW,Unisex,,,,,,,https://cdn.shopify.com/s/files/1/0072/0646/9679/products/white-fox-double-mint-all-white.png,,,,,5.20,,1,G,30,IN,3,3,3,,,,
,,WF-3005-1,Unisex,Title,Default Title,,,,,,,,,,5.20,,1,G,30,IN,3,3,3,,,White Fox,White Fox Double Mint AW
Winterchill X-Strong AW,"<p>Auf aromatisierter Zellulosebasis und völlig frei von Tabak kommen auch die VELO Beutel im Slim Format. Ohne Tabak bedeutet ohne gewöhnungsbedürftigen Tabakgeruch sowie ohne jegliche Tabakschadstoffe - aktuell gibt es weltweit keine weniger schädliche Art, Nikotin zu konsumieren. All White Snus / Nicotine Pouches bietet sich deshalb vor allem Rauchern an, welche mit Rauchentwöhnung wie Nikotinpflaster, Nikotinkaugummi oder Nikotinspray nichts anfangen können.<br></p>
<div class=""info"">
<div class=""info"">
<div class=""item flex"">
<div class=""title"">
<p>Der VELO Winterchill X-Strong kommt mit kühlendem Geschmack von Wintergreen und erhöhtem Nikotingehalt.</p>
<p><span>EPOK, LYFT oder VELO? </span><a href=""https://snushus.ch/blogs/snusbuch/epok-und-lyft-werden-ersetzt-mit-velo"">Hier findest Du alle Informationen zu diesem Thema!</a></p>
</div>
</div>
</div>
</div>",Winterchill X-Strong AW,Unisex,,,,,,,https://cdn.shopify.com/s/files/1/0072/0646/9679/products/velo-winterchill-x-strong-aw.png,,,,,5.20,,1,G,14,IN,3,3,3,,,,
,,VE-2005-1,Unisex,Title,Default Title,,,,,,,,,,5.20,,1,G,14,IN,3,3,3,,,VELO (SE),Winterchill X-Strong AW
MINT,Der wohl beliebteste Snus-Geschmack Minze ist ab sofort in der edelweiss-Linie des Schweizer Snus Brands edelsnus auch mit tieferem Nikotingehalt vertreten!<br>Der edel Mint All White kommt mit angenehmen 10 mg/g Nikotin und ist damit ein perfekter Alltags-Snus.,MINT,Unisex,,,,,,,https://cdn.shopify.com/s/files/1/0072/0646/9679/products/edel-mint-all-white.png,,,,,6.90,0.00,1,G,1,IN,3,3,3,,,,
,,ED-7010-1,Unisex,Title,Default Title,,,,,,,,,,6.90,0.00,1,G,1,IN,3,3,3,,,edel,MINT
Watermelon AW,"<p>VID ist die neuste Kreation vom Hause Kurbits Snus AB - kräftige Schweizer Aromen treffen auf schwedisches Snus Know How. Herrliches Sommerfeeling verleiht der VID Watermelon All White mit einem fruchtigen Aroma von Wassermelone.</p>
<p>Auf aromatisierter Zellulosebasis und völlig frei von Tabak kommen auch die VID Beutel im Slim Format. Ohne Tabak bedeutet ohne gewöhnungsbedürftigen Tabakgeruch sowie ohne jegliche Tabakschadstoffe - aktuell gibt es weltweit keine weniger schädliche Art, Nikotin zu konsumieren. All White Snus / Nicotine Pouches bietet sich deshalb vor allem Rauchern an, welche mit Rauchentwöhnung wie Nikotinpflaster, Nikotinkaugummi oder Nikotinspray nichts anfangen können.</p>
<div class=""info"">
<div class=""info"">
<div class=""item flex"">
<div class=""title""></div>
</div>
</div>
</div>",Watermelon AW,Unisex,,,,,,,https://cdn.shopify.com/s/files/1/0072/0646/9679/products/VID-Watermelon-AW.png,,,,,3.90,,1,G,1,IN,3,3,3,,,,
,,VI-2005-1,Unisex,Title,Default Title,,,,,,,,,,3.90,,1,G,1,IN,3,3,3,,,VID,Watermelon AW
Arctic Blast AW,"<p>VID ist die neuste Kreation vom Hause Kurbits Snus AB - kräftige Schweizer Aromen treffen auf schwedisches Snus Know How. Die Arctiv Blast Nikotinbeutel bestechen mit ihrem frischen Menthol, Minze Geschmack und einem hohen Nikotingehalt von 20 mg/g! Die Slim Beutel fühlen sich angenehm unter der Lippe an und können helfen, die Zigarette zu vergessen. ;-)</p>
<p>Auf aromatisierter Zellulosebasis und völlig frei von Tabak kommen auch die VID Beutel im Slim Format. Ohne Tabak bedeutet ohne gewöhnungsbedürftigen Tabakgeruch sowie ohne jegliche Tabakschadstoffe - aktuell gibt es weltweit keine weniger schädliche Art, Nikotin zu konsumieren. All White Snus / Nicotine Pouches bietet sich deshalb vor allem Rauchern an, welche mit Rauchentwöhnung wie Nikotinpflaster, Nikotinkaugummi oder Nikotinspray nichts anfangen können.</p>",Arctic Blast AW,Unisex,,,,,,,https://cdn.shopify.com/s/files/1/0072/0646/9679/products/VID-Arctic-Blast-AW.png,,,,,3.90,,1,G,1,IN,3,3,3,,,,
,,VI-1005-1,Unisex,Title,Default Title,,,,,,,,,,3.90,,1,G,1,IN,3,3,3,,,VID,Arctic Blast AW
Traube-Minze AW,"La Fruteria - Traube Minze wurde kreiert um den beliebtesten Shisha Geschmack in einen Pouch zu packen. Ganz nach dem Gusto von allen Wasserpfeifen Liebhabern. Frisch und trotzdem fruchtig, dazu sehr stark - ohne dass das Produkt gleichzeitig gefährlich ist wie zum Beispiel <a href=""https://snushus.ch/blogs/snusbuch/supreme-snus-co-nikotingehalt-erklart-das-problem-im-uberblick"">Supreme Snus</a>, da es in der Schweiz produziert wird",Traube-Minze AW,Unisex,,,,,,,https://cdn.shopify.com/s/files/1/0072/0646/9679/products/la-fruteria-traube-minze-aw.png,,,,,7.90,0.00,1,G,14,IN,3,3,3,,,,
,,LF-1000-1,Unisex,Title,Default Title,,,,,,,,,,7.90,0.00,1,G,14,IN,3,3,3,,,La Fruteria,Traube-Minze AW
Super White Fresh Mint No.55 AW,"<meta charset=""utf-8"">
<div class=""item flex"">
<div class=""title""></div>
</div>
<div class=""item flex"">
<div class=""info"">
<p> Auf aromatisierter Zellulosebasis und völlig frei von Tabak kommen auch die Skruf Super White Beutel im Slim Format. Ohne Tabak bedeutet ohne gewöhnungsbedürftigen Tabakgeruch sowie ohne jegliche Tabakschadstoffe - aktuell gibt es weltweit keine weniger schädliche Art, Nikotin zu konsumieren. All White Snus / Nicotine Pouches bietet sich deshalb vor allem Rauchern an, welche mit Rauchentwöhnung wie Nikotinpflaster, Nikotinkaugummi oder Nikotinspray nichts anfangen können.</p>
<div class=""info"">
<p> </p>
<p>Der Skruf Super White Fresh #5 schmeckt nach frischer Minze und hat den höchsten Nikotingehalt in der Super White Reihe von Skruf. Unglaubliche 26 mg/g Nikotin!</p>
<p> <br></p>
<div class=""info"">
<p>Der Artikel erscheint in einem neuen Design, hat jedoch die selbe Rezeptur wie der alt bekannte Skruf Super White Fresh #5 AW</p>
</div>
<div class=""info"">
<div class=""info"">
<div class=""item flex"">
<div class=""title""></div>
</div>
</div>
</div>
</div>
</div>
<div class=""info"">
<div class=""info"">
<div class=""item flex"">
<div class=""title""><br></div>
</div>
</div>
</div>
</div>",Super White Fresh Mint No.55 AW,Unisex,,,,,,,https://cdn.shopify.com/s/files/1/0072/0646/9679/products/Skruf_Superwhite_no55_Ultra.jpg,,,,,5.20,0.00,1,G,1,IN,3,3,3,,,,
,,SK-1205-1,Unisex,Title,Default Title,,,,,,,,,,5.20,0.00,1,G,1,IN,3,3,3,,,Skruf,Super White Fresh Mint No.55 AW
White Fox AW,"<meta charset=""utf-8"">
<div class=""item flex "">
<div class=""title"">
<div class=""info"">
<div class=""info"">
<p>Unter der Marke White Fox vertreibt der Produzent von <a href=""https://snushus.ch/collections/odens"" title=""Oden's"">Oden's</a> und <a href=""https://snushus.ch/collections/siberia"" title=""Siberia"">Siberia </a>(GN Tobacco) seine All White Portionsbeutel. Der White Fox kommt mit einem eisigen Minzgeschmack im Slim Beutel.</p>
<p> </p>
<p>Auf aromatisierter Zellulosebasis und völlig frei von Tabak kommen auch die White Fox Beutel im Slim Format. Ohne Tabak bedeutet ohne gewöhnungsbedürftigen Tabakgeruch sowie ohne jegliche Tabakschadstoffe - aktuell gibt es weltweit keine weniger schädliche Art, Nikotin zu konsumieren. All White Snus / Nicotine Pouches bietet sich deshalb vor allem Rauchern an, welche mit Rauchentwöhnung wie Nikotinpflaster, Nikotinkaugummi oder Nikotinspray nichts anfangen können.</p>
</div>
</div>
</div>
</div>
<div class=""item flex ""></div>",White Fox AW,Unisex,,,,,,,https://cdn.shopify.com/s/files/1/0072/0646/9679/products/white-fox-all-white.png,,,,,5.20,,1,G,30,IN,3,3,3,,,,
,,WF-1005-1,Unisex,Title,Default Title,,,,,,,,,,5.20,,1,G,30,IN,3,3,3,,,White Fox,White Fox AW
LYCHEE,"Der edel Lychee All White Snus ist Teil der zweiten Generation der edelweiss Linie des Schweizer Snus Herstellers edelsnus. Angenehme Slim Beutel, kombiniert mit einem aufregenden Litschi Aroma mit einem hauch von Rosen und dezentem Nikotingehalt verleihen diesem Snus die perfekte Balance.",LYCHEE,Unisex,,,,,,,https://cdn.shopify.com/s/files/1/0072/0646/9679/products/edel-lychee-all-white.png,,,,,6.90,0.00,1,G,1,IN,3,3,3,,,,
,,ED-8010-1,Unisex,Title,Default Title,,,,,,,,,,6.90,0.00,1,G,1,IN,3,3,3,,,edel,LYCHEE
White Fox Full Charge AW,"<meta charset=""utf-8"">
<div class=""item flex "">
<div class=""title"">
<div class=""info"">
<div class=""info"">
<p>Unter der Marke White Fox vertreibt der Produzent von <a href=""https://snushus.ch/collections/odens"" title=""Oden's"">Oden's</a> und <a href=""https://snushus.ch/collections/siberia"" title=""Siberia"">Siberia </a>(GN Tobacco) seine All White Portionsbeutel. Der White Fox Full Charge kommt mit einem eisigen Minzgeschmack im grossen Beutel.</p>
<p> </p>
<p> <span>Auf aromatisierter Zellulosebasis und völlig frei von Tabak kommen auch die</span><span> White Fox </span><span>Beutel im Slim Format. Ohne Tabak bedeutet ohne gewöhnungsbedürftigen Tabakgeruch sowie ohne jegliche Tabakschadstoffe - aktuell gibt es weltweit keine weniger schädliche Art, Nikotin zu konsumieren. All White Snus / Nicotine Pouches bietet sich deshalb vor allem Rauchern an, welche mit Rauchentwöhnung wie Nikotinpflaster, Nikotinkaugummi oder Nikotinspray nichts anfangen können.</span></p>
</div>
</div>
</div>
</div>
<div class=""item flex ""></div>",White Fox Full Charge AW,Unisex,,,,,,,https://cdn.shopify.com/s/files/1/0072/0646/9679/products/white-fox-full-charge-all-white.png,,,,,5.20,,1,G,30,IN,3,3,3,,,,
,,WF-2005-1,Unisex,Title,Default Title,,,,,,,,,,5.20,,1,G,30,IN,3,3,3,,,White Fox,White Fox Full Charge AW
Ruby Berry AW,"<p>Auf aromatisierter Zellulosebasis und völlig frei von Tabak kommen auch die<span> VELO </span>Beutel im Slim Format. Ohne Tabak bedeutet ohne gewöhnungsbedürftigen Tabakgeruch sowie ohne jegliche Tabakschadstoffe - aktuell gibt es weltweit keine weniger schädliche Art, Nikotin zu konsumieren. All White Snus / Nicotine Pouches bietet sich deshalb vor allem Rauchern an, welche mit Rauchentwöhnung wie Nikotinpflaster, Nikotinkaugummi oder Nikotinspray nichts anfangen können.<br></p>
<div class=""info"">
<div class=""info"">
<div class=""item flex"">
<div class=""title"">
<p>Der VELO Ruby Berry hat einen Geschmack von süssen Erdbeeren und kommt wie die anderen VELO Produkte in Slim-Beuteln komplett ohne Tabak.</p>
<p><span>EPOK, LYFT oder VELO? </span><a href=""https://snushus.ch/blogs/snusbuch/epok-und-lyft-werden-ersetzt-mit-velo"">Hier findest Du alle Informationen zu diesem Thema!</a></p>
</div>
</div>
</div>
</div>",Ruby Berry AW,Unisex,,,,,,,https://cdn.shopify.com/s/files/1/0072/0646/9679/products/velo-ruby-berry-aw-se.png,,,,,5.20,0.00,1,G,14,IN,3,3,3,,,,
,,VE-1105-1,Unisex,Title,Default Title,,,,,,,,,,5.20,0.00,1,G,14,IN,3,3,3,,,VELO (SE),Ruby Berry AW
Fruit Fusion AW,"<p>VID ist die neuste Kreation vom Hause Kurbits Snus AB - kräftige Schweizer Aromen treffen auf schwedisches Snus Know How. Ein Beeren Aroma wie frisch aus dem Wald gepflückt! Die Nikotinbeutel von VID sind im Slim Format und sorgen für eine diskrete Anwendung.</p>
<p>Auf aromatisierter Zellulosebasis und völlig frei von Tabak kommen auch die VID Beutel im Slim Format. Ohne Tabak bedeutet ohne gewöhnungsbedürftigen Tabakgeruch sowie ohne jegliche Tabakschadstoffe - aktuell gibt es weltweit keine weniger schädliche Art, Nikotin zu konsumieren. All White Snus / Nicotine Pouches bietet sich deshalb vor allem Rauchern an, welche mit Rauchentwöhnung wie Nikotinpflaster, Nikotinkaugummi oder Nikotinspray nichts anfangen können.</p>",Fruit Fusion AW,Unisex,,,,,,,https://cdn.shopify.com/s/files/1/0072/0646/9679/products/VID-Fruit-Fusion-AW.png,,,,,3.90,,1,G,1,IN,3,3,3,,,,
,,VI-3005-1,Unisex,Title,Default Title,,,,,,,,,,3.90,,1,G,1,IN,3,3,3,,,VID,Fruit Fusion AW
X-Freeze Ultra Strong AW,"<p>Eisdurchdringender, intensiver Geschmack auf salziger Geschmacksbasis. Sie erinnern sich vielleicht unter dem ursprünglichen Namen LYFT Freeze daran.</p>
<p>EPOK, LYFT oder VELO?! <br>Weitere Informationen dazu findest Du in <a href=""https://snushus.ch/blogs/snusbuch/was-ist-all-white-snus"" target=""_blank"" rel=""noopener noreferrer"">unserem Blog</a>.</p>",X-Freeze Ultra Strong AW,Unisex,,,,,,,https://cdn.shopify.com/s/files/1/0072/0646/9679/products/velo-x-freeze-ultra-strong-aw.png,,,,,6.90,,1,G,1,IN,3,3,3,,,,
,,VE-5105-1,Unisex,Title,Default Title,,,,,,,,,,6.90,,1,G,1,IN,3,3,3,,,VELO (SK),X-Freeze Ultra Strong AW
Deep Freeze AW Slim,"<p>Der G.4 Deep Freeze von Swedish Match hat einen hellen, würzigen Charakter mit deutlichen Noten von Eukalyptus und Menthol. Ein langer schlanker All White Beutel mit optimierter Passform, aussen trocken mit einem feuchten Inhalt für lang anhaltende Geschmacksentfaltung und geringem Rinnen.<br></p>",Deep Freeze AW Slim,Unisex,,,,,,,https://cdn.shopify.com/s/files/1/0072/0646/9679/products/1647421618622566_g4-deep-freeze-aw.jpg,,,,,5.55,0.00,1,G,40000,IN,3,3,3,,,,
,,G4-1005-1,Unisex,Title,Default Title,,,,,,,,,,5.55,0.00,1,G,40000,IN,3,3,3,,,G.4,Deep Freeze AW Slim
Super White Polar #3 AW,"<meta charset=""utf-8"">
<div class=""item flex "">
<div class=""title""></div>
</div>
<div class=""item flex "">
<div class=""info"">
<p><span>Auf aromatisierter Zellulosebasis und völlig frei von Tabak kommen auch die Skruf Super White Beutel im Slim Format. Ohne Tabak bedeutet ohne gewöhnungsbedürftigen Tabakgeruch sowie ohne jegliche Tabakschadstoffe - aktuell gibt es weltweit keine weniger schädliche Art, Nikotin zu konsumieren. All White Snus / Nicotine Pouches bietet sich deshalb vor allem Rauchern an, welche mit Rauchentwöhnung wie Nikotinpflaster, Nikotinkaugummi oder Nikotinspray nichts anfangen können.<br></span></p>
<p> </p>
<p>Der Skruf Super White Polar<span> schmeckt nach Menthol sowie Eukalyptus </span>und hat einen durchschnittlichen<span> </span>Nikotingehalt.</p>
</div>
<div class=""info"">
<div class=""info"">
<div class=""item flex "">
<div class=""title""><br></div>
<div class=""title""><br></div>
</div>
</div>
</div>
</div>",Super White Polar #3 AW,Unisex,,,,,,,https://cdn.shopify.com/s/files/1/0072/0646/9679/products/skruf-super-white-polar-nr3.png,,,,,5.20,,1,G,30,IN,3,3,3,,,,
,,SK-2005-1,Unisex,Title,Default Title,,,,,,,,,,5.20,,1,G,30,IN,3,3,3,,,Skruf,Super White Polar #3 AW
No.2 Mint,"<p>Après No.2 Mint schmeckt so, wie eine Minze schmecken sollte. Süss, frisch und mit einem Hauch Pfefferminze, welches Ihnen ein anhaltendes Gefühl von Vitalität verleiht.</p>
<p><br><strong data-mce-fragment=""1"">ÜBER APRÈS</strong><br data-mce-fragment=""1""><span data-mce-fragment=""1"">Après ist eine Premiummarke aus Stockholm, Schweden, die bestrebt ist, einzigartige und raffinierte Aromen in einem zeitlosen Design zu entwickeln.</span><br data-mce-fragment=""1""><span data-mce-fragment=""1"">Unsere Produkte strahlen Innovation, Schönheit und Qualität aus.</span><br data-mce-fragment=""1""><br data-mce-fragment=""1""><span data-mce-fragment=""1"">Die Mission ist es, Gefühle und Erinnerungen mit Stil einzufangen und sich deutlich von anderen Alternativen zu unterscheiden. Alles, um Ihnen ein optimales Erlebnis zu bieten und gleichzeitig die Umwelt zu schonen. Unsere Produkte und Verpackungen werden aus pflanzlichen Materialien hergestellt.</span><br data-mce-fragment=""1""><br data-mce-fragment=""1""><span data-mce-fragment=""1"">Alle </span><a href=""http://snushus.ch/collections/apres"" data-mce-fragment=""1"" data-mce-href=""http://snushus.ch/collections/apres"">Après-Produkte</a><span data-mce-fragment=""1""> werden in Stockholm, Schweden, entwickelt und produziert.</span><br data-mce-fragment=""1""><br data-mce-fragment=""1""><span data-mce-fragment=""1"">Wir haben Après als Premiummarke geschaffen, bei der wir uns bemühen, einzigartige und raffinierte Aromen in einem zeitlosen Design zu entwickeln. Innovation, Ästhetik und Qualität sind die Werte, die uns leiten.</span><br></p>",No.2 Mint,Unisex,,,,,,,https://cdn.shopify.com/s/files/1/0072/0646/9679/products/apres-no-2-mint-aw.png,,,,,5.20,0.00,1,G,1,IN,3,3,3,,,,
,,AP-2005-1,Unisex,Title,Default Title,,,,,,,,,,5.20,0.00,1,G,1,IN,3,3,3,,,Après,No.2 Mint
Super White Blackberry #2 AW,"<meta charset=""utf-8"">
<div class=""item flex"">
<div class=""title""></div>
</div>
<div class=""item flex"">
<div class=""info"">
<p><span></span><span>Auf aromatisierter Zellulosebasis und völlig frei von Tabak kommen auch die Skruf Super White Beutel im Slim Format. Ohne Tabak bedeutet ohne gewöhnungsbedürftigen Tabakgeruch sowie ohne jegliche Tabakschadstoffe - aktuell gibt es weltweit keine weniger schädliche Art, Nikotin zu konsumieren. All White Snus / Nicotine Pouches bietet sich deshalb vor allem Rauchern an, welche mit Rauchentwöhnung wie Nikotinpflaster, Nikotinkaugummi oder Nikotinspray nichts anfangen können.<br></span></p>
<p> </p>
<p>Der Skruf Super White Blackberry schmeckt nach süsser Brombeere und hat einen durchschnittlichen Nikotingehalt.</p>
</div>
<div class=""info"">
<div class=""info"">
<div class=""item flex"">
<div class=""title""><br></div>
<div class=""title""><br></div>
</div>
</div>
</div>
</div>",Super White Blackberry #2 AW,Unisex,,,,,,,https://cdn.shopify.com/s/files/1/0072/0646/9679/products/skruf-super-white-bjoernbaer-nr2.png,,,,,5.20,,1,G,30,IN,3,3,3,,,,
,,SK-3005-1,Unisex,Title,Default Title,,,,,,,,,,5.20,,1,G,30,IN,3,3,3,,,Skruf,Super White Blackberry #2 AW
No.3 Lemon,"<p>Après No.3 Lemon wurde entwickelt, um das Gefühl einer frisch, von den Feldern Argentiniens, gepflückter Zitrone einzufangen. Ein intensiver, frischer Duft direkt beim Öffnen, mit einer sensorischen Explosion, die Ihnen die perfekte Mischung aus süss und sauer verleiht. </p>
<p><strong>ÜBER APRÈS</strong><br><span>Après ist eine Premiummarke aus Stockholm, Schweden, die bestrebt ist, einzigartige und raffinierte Aromen in einem zeitlosen Design zu entwickeln.</span><br><span>Unsere Produkte strahlen Innovation, Schönheit und Qualität aus.</span><br><br><span>Die Mission ist es, Gefühle und Erinnerungen mit Stil einzufangen und sich deutlich von anderen Alternativen zu unterscheiden. Alles, um Ihnen ein optimales Erlebnis zu bieten und gleichzeitig die Umwelt zu schonen. Unsere Produkte und Verpackungen werden aus pflanzlichen Materialien hergestellt.</span><br><br><span>Alle </span><a href=""http://snushus.ch/collections/apres"">Après-Produkte</a><span> werden in Stockholm, Schweden, entwickelt und produziert.</span><br><br><span>Wir haben Après als Premiummarke geschaffen, bei der wir uns bemühen, einzigartige und raffinierte Aromen in einem zeitlosen Design zu entwickeln. Innovation, Ästhetik und Qualität sind die Werte, die uns leiten.</span></p>",No.3 Lemon,Unisex,,,,,,,https://cdn.shopify.com/s/files/1/0072/0646/9679/products/apres-no-3-lemon-curd-aw.png,,,,,5.20,0.00,1,G,1,IN,3,3,3,,,,
,,AP-3005-1,Unisex,Title,Default Title,,,,,,,,,,5.20,0.00,1,G,1,IN,3,3,3,,,Après,No.3 Lemon
No.5 Ice Tea Peach X-Strong,"Après No.5 Ice Tea Peach X-Strong ist ein köstlicher, vollmundiger Eistee mit einem Geschmack von süssem Pfirsich mit einem Hauch von schwarzem Tee. Fast so, als hätten Sie eine grosse Karaffe direkt in einen weichen kleinen Beutel gegossen. Jetzt in der starken Variante mit 15 mg/g Nikotin erhältlich!",No.5 Ice Tea Peach X-Strong,Unisex,,,,,,,https://cdn.shopify.com/s/files/1/0072/0646/9679/products/apres-no-5-ice-tea-peach-x-strong-aw.png,,,,,5.20,0.00,1,G,26000,IN,3,3,3,,,,
,,AP-5105-1,Unisex,Title,Default Title,,,,,,,,,,5.20,0.00,1,G,26000,IN,3,3,3,,,Après,No.5 Ice Tea Peach X-Strong
Super White Cassice #2 AW,"<meta charset=""utf-8"">
<div class=""item flex "">
<div class=""title""></div>
</div>
<div class=""item flex "">
<div class=""info"">
<p> </p>
<p><span>Auf aromatisierter Zellulosebasis und völlig frei von Tabak kommen auch die Skruf Super White Beutel im Slim Format. Ohne Tabak bedeutet ohne gewöhnungsbedürftigen Tabakgeruch sowie ohne jegliche Tabakschadstoffe - aktuell gibt es weltweit keine weniger schädliche Art, Nikotin zu konsumieren. All White Snus / Nicotine Pouches bietet sich deshalb vor allem Rauchern an, welche mit Rauchentwöhnung wie Nikotinpflaster, Nikotinkaugummi oder Nikotinspray nichts anfangen können.<br></span></p>
<p> </p>
<p><span>Der Skruf Super White Cassice schmeckt nach Cassis sowie süsser Johannisbeere und hat einen durchschnittlichen Nikotingehalt.</span></p>
</div>
<div class=""info"">
<div class=""info"">
<div class=""item flex "">
<div class=""title""><br></div>
<div class=""title""><br></div>
</div>
</div>
</div>
</div>",Super White Cassice #2 AW,Unisex,,,,,,,https://cdn.shopify.com/s/files/1/0072/0646/9679/products/skruf-super-white-cassice-nr2.png,,,,,5.20,,1,G,30,IN,3,3,3,,,,
,,SK-4005-1,Unisex,Title,Default Title,,,,,,,,,,5.20,,1,G,30,IN,3,3,3,,,Skruf,Super White Cassice #2 AW
Orange Jizz AW,"La Fruteria - Orange Jizz. Ein Geschmack, den es so noch nie in einem Pouch gegeben hat. Spritzige Orange und ein Schuss Blutorange für den Extra ""JIZZ"". Fruchtiger Frischekick und dazu sehr stark - ohne dass das Produkt gleichzeitig gefährlich ist wie zum Beispiel <a href=""https://snushus.ch/blogs/snusbuch/supreme-snus-co-nikotingehalt-erklart-das-problem-im-uberblick"">Supreme Snus</a>, da es in der Schweiz produziert wird.",Orange Jizz AW,Unisex,,,,,,,https://cdn.shopify.com/s/files/1/0072/0646/9679/products/la-fruteria-orange-jizz-aw.png,,,,,7.90,0.00,1,G,14,IN,3,3,3,,,,
,,LF-2000-1,Unisex,Title,Default Title,,,,,,,,,,7.90,0.00,1,G,14,IN,3,3,3,,,La Fruteria,Orange Jizz AW
Super White Fresh Mint MAX No.66 AW,"<meta charset=""utf-8"">
<div class=""item flex"">
<div class=""title""></div>
</div>
<div class=""item flex"">
<div class=""info"">
<p> Auf aromatisierter Zellulosebasis und völlig frei von Tabak kommen auch die Skruf Super White Beutel im Slim Format. Ohne Tabak bedeutet ohne gewöhnungsbedürftigen Tabakgeruch sowie ohne jegliche Tabakschadstoffe - aktuell gibt es weltweit keine weniger schädliche Art, Nikotin zu konsumieren. All White Snus / Nicotine Pouches bietet sich deshalb vor allem Rauchern an, welche mit Rauchentwöhnung wie Nikotinpflaster, Nikotinkaugummi oder Nikotinspray nichts anfangen können.</p>
<div class=""info"">
<p>Der Skruf Super White Fresh MAX #6 schmeckt nach frischer Minze und kommt in tradionellen, normal grossen Beuteln. Der schwarz verpackte All White Snus kommt mit starken 23 mg/g Nikotin!</p>
</div>
<div class=""info"">
<div class=""info"">
<div class=""item flex"">
<div class=""title""></div>
</div>
</div>
</div>
</div>
<div class=""info"">
<div class=""info"">
<div class=""item flex"">
<div class=""title""><br></div>
<div class=""title"">
<div class=""info"">
<p>Der Artikel erscheint in einem neuen Design, hat jedoch die selbe Rezeptur wie der alt bekannte Super White Fresh MAX #6 AW</p>
</div>
<div class=""info"">
<div class=""info"">
<div class=""item flex"">
<div class=""title""></div>
</div>
</div>
</div>
</div>
</div>
</div>
</div>
</div>",Super White Fresh Mint MAX No.66 AW,Unisex,,,,,,,https://cdn.shopify.com/s/files/1/0072/0646/9679/products/SkrufFreshMax_66.png,,,,,5.20,0.00,1,G,35,IN,3,3,3,,,,
,,SK-1305-1,Unisex,Title,Default Title,,,,,,,,,,5.20,0.00,1,G,35,IN,3,3,3,,,Skruf,Super White Fresh Mint MAX No.66 AW
No.1 Mentol,"<p>Après No.1 Mentol ist das, wonach Sie suchen – Menthol, welches aufsteigt und ein frisches Gefühl auf Nase und Lippen hinterlässt. Klappen Sie den Deckel auf, lehnen Sie sich zurück und geniessen Sie die Kraft der Zermatter Bergwelt.<br><br><strong data-mce-fragment=""1"">ÜBER APRÈS</strong><br data-mce-fragment=""1""><span data-mce-fragment=""1"">Après ist eine Premiummarke aus Stockholm, Schweden, die bestrebt ist, einzigartige und raffinierte Aromen in einem zeitlosen Design zu entwickeln.</span><br data-mce-fragment=""1""><span data-mce-fragment=""1"">Unsere Produkte strahlen Innovation, Schönheit und Qualität aus.</span><br data-mce-fragment=""1""><br data-mce-fragment=""1""><span data-mce-fragment=""1"">Die Mission ist es, Gefühle und Erinnerungen mit Stil einzufangen und sich deutlich von anderen Alternativen zu unterscheiden. Alles, um Ihnen ein optimales Erlebnis zu bieten und gleichzeitig die Umwelt zu schonen. Unsere Produkte und Verpackungen werden aus pflanzlichen Materialien hergestellt.</span><br data-mce-fragment=""1""><br data-mce-fragment=""1""><span data-mce-fragment=""1"">Alle </span><a href=""http://snushus.ch/collections/apres"" data-mce-fragment=""1"" data-mce-href=""http://snushus.ch/collections/apres"">Après-Produkte</a><span data-mce-fragment=""1""> werden in Stockholm, Schweden, entwickelt und produziert.</span><br data-mce-fragment=""1""><br data-mce-fragment=""1""><span data-mce-fragment=""1"">Wir haben Après als Premiummarke geschaffen, bei der wir uns bemühen, einzigartige und raffinierte Aromen in einem zeitlosen Design zu entwickeln. Innovation, Ästhetik und Qualität sind die Werte, die uns leiten.</span><br></p>
<div class=""info"">
<div class=""info"">
<div class=""item flex"">
<div class=""title""></div>
</div>
</div>
</div>",No.1 Mentol,Unisex,,,,,,,https://cdn.shopify.com/s/files/1/0072/0646/9679/products/apres-no-1-mentol-aw.png,,,,,5.20,0.00,1,G,1,IN,3,3,3,,,,
,,AP-1005-1,Unisex,Title,Default Title,,,,,,,,,,5.20,0.00,1,G,1,IN,3,3,3,,,Après,No.1 Mentol
Fresh Cola AW,"<p>VID ist die neuste Kreation vom Hause Kurbits Snus AB - kräftige Schweizer Aromen treffen auf schwedisches Snus Know How. Eine Abwechslung zu allen Nikotinbeuteln welche es bisher gab: VID Fresh Cola ist, wie der Name schon sagt, ein All White Snus mit Cola Geschmack! Ein unbeschreibliches Geschmackserlebnis.</p>
<p>Auf aromatisierter Zellulosebasis und völlig frei von Tabak kommen auch die VID Beutel im Slim Format. Ohne Tabak bedeutet ohne gewöhnungsbedürftigen Tabakgeruch sowie ohne jegliche Tabakschadstoffe - aktuell gibt es weltweit keine weniger schädliche Art, Nikotin zu konsumieren. All White Snus / Nicotine Pouches bietet sich deshalb vor allem Rauchern an, welche mit Rauchentwöhnung wie Nikotinpflaster, Nikotinkaugummi oder Nikotinspray nichts anfangen können.</p>",Fresh Cola AW,Unisex,,,,,,,https://cdn.shopify.com/s/files/1/0072/0646/9679/products/VID-Fresh-Cola-AW.png,,,,,3.90,,1,G,1,IN,3,3,3,,,,
,,VI-5005-1,Unisex,Title,Default Title,,,,,,,,,,3.90,,1,G,1,IN,3,3,3,,,VID,Fresh Cola AW
No.6 Cactus Lime,"<p>Après No.6 Cactus Lime ist eine einzigartige Mischung aus zwei ganz besonderen Aromen, die eine perfekte Harmonie zwischen der Trockenheit der Wüste und der Feuchtigkeit des tropischen Waldes schafft. Die Mischung erzeugt ein Geschmackserlebnis, das in einem weichen kleinen Beutel geliefert wird.<br></p>",No.6 Cactus Lime,Unisex,,,,,,,https://cdn.shopify.com/s/files/1/0072/0646/9679/products/apres-no-6-cactus-lime-aw.png,,,,,5.20,0.00,1,G,1,IN,3,3,3,,,,
,,AP-6005-1,Unisex,Title,Default Title,,,,,,,,,,5.20,0.00,1,G,1,IN,3,3,3,,,Après,No.6 Cactus Lime
Cool Citrus AW,"<p>VID ist die neuste Kreation vom Hause Kurbits Snus AB - kräftige Schweizer Aromen treffen auf schwedisches Snus Know How. Ein kühles Zitrusaroma trifft auf 12 mg/g Nikotingehalt. Die Slim Nikotinbeutel stören kaum unter der Lippe. Ein perfektes Produkt für die Rauchentwöhnung! </p>
<p>Auf aromatisierter Zellulosebasis und völlig frei von Tabak kommen auch die VID Beutel im Slim Format. Ohne Tabak bedeutet ohne gewöhnungsbedürftigen Tabakgeruch sowie ohne jegliche Tabakschadstoffe - aktuell gibt es weltweit keine weniger schädliche Art, Nikotin zu konsumieren. All White Snus / Nicotine Pouches bietet sich deshalb vor allem Rauchern an, welche mit Rauchentwöhnung wie Nikotinpflaster, Nikotinkaugummi oder Nikotinspray nichts anfangen können.</p>",Cool Citrus AW,Unisex,,,,,,,https://cdn.shopify.com/s/files/1/0072/0646/9679/products/VID-Cool-Citrus-AW.png,,,,,3.90,,1,G,1,IN,3,3,3,,,,
,,VI-4005-1,Unisex,Title,Default Title,,,,,,,,,,3.90,,1,G,1,IN,3,3,3,,,VID,Cool Citrus AW
Coffee Caramel AW,"<p>Der VID Coffee Caramel All White Snus ist die neuste Kreation vom Hause Kurbits Snus AB und überzeugt geschmacklich mit einer perfekten Balance zwischen starken Arabica-Kaffeebohnen sowie karamellisierter Vanille. Mittelmässig süss und durchschnittlich stark sind diese Beutel etwas für Geniesser, die den Kaffeegeschmack lieben!</p>
<p><br>Auf aromatisierter Zellulosebasis und völlig frei von Tabak kommen auch die VID Beutel im Slim Format. Ohne Tabak bedeutet ohne gewöhnungsbedürftigen Tabakgeruch sowie ohne jegliche Tabakschadstoffe - aktuell gibt es weltweit keine weniger schädliche Art, Nikotin zu konsumieren. All White Snus / Nicotine Pouches bietet sich deshalb vor allem Rauchern an, welche mit Rauchentwöhnung wie Nikotinpflaster, Nikotinkaugummi oder Nikotinspray nichts anfangen können.</p>",Coffee Caramel AW,Unisex,,,,,,,https://cdn.shopify.com/s/files/1/0072/0646/9679/products/VID-Coffe-Caramel-AW.png,,,,,3.90,0.00,1,G,30000,IN,3,3,3,,,,
,,VI-7005-1,Unisex,Title,Default Title,,,,,,,,,,3.90,0.00,1,G,30000,IN,3,3,3,,,VID,Coffee Caramel AW
Super White Fresh Mint No.52 AW,"<meta charset=""utf-8"">
<div class=""item flex"">
<div class=""title""></div>
</div>
<div class=""item flex"">
<div class=""info"">
<p>Auf aromatisierter Zellulosebasis und völlig frei von Tabak kommen auch die Skruf Super White Beutel im Slim Format. Ohne Tabak bedeutet ohne gewöhnungsbedürftigen Tabakgeruch sowie ohne jegliche Tabakschadstoffe - aktuell gibt es weltweit keine weniger schädliche Art, Nikotin zu konsumieren. All White Snus / Nicotine Pouches bietet sich deshalb vor allem Rauchern an, welche mit Rauchentwöhnung wie Nikotinpflaster, Nikotinkaugummi oder Nikotinspray nichts anfangen können.</p>
<div class=""info"">
<p> </p>
<p>Der Skruf Super White Fresh #2 schmeckt nach frischer Minze und gleich wie der Skruf Super White Fresh #4 - einfach mit weniger Nikotin.</p>
</div>
<div class=""info"">
<div class=""info"">
<div class=""item flex"">
<div class=""title""><br></div>
</div>
</div>
</div>
</div>
<div class=""info"">
<div class=""info"">
<div class=""item flex"">
<div class=""title""><br></div>
<div class=""title"">
<span><span>Der Artikel erscheint in einem neuen Design, hat jedoch die selbe Rezeptur wie der alt bekannte Super White Fresh #2 AW</span></span>
<div class=""Polaris-Header-Title__TitleMetadata_19y17""></div>
</div>
</div>
</div>
</div>
</div>",Super White Fresh Mint No.52 AW,Unisex,,,,,,,https://cdn.shopify.com/s/files/1/0072/0646/9679/products/SuperWhiteSlimFresh_2.png,,,,,5.20,,1,G,30,IN,3,3,3,,,,
,,SK-1105-1,Unisex,Title,Default Title,,,,,,,,,,5.20,,1,G,30,IN,3,3,3,,,Skruf,Super White Fresh Mint No.52 AW
Cryo AW Slim,"<p>Der G.4 Cryo von Swedish Match hat einen hellen. würzigen Charakter mit deutlichen Noten von Pfefferminz und Eukalyptus, dazu Spuren von Vanille. Ein langer schlanker All White Beutel mit optimierter Passform, aussen trocken mit einem feuchten Inhalt für lang anhaltende Geschmacksentfaltung und geringem Rinnen.</p>",Cryo AW Slim,Unisex,,,,,,,https://cdn.shopify.com/s/files/1/0072/0646/9679/products/1647422021844617_g4-cryo-aw.jpg,,,,,5.55,0.00,1,G,40000,IN,3,3,3,,,,
,,G4-2005-1,Unisex,Title,Default Title,,,,,,,,,,5.55,0.00,1,G,40000,IN,3,3,3,,,G.4,Cryo AW Slim
No.4 Cola X-Strong,"<p>Après No.4 Cola X-Strong ist ab sofort dein neuer Favorit. Ein Geschmack, der die Nostalgie von Cola verspricht, wie wir sie alle kennen und lieben. Ein sinnliches Erlebnis, welches am liebsten niemehr enden sollte. Jetzt in der starken Variante mit 15 mg/g Nikotin erhältlich!</p>
<p><strong>ÜBER APRÈS</strong><br data-mce-fragment=""1""><br data-mce-fragment=""1"">Après ist eine Premiummarke aus Stockholm, Schweden, die bestrebt ist, einzigartige und raffinierte Aromen in einem zeitlosen Design zu entwickeln. <br data-mce-fragment=""1"">Unsere Produkte strahlen Innovation, Schönheit und Qualität aus.<br data-mce-fragment=""1""><br data-mce-fragment=""1"">Die Mission ist es, Gefühle und Erinnerungen mit Stil einzufangen und sich deutlich von anderen Alternativen zu unterscheiden. Alles, um Ihnen ein optimales Erlebnis zu bieten und gleichzeitig die Umwelt zu schonen. Unsere Produkte und Verpackungen werden aus pflanzlichen Materialien hergestellt.<br data-mce-fragment=""1""><br data-mce-fragment=""1"">Alle Après-Produkte werden in Stockholm, Schweden, entwickelt und produziert.<br data-mce-fragment=""1""><br data-mce-fragment=""1"">Wir haben Après als Premiummarke geschaffen, bei der wir uns bemühen, einzigartige und raffinierte Aromen in einem zeitlosen Design zu entwickeln. Innovation, Ästhetik und Qualität sind die Werte, die uns leiten.</p>",No.4 Cola X-Strong,Unisex,,,,,,,https://cdn.shopify.com/s/files/1/0072/0646/9679/products/apres-no-4-cola-x-strong-aw.png,,,,,5.20,0.00,1,G,26000,IN,3,3,3,,,,
,,AP-4105-1,Unisex,Title,Default Title,,,,,,,,,,5.20,0.00,1,G,26000,IN,3,3,3,,,Après,No.4 Cola X-Strong
Ice Cold AW,<span>Die Pablo-Nikotinbeutel sind auf dem europäischen Markt sehr beliebt und werden aufgrund ihrer starken Nikotinabgabe schon seit Jahren verwendet.</span>,Ice Cold AW,Unisex,,,,,,,https://cdn.shopify.com/s/files/1/0072/0646/9679/products/6d83f66db85a8b33b6183e2b94acd5f0.jpg,,,,,5.20,0.00,1,G,28000,IN,3,3,3,,,,
,,PA-1005-1,Unisex,Title,Default Title,,,,,,,,,,5.20,0.00,1,G,28000,IN,3,3,3,,,Pablo,Ice Cold AW
Caribbean Spirit Strong AW,"<p>Sommer, Sonne, Snus: VELO Caribbean Spirit Strong bringt Dir den Sommer unter die Lippe! Das Aroma ist an den beliebten Drink Piña Colada angelehnt.</p>
<p>EPOK und LYFT heissen neu VELO!</p>
<p>Auf aromatisierter Zellulosebasis und völlig frei von Tabak kommen auch die<span> VELO </span>Beutel im Slim Format. Ohne Tabak bedeutet ohne gewöhnungsbedürftigen Tabakgeruch sowie ohne jegliche Tabakschadstoffe - aktuell gibt es weltweit keine weniger schädliche Art, Nikotin zu konsumieren. All White Snus / Nicotine Pouches bietet sich deshalb vor allem Rauchern an, welche mit Rauchentwöhnung wie Nikotinpflaster, Nikotinkaugummi oder Nikotinspray nichts anfangen können.</p>",Caribbean Spirit Strong AW,Unisex,,,,,,,https://cdn.shopify.com/s/files/1/0072/0646/9679/products/velo-caribbean-spirit-strong-aw-se.png,,,,,5.20,0.00,1,G,14,IN,3,3,3,,,,
,,VE-1605-1,Unisex,Title,Default Title,,,,,,,,,,5.20,0.00,1,G,14,IN,3,3,3,,,VELO (SE),Caribbean Spirit Strong AW
Frosted AW Slim,"Thunder jetzt auch als ""All White"" Nikotinbeutel erhältlich! Eiskalt mit einem heißen Stechen und einem vertrauten Spearmint-Geschmack.",Frosted AW Slim,Unisex,,,,,,,https://cdn.shopify.com/s/files/1/0072/0646/9679/products/Thunder-Frosted-Slim-AW.png,,,,,5.55,,1,G,30,IN,3,3,3,,,,
,,TH-5005-1,Unisex,Title,Default Title,,,,,,,,,,5.55,,1,G,30,IN,3,3,3,,,Thunder,Frosted AW Slim
Black Edition AW,"<meta charset=""utf-8"">
<div class=""item flex"">
<div class=""title"">
<div class=""info"">
<div class=""info"">
<p>Unter der Marke White Fox vertreibt der Produzent von <a href=""https://snushus.ch/collections/odens"" title=""Oden's"">Oden's</a> und <a href=""https://snushus.ch/collections/siberia"" title=""Siberia"">Siberia </a>(GN Tobacco) seine All White Portionsbeutel. Der White Fox kommt mit einem eisigen Minzgeschmack im Slim Beutel.</p>
<p> </p>
<p>Auf aromatisierter Zellulosebasis und völlig frei von Tabak kommen auch die White Fox Beutel im Slim Format. Ohne Tabak bedeutet ohne gewöhnungsbedürftigen Tabakgeruch sowie ohne jegliche Tabakschadstoffe - aktuell gibt es weltweit keine weniger schädliche Art, Nikotin zu konsumieren. All White Snus / Nicotine Pouches bietet sich deshalb vor allem Rauchern an, welche mit Rauchentwöhnung wie Nikotinpflaster, Nikotinkaugummi oder Nikotinspray nichts anfangen können.</p>
</div>
</div>
</div>
</div>
<div class=""item flex""></div>",Black Edition AW,Unisex,,,,,,,https://cdn.shopify.com/s/files/1/0072/0646/9679/products/32d9dcfa3a31396d441e599e0cd7dd38.jpg,,,,,5.20,0.00,1,G,30000,IN,3,3,3,,,,
,,WF-5005-1,Unisex,Title,Default Title,,,,,,,,,,5.20,0.00,1,G,30000,IN,3,3,3,,,White Fox,Black Edition AW
Violet Velvet AW,"<p>VID ist die neuste Kreation vom Hause Kurbits Snus AB - kräftige Schweizer Aromen treffen auf schwedisches Snus Know How.</p>
<p>Violet Velvet ist eine verspielte Kombination aus Veilchen und süsser Lakritze. Die schnelle Nikotinfreisetzung und der süsse Geschmack haben sich zu einer Sensation im Segment der frischen und süssen Nikotinbeutel entwickelt. Die Entwickler wollten dem Produkt das Gefühl eines angenehmen Geschmacks geben, der der nordischen Geschmackstradition nahe steht.</p>",Violet Velvet AW,Unisex,,,,,,,https://cdn.shopify.com/s/files/1/0072/0646/9679/products/VID-Violet-Velvet-AW.png,,,,,3.90,0.00,1,G,30000,IN,3,3,3,,,,
,,VI-6005-1,Unisex,Title,Default Title,,,,,,,,,,3.90,0.00,1,G,30000,IN,3,3,3,,,VID,Violet Velvet AW
Racing Raspberry AW,"<p>﻿AT Racing Raspberry spielt mit unseren Sinnen und versetzt uns zurück in die Kindheitserinnerungen, die aus dem Himbeerduft an der Laube oder am Wasser bestehen. Gleichzeitig sind es Himbeeren, die in jedem Süßwarenladen die Obertöne geben. Mit klarem Himbeerduft und der Stärkung sonnengereifter Erdbeeren wagen wir zu behaupten, dass dies ein Nikotinbeutel ist, der den Sommer bei jedem Wetter hervorbringt.</p>
<p> </p>
<p>Wenn es um einen leichten und leckeren Nikotinbeutel geht, ist VID Racing Raspberry eine einfache Wahl. Ansprechender Geschmack mit frischem Duft macht diesen Nikotinbeutel bei vielen zum Favoriten. Die Auswahl der Aromen, die sich in der Tüte befinden, soll die natürliche Süße der Beeren hervorheben, damit es so schmeckt, wie ein Sommertraum schmecken sollte.</p>",Racing Raspberry AW,Unisex,,,,,,,https://cdn.shopify.com/s/files/1/0072/0646/9679/products/VID-Racing-Rasperry-AW.png,,,,,3.90,0.00,1,G,30000,IN,3,3,3,,,,
,,VI-1105-1,Unisex,Title,Default Title,,,,,,,,,,3.90,0.00,1,G,30000,IN,3,3,3,,,VID,Racing Raspberry AW
Mini Cool Mint 3mg AW,"ZYN Mini Cool Mint ist treffend benannt - es liefert einen kühlenden Mentholgeschmack mit Noten von Pfefferminze. Die Beutel sind trocken und beginnen Geschmack und Nikotin zu liefern, sobald sie ein wenig feucht werden.",Mini Cool Mint 3mg AW,Unisex,,,,,,,https://cdn.shopify.com/s/files/1/0072/0646/9679/products/zyn-mini-cool-mint-3mg-aw-new.png,,,,,1.99,0.00,1,G,1,IN,3,3,3,,,,
,,ZY-1005-1,Unisex,Title,Default Title,,,,,,,,,,1.99,0.00,1,G,1,IN,3,3,3,,,ZYN,Mini Cool Mint 3mg AW
Peppermint AW,"<meta charset=""utf-8"">
<div class=""item flex"">
<div class=""title"">
<div class=""info"">
<div class=""info"">
<p>Unter der Marke White Fox vertreibt der Produzent von <a href=""https://snushus.ch/collections/odens"" title=""Oden's"">Oden's</a> und <a href=""https://snushus.ch/collections/siberia"" title=""Siberia"">Siberia </a>(GN Tobacco) seine All White Portionsbeutel. Der White Fox kommt mit einem eisigen Minzgeschmack im Slim Beutel.</p>
<p> </p>
<p>Auf aromatisierter Zellulosebasis und völlig frei von Tabak kommen auch die White Fox Beutel im Slim Format. Ohne Tabak bedeutet ohne gewöhnungsbedürftigen Tabakgeruch sowie ohne jegliche Tabakschadstoffe - aktuell gibt es weltweit keine weniger schädliche Art, Nikotin zu konsumieren. All White Snus / Nicotine Pouches bietet sich deshalb vor allem Rauchern an, welche mit Rauchentwöhnung wie Nikotinpflaster, Nikotinkaugummi oder Nikotinspray nichts anfangen können.</p>
</div>
</div>
</div>
</div>
<div class=""item flex""></div>",Peppermint AW,Unisex,,,,,,,https://cdn.shopify.com/s/files/1/0072/0646/9679/products/fe93b5a36240d50c4d88c4598d1928d1.jpg,,,,,5.20,0.00,1,G,30000,IN,3,3,3,,,,
,,WF-4005-1,Unisex,Title,Default Title,,,,,,,,,,5.20,0.00,1,G,30000,IN,3,3,3,,,White Fox,Peppermint AW
Blueberry Extra Strong AW,<span>Killa Blueberry Extra Strong Slim All White - schlanke Portionen mit süssem Heidelbeeraroma.</span>,Blueberry Extra Strong AW,Unisex,,,,,,,https://cdn.shopify.com/s/files/1/0072/0646/9679/products/2b2751bc8fc359606f682460463ded3a.jpg,,,,,5.20,0.00,1,G,28000,IN,3,3,3,,,,
,,KI-2005-1,Unisex,Title,Default Title,,,,,,,,,,5.20,0.00,1,G,28000,IN,3,3,3,,,Killa,Blueberry Extra Strong AW
Mini Cool Mint 9mg AW,"ZYN Mini Cool Mint ist treffend benannt - es liefert einen kühlenden Mentholgeschmack mit Noten von Pfefferminze. Die Beutel sind trocken und beginnen Geschmack und Nikotin zu liefern, sobald sie ein wenig feucht werden.",Mini Cool Mint 9mg AW,Unisex,,,,,,,https://cdn.shopify.com/s/files/1/0072/0646/9679/products/zyn-mini-cool-mint-9mg-aw.png,,,,,1.99,0.00,1,G,1,IN,3,3,3,,,,
,,ZY-1205-1,Unisex,Title,Default Title,,,,,,,,,,1.99,0.00,1,G,1,IN,3,3,3,,,ZYN,Mini Cool Mint 9mg AW
Red AW,"<span>Pablo Red, der einzige Nikotinbeutel auf dem Markt mit gleichzeitig kühlender und brennender Wirkung! </span>",Red AW,Unisex,,,,,,,https://cdn.shopify.com/s/files/1/0072/0646/9679/products/PabloRedAW.png,,,,,6.90,0.00,1,G,28000,IN,3,3,3,,,,
,,PA-2005-1,Unisex,Title,Default Title,,,,,,,,,,6.90,0.00,1,G,28000,IN,3,3,3,,,Pablo,Red AW
Super White Frozen Mint No.60 AW,"<meta charset=""utf-8"">
<div class=""item flex"">
<div class=""title""></div>
</div>
<div class=""item flex"">
<div class=""info"">
<p><span></span><span>Auf aromatisierter Zellulosebasis und völlig frei von Tabak kommen auch die Skruf Super White Beutel im Slim Format. Ohne Tabak bedeutet ohne gewöhnungsbedürftigen Tabakgeruch sowie ohne jegliche Tabakschadstoffe - aktuell gibt es weltweit keine weniger schädliche Art, Nikotin zu konsumieren. All White Snus / Nicotine Pouches bietet sich deshalb vor allem Rauchern an, welche mit Rauchentwöhnung wie Nikotinpflaster, Nikotinkaugummi oder Nikotinspray nichts anfangen können.<br></span></p>
<p> </p>
<p>Der Skruf Super White Blueberry schmeckt nach süsser Brombeere und hat einen durchschnittlichen Nikotingehalt.</p>
<p> </p>
<p>Der Artikel erscheint in einem neuen Design, hat jedoch die selbe Rezeptur wie der alt bekannte Skruf Frozen Shot #4 AW</p>
</div>
<div class=""info"">
<div class=""info"">
<div class=""item flex"">
<div class=""title""><br></div>
<div class=""title""><br></div>
</div>
</div>
</div>
</div>",Super White Frozen Mint No.60 AW,Unisex,,,,,,,https://cdn.shopify.com/s/files/1/0072/0646/9679/products/Skruf_Superwhite_frozen_mint_supeslim_no54_xtra.jpg,,,,,5.20,0.00,1,G,30000,IN,3,3,3,,,,
,,SK-1405-1,Unisex,Title,Default Title,,,,,,,,,,5.20,0.00,1,G,30000,IN,3,3,3,,,Skruf,Super White Frozen Mint No.60 AW
Mini Espressino 6mg AW,"ZYN Mini Espressino ist für diejenigen, die die Kombination von frisch geröstetem Kaffee lieben, aber auch den Geschmack von Schokolade, Nougat und Vanille mögen. Der Charakter ist leicht cremig und etwas dunkler als andere Geschmacksrichtungen.",Mini Espressino 6mg AW,Unisex,,,,,,,https://cdn.shopify.com/s/files/1/0072/0646/9679/products/zyn-mini-espressino-6mg-aw.png,,,,,1.99,0.00,1,G,1,IN,3,3,3,,,,
,,ZY-3105-1,Unisex,Title,Default Title,,,,,,,,,,1.99,0.00,1,G,1,IN,3,3,3,,,ZYN,Mini Espressino 6mg AW
No.7 Tangerine,"<span data-mce-fragment=""1"">Après No.7 Tangerine wurde kreiert, um den Geschmack von frisch gepresstem Mandarinensaft einzufangen. Ein natürlicher, fruchtiger Geschmack einer Mischung aus Orangenfrüchten. Die Portionen kommen im Slim-Format.</span>",No.7 Tangerine,Unisex,,,,,,,https://cdn.shopify.com/s/files/1/0072/0646/9679/products/dacf1813cbeea861144bac265f2dbd9e.jpg,,,,,5.20,0.00,1,G,26000,IN,3,3,3,,,,
,,AP-7005-1,Unisex,Title,Default Title,,,,,,,,,,5.20,0.00,1,G,26000,IN,3,3,3,,,Après,No.7 Tangerine
Mini Citrus 6mg AW,"ZYN Mini Citrus hat einen köstlichen frischen Geschmack von sonnigen Zitrusfrüchten mit Noten von Orangen und Zitronengras. Die Beutel sind trocken und beginnen, Geschmack und Nikotin zu liefern, sobald sie ein wenig feucht werden.",Mini Citrus 6mg AW,Unisex,,,,,,,https://cdn.shopify.com/s/files/1/0072/0646/9679/products/zyn-mini-citrus-6mg-aw.png,,,,,1.99,0.00,1,G,1,IN,3,3,3,,,,
,,ZY-2105-1,Unisex,Title,Default Title,,,,,,,,,,1.99,0.00,1,G,1,IN,3,3,3,,,ZYN,Mini Citrus 6mg AW
Deep Freeze AW Slim,"Thunder jetzt auch als ""All White"" Nikotinbeutel erhältlich!  Intensiver eisiger und frischer kühlender Charakter mit Noten von Eukalyptus und Menthol.",Deep Freeze AW Slim,Unisex,,,,,,,https://cdn.shopify.com/s/files/1/0072/0646/9679/products/Thunder-Deep-Freeze-Slim-AW.png,,,,,5.55,,1,G,30,IN,3,3,3,,,,
,,TH-6005-1,Unisex,Title,Default Title,,,,,,,,,,5.55,,1,G,30,IN,3,3,3,,,Thunder,Deep Freeze AW Slim
Perfect Pear AW,"<p>Der Sommer ist eine fantastische Zeit voller Sonne, Strand und eisigem Birneneis. Auch wenn wir nicht das ganze Jahr über sonnige Sommertage haben können, können wir dieses Gefühl überall hin mitnehmen. Sonnengereifte Birnen, die zusammen mit klaren Vanilletönen einen wunderbaren Geschmack und eine Weichheit erzeugen, die uns an Freizeit, Spiel und Wärme erinnern.</p>
<p> </p>
<p>Bei VID Perfect Pear wollten wir den Geschmack von köstlichem Birneneis hervorheben, einen Geschmack, den viele Menschen kennen und mögen. Die Aromen oszillieren zwischen Birnen-Vanille und Säure auf eine Weise, die herausfordernd ist, wenn es darum geht, was mit Aromen für Nikotinbeutel gemacht werden kann. Der weiche Geschmack und die angenehme Nikotinstärke machen VID Perfect Pear zum perfekten Produkt für diejenigen, die täglich Nikotinbeutel verwenden möchten, oder für diejenigen, die einen milden Nikotinbeutel wünschen, wenn das Verlangen nach Nikotin zu groß wird.</p>",Perfect Pear AW,Unisex,,,,,,,https://cdn.shopify.com/s/files/1/0072/0646/9679/products/VID-Perfect-Pear-AW.png,,,,,3.90,0.00,1,G,30000,IN,3,3,3,,,,
,,VI-8005-1,Unisex,Title,Default Title,,,,,,,,,,3.90,0.00,1,G,30000,IN,3,3,3,,,VID,Perfect Pear AW
Cold Mint Extra Strong AW,<span>Killa Cold Mint Extra Strong Slim All White - schlanke Portionen mit kühlendem Minzgeschmack.</span>,Cold Mint Extra Strong AW,Unisex,,,,,,,https://cdn.shopify.com/s/files/1/0072/0646/9679/products/c3a9d8486e1d81d69a40a5851c68db83.jpg,,,,,5.20,0.00,1,G,28000,IN,3,3,3,,,,
,,KI-1005-1,Unisex,Title,Default Title,,,,,,,,,,5.20,0.00,1,G,28000,IN,3,3,3,,,Killa,Cold Mint Extra Strong AW
Mini Cool Mint 6mg AW,"ZYN Mini Cool Mint ist treffend benannt - es liefert einen kühlenden Mentholgeschmack mit Noten von Pfefferminze. Die Beutel sind trocken und beginnen Geschmack und Nikotin zu liefern, sobald sie ein wenig feucht werden.",Mini Cool Mint 6mg AW,Unisex,,,,,,,https://cdn.shopify.com/s/files/1/0072/0646/9679/products/zyn-mini-cool-mint-6mg-aw.png,,,,,1.99,0.00,1,G,1,IN,3,3,3,,,,
,,ZY-1105-1,Unisex,Title,Default Title,,,,,,,,,,1.99,0.00,1,G,1,IN,3,3,3,,,ZYN,Mini Cool Mint 6mg AW
No.8 Raspberry Liqorice,"<p><span>Après No.8 Himbeer-Lakritz hat eine bewährte Geschmackskombination aus Himbeeren und Lakritz. Die Portionen sind im Slim-Format.</span></p>
<div class=""info"">
<div class=""info"">
<div class=""item flex"">
<div class=""title""></div>
</div>
</div>
</div>",No.8 Raspberry Liqorice,Unisex,,,,,,,https://cdn.shopify.com/s/files/1/0072/0646/9679/products/63b4e85f04bb64a309b30e0bd4b52c39.jpg,,,,,5.20,0.00,1,G,26000,IN,3,3,3,,,,
,,AP-8005-1,Unisex,Title,Default Title,,,,,,,,,,5.20,0.00,1,G,26000,IN,3,3,3,,,Après,No.8 Raspberry Liqorice
Ginger Lemon AW,"<p>Frisch geschälter Ingwer, frische Zitrone und Honig! Wer kann der bewährten Kombination widerstehen? Das Gewicht des Ingwers trifft auf die saure Zitrone und beide werden durch eine sanfte Süße verstärkt, die die Dreieinigkeit ergänzt, wenn es um den Hauptgeschmack der Entspannung geht. Die Aromen von VID Ginger Lemon wollen dir ein Gefühl von Pflege und Ruhe vermitteln – aber mit spürbarer Nikotinabgabe für lange Zeit.</p>
<p>Wenn etwas Sicheres und Umfassendes gefragt ist, ist VID Ginger Lemon die Antwort, wenn es um Nikotinbeutel geht. Die Aromen sind sauber und greifbar, ohne überwältigend zu sein, aber perfekt ausbalanciert für diejenigen, die einen erwachseneren Geschmack in ihrem Nikotinbeutel haben möchten.</p>",Ginger Lemon AW,Unisex,,,,,,,https://cdn.shopify.com/s/files/1/0072/0646/9679/products/VID-Ginger-Lemon-aw.png,,,,,3.90,0.00,1,G,30000,IN,3,3,3,,,,
,,VI-9005-1,Unisex,Title,Default Title,,,,,,,,,,3.90,0.00,1,G,30000,IN,3,3,3,,,VID,Ginger Lemon AW
Super White Red Rhuby #3 AW,"<meta charset=""utf-8"">
<div class=""item flex "">
<div class=""title""></div>
</div>
<div class=""item flex "">
<div class=""info"">
<p>Auf aromatisierter Zellulosebasis und völlig frei von Tabak kommen auch die Skruf Super White Beutel im Slim Format. Ohne Tabak bedeutet ohne gewöhnungsbedürftigen Tabakgeruch sowie ohne jegliche Tabakschadstoffe - aktuell gibt es weltweit keine weniger schädliche Art, Nikotin zu konsumieren. All White Snus / Nicotine Pouches bietet sich deshalb vor allem Rauchern an, welche mit Rauchentwöhnung wie Nikotinpflaster, Nikotinkaugummi oder Nikotinspray nichts anfangen können.<br></p>
</div>
<div class=""info"">
<div class=""info"">
<div class=""item flex "">
<div class=""title"">
<p> </p>
<p>Der Skruf Super White Red Rhuby<span> schmeckt nach frischem Rhabarber </span>und hat einen durchschnittlichen<span> </span>Nikotingehalt.</p>
</div>
<div class=""title""><br></div>
</div>
</div>
</div>
</div>",Super White Red Rhuby #3 AW,Unisex,,,,,,,https://cdn.shopify.com/s/files/1/0072/0646/9679/products/skruf-red-rhuby-3-super-white.png,,,,,5.20,,1,G,30,IN,3,3,3,,,,
,,SK-5005-1,Unisex,Title,Default Title,,,,,,,,,,5.20,,1,G,30,IN,3,3,3,,,Skruf,Super White Red Rhuby #3 AW
Super White Nordic #4,"<meta charset=""utf-8""><div class=""item flex ""><div class=""title""></div></div><div class=""item flex "">
<div class=""info"">
<p><span></span><span>Auf aromatisierter Zellulosebasis und völlig frei von Tabak kommen auch die Skruf Super White Beutel im Slim Format. Ohne Tabak bedeutet ohne gewöhnungsbedürftigen Tabakgeruch sowie ohne jegliche Tabakschadstoffe - aktuell gibt es weltweit keine weniger schädliche Art, Nikotin zu konsumieren. All White Snus / Nicotine Pouches bietet sich deshalb vor allem Rauchern an, welche mit Rauchentwöhnung wie Nikotinpflaster, Nikotinkaugummi oder Nikotinspray nichts anfangen können.<br></span></p>
<p> </p>
<p>Der Skruf Super White Blueberry schmeckt nach süsser Brombeere und hat einen durchschnittlichen Nikotingehalt.</p>
</div>
<div class=""info""><div class=""info""><div class=""item flex "">
<div class=""title""><br></div>
<div class=""title""><br></div>
</div></div></div>
</div>",Super White Nordic #4,Unisex,,,,,,,https://cdn.shopify.com/s/files/1/0072/0646/9679/products/8c2dee2c2b977ab00f937715225e6eea.jpg,,,,,5.20,0.00,1,G,30000,IN,3,3,3,,,,
,,SK-1505-1,Unisex,Title,Default Title,,,,,,,,,,5.20,0.00,1,G,30000,IN,3,3,3,,,Skruf,Super White Nordic #4
Salty Liquorice AW,Ein aufregendes Zusammenspiel von einer salzigen Note und dem einzigartigen Lakritze-Geschmack – das wird den Fans von VID Salty Liquorice Slim Strong All White Portion Nikotinbeutel mit Nikotingehalt 12 mg/g geboten.,Salty Liquorice AW,Unisex,,,,,,,https://cdn.shopify.com/s/files/1/0072/0646/9679/products/vid-salty-liquorice-aw.png,,,,,3.90,0.00,1,G,1,IN,3,3,3,,,,
,,VI-1205-1,Unisex,Title,Default Title,,,,,,,,,,3.90,0.00,1,G,1,IN,3,3,3,,,VID,Salty Liquorice AW
Ice Mint Slim AW,Erfrischender Snus mit vollmundigem Charakter – Snus Super White Ice Mint SLIM,Ice Mint Slim AW,Unisex,,,,,,,https://cdn.shopify.com/s/files/1/0072/0646/9679/products/royal-lifestyle-ice-mint-aw.jpg,,,,,6.90,0.00,1,G,32,IN,3,3,3,,,,
,,RL-2010-1,Unisex,Title,Default Title,,,,,,,,,,6.90,0.00,1,G,32,IN,3,3,3,,,Royal Lifestyle,Ice Mint Slim AW
Mint-Lime Slim (Joker) AW,Kräftiger Special Snus mit Limettenkick auf Minze- Snus Special Limette/Mint SLIM Super White<br>,Mint-Lime Slim (Joker) AW,Unisex,,,,,,,https://cdn.shopify.com/s/files/1/0072/0646/9679/products/royal-lifestyle-mint-lime-joker-aw.jpg,,,,,6.90,0.00,1,G,32,IN,3,3,3,,,,
,,RL-3010-1,Unisex,Title,Default Title,,,,,,,,,,6.90,0.00,1,G,32,IN,3,3,3,,,Royal Lifestyle,Mint-Lime Slim (Joker) AW
Chill-Mint Slim (Sparten) AW,Cool Chill Mint Special Snus mit verschiedene Minzaroma – Snus Special Chill/Mint SLIM Super White,Chill-Mint Slim (Sparten) AW,Unisex,,,,,,,https://cdn.shopify.com/s/files/1/0072/0646/9679/products/royal-lifestyle-chill-mint-spartan-aw.jpg,,,,,6.90,0.00,1,G,32,IN,3,3,3,,,,
,,RL-4010-1,Unisex,Title,Default Title,,,,,,,,,,6.90,0.00,1,G,32,IN,3,3,3,,,Royal Lifestyle,Chill-Mint Slim (Sparten) AW
Eucalyptus Slim AW,Belebender Snus mit vollmundigem Charakter – Snus Super White Eucalypthus SLIM,Eucalyptus Slim AW,Unisex,,,,,,,https://cdn.shopify.com/s/files/1/0072/0646/9679/products/royal-lifestyle-eucalyptus-aw.jpg,,,,,6.90,0.00,1,G,32,IN,3,3,3,,,,
,,RL-5010-1,Unisex,Title,Default Title,,,,,,,,,,6.90,0.00,1,G,32,IN,3,3,3,,,Royal Lifestyle,Eucalyptus Slim AW
Mint-Menthol Slim (Punisher) AW,Royal Lifetsyle Cool Menthol Special Snus mit Minzaroma – Snus Special Menthol/Mint SLIM Super White,Mint-Menthol Slim (Punisher) AW,Unisex,,,,,,,https://cdn.shopify.com/s/files/1/0072/0646/9679/products/royal-lifestyle-menthol-mint-punisher-aw.jpg,,,,,6.90,0.00,1,G,32,IN,3,3,3,,,,
,,RL-6010-1,Unisex,Title,Default Title,,,,,,,,,,6.90,0.00,1,G,32,IN,3,3,3,,,Royal Lifestyle,Mint-Menthol Slim (Punisher) AW
Perfect Pear Strong AW,"Der Sommer ist eine fantastische Zeit voller Sonne, Strand und eisigem Birneneis. Auch wenn wir nicht das ganze Jahr über sonnige Sommertage haben können, können wir dieses Gefühl überall hin mitnehmen. Sonnengereifte Birnen, die zusammen mit klaren Vanilletönen einen wunderbaren Geschmack und eine Weichheit erzeugen, die uns an Freizeit, Spiel und Wärme erinnern.<br data-mce-fragment=""1""><br data-mce-fragment=""1""><br data-mce-fragment=""1"">Bei VID Perfect Pear Strong wollten wir den Geschmack von köstlichem Birneneis hervorheben, einen Geschmack, den viele Menschen kennen und mögen. Die Aromen oszillieren zwischen Birnen-Vanille und Säure auf eine Weise, die herausfordernd ist, wenn es darum geht, was mit Aromen für Nikotinbeutel gemacht werden kann. Der weiche Geschmack und die angenehme Nikotinstärke machen VID Perfect Pear zum perfekten Produkt für diejenigen, die täglich Nikotinbeutel verwenden möchten, oder für diejenigen, die einen milden Nikotinbeutel wünschen, wenn das Verlangen nach Nikotin zu groß wird.<br>",Perfect Pear Strong AW,Unisex,,,,,,,https://cdn.shopify.com/s/files/1/0072/0646/9679/products/VID_Perfect_Pear_Strong_dt.png,,,,,3.90,0.00,1,G,14,IN,3,3,3,,,,
,,VI-8105-1,Unisex,Title,Default Title,,,,,,,,,,3.90,0.00,1,G,14,IN,3,3,3,,,VID,Perfect Pear Strong AW
Fresh Cola Strong AW,"VID ist die neuste Kreation vom Hause Kurbits Snus AB - kräftige Schweizer Aromen treffen auf schwedisches Snus Know How. Eine Abwechslung zu allen Nikotinbeuteln welche es bisher gab: VID Fresh Cola strong  ist, wie der Name schon sagt, ein All White Snus mit Cola Geschmack! Ein unbeschreibliches Geschmackserlebnis. Auf aromatisierter Zellulosebasis und völlig frei von Tabak kommen auch die VID Beutel im Slim Format. Ohne Tabak bedeutet ohne gewöhnungsbedürftigen Tabakgeruch sowie ohne jegliche Tabakschadstoffe - aktuell gibt es weltweit keine weniger schädliche Art, Nikotin zu konsumieren. All White Snus / Nicotine Pouches bietet sich deshalb vor allem Rauchern an, welche mit Rauchentwöhnung wie Nikotinpflaster, Nikotinkaugummi oder Nikotinspray nichts anfangen können.",Fresh Cola Strong AW,Unisex,,,,,,,https://cdn.shopify.com/s/files/1/0072/0646/9679/products/VID_Fresh_cola_Strong_dt.png,,,,,3.90,0.00,1,G,14,IN,3,3,3,,,,
,,VI-5105-1,Unisex,Title,Default Title,,,,,,,,,,3.90,0.00,1,G,14,IN,3,3,3,,,VID,Fresh Cola Strong AW
Coffee Caramel Strong AW,"Der VID Coffee Caramel strong All White Snus ist die neuste Kreation vom Hause Kurbits Snus AB und überzeugt geschmacklich mit einer perfekten Balance zwischen starken Arabica-Kaffeebohnen sowie karamellisierter Vanille. Mittelmässig süss und durchschnittlich stark sind diese Beutel etwas für Geniesser, die den Kaffeegeschmack lieben!<br>Auf aromatisierter Zellulosebasis und völlig frei von Tabak kommen auch die VID Beutel im Slim Format. Ohne Tabak bedeutet ohne gewöhnungsbedürftigen Tabakgeruch sowie ohne jegliche Tabakschadstoffe - aktuell gibt es weltweit keine weniger schädliche Art, Nikotin zu konsumieren. All White Snus / Nicotine Pouches bietet sich deshalb vor allem Rauchern an, welche mit Rauchentwöhnung wie Nikotinpflaster, Nikotinkaugummi oder Nikotinspray nichts anfangen können.",Coffee Caramel Strong AW,Unisex,,,,,,,https://cdn.shopify.com/s/files/1/0072/0646/9679/products/VID_Caramel_Coffe_Strong_dt.png,,,,,3.90,0.00,1,G,14,IN,3,3,3,,,,
,,VI-7105-1,Unisex,Title,Default Title,,,,,,,,,,3.90,0.00,1,G,14,IN,3,3,3,,,VID,Coffee Caramel Strong AW
Extremely Strong AW,"<span data-mce-fragment=""1"">Der beliebteste Brand der Schweizer kommt nun auch mit einer All-White Variante daher! Der Siberia Extremely Strong AW kommt mit starken 33 mg/g Nikotin.</span>",Extremely Strong AW,Unisex,,,,,,,https://cdn.shopify.com/s/files/1/0072/0646/9679/products/Siberia-all-white-regular-sized600.jpg,,,,,6.90,0.00,1,G,15,IN,3,3,3,,,,
,,SI-9005-1,Unisex,Title,Default Title,,,,,,,,,,6.90,0.00,1,G,15,IN,3,3,3,,,Siberia,Extremely Strong AW
Extremely Strong Slim AW,Der beliebteste Brand der Schweizer kommt nun auch mit einer All-White Variante daher! Der Siberia Extremely Strong AW kommt mit starken 33 mg/g Nikotin.,Extremely Strong Slim AW,Unisex,,,,,,,https://cdn.shopify.com/s/files/1/0072/0646/9679/products/Siberia-all-white-slim-sized600.jpg,,,,,6.90,,1,G,15,IN,3,3,3,,,,
,,SI-9015-1,Unisex,Title,Default Title,,,,,,,,,,6.90,,1,G,15,IN,3,3,3,,,Siberia,Extremely Strong Slim AW
No.4 Après Cola Mini,"Après No.4 Cola mini ist ab sofort dein neuer Favorit. Ein Geschmack, der die Nostalgie von Cola verspricht, wie wir sie alle kennen und lieben. Ein sinnliches Erlebnis, welches am liebsten niemehr enden sollte. ÜBER APRÈS<br data-mce-fragment=""1""><br data-mce-fragment=""1"">Après ist eine Premiummarke aus Stockholm, Schweden, die bestrebt ist, einzigartige und raffinierte Aromen in einem zeitlosen Design zu entwickeln. <br data-mce-fragment=""1"">Unsere Produkte strahlen Innovation, Schönheit und Qualität aus.<br data-mce-fragment=""1""><br data-mce-fragment=""1"">Die Mission ist es, Gefühle und Erinnerungen mit Stil einzufangen und sich deutlich von anderen Alternativen zu unterscheiden. Alles, um Ihnen ein optimales Erlebnis zu bieten und gleichzeitig die Umwelt zu schonen. Unsere Produkte und Verpackungen werden aus pflanzlichen Materialien hergestellt.<br data-mce-fragment=""1""><br data-mce-fragment=""1"">Alle Après-Produkte werden in Stockholm, Schweden, entwickelt und produziert.<br data-mce-fragment=""1""><br data-mce-fragment=""1"">Wir haben Après als Premiummarke geschaffen, bei der wir uns bemühen, einzigartige und raffinierte Aromen in einem zeitlosen Design zu entwickeln. Innovation, Ästhetik und Qualität sind die Werte, die uns leiten.<br>
<div class=""info"">
<div class=""info"">
<div class=""item flex"">
<div class=""title""></div>
</div>
</div>
</div>",No.4 Après Cola Mini,Unisex,,,,,,,https://cdn.shopify.com/s/files/1/0072/0646/9679/products/apres_no_4_cola_mini_aw_31f08256-762f-4fb5-8cc4-2be9a5abb1ce.jpg,,,,,5.20,0.00,1,G,26000,IN,3,3,3,,,,
,,AP-4019-1,Unisex,Title,Default Title,,,,,,,,,,5.20,0.00,1,G,26000,IN,3,3,3,,,Après,No.4 Après Cola Mini
No.5 Après Ice Tea Peach Mini,"<p>Après No.5 Ice Tea Peach mini ist ein köstlicher, vollmundiger Eistee mit einem Geschmack von süssem Pfirsich mit einem Hauch von schwarzem Tee. Fast so, als hätten Sie eine grosse Karaffe direkt in einen weichen kleinen Beutel gegossen.</p>
<div class=""info"">
<div class=""info"">
<div class=""item flex"">
<div class=""title""></div>
</div>
</div>
</div>",No.5 Après Ice Tea Peach Mini,Unisex,,,,,,,https://cdn.shopify.com/s/files/1/0072/0646/9679/products/apres_no_5_ice_tea_peach_mini_aw_ff4ee7d2-b3b7-4500-a357-17e7d84bb260.jpg,,,,,5.20,0.00,1,G,26000,IN,3,3,3,,,,
,,AP-5019-1,Unisex,Title,Default Title,,,,,,,,,,5.20,0.00,1,G,26000,IN,3,3,3,,,Après,No.5 Après Ice Tea Peach Mini
No.8 Après Raspberry Liqorice Mini,"<p>Après No.8 Himbeer-Lakritz mini hat eine bewährte Geschmackskombination aus Himbeeren und Lakritz. Die Portionen sind im Slim-Format.</p>
<div class=""info"">
<div class=""info"">
<div class=""item flex"">
<div class=""title""></div>
</div>
</div>
</div>",No.8 Après Raspberry Liqorice Mini,Unisex,,,,,,,https://cdn.shopify.com/s/files/1/0072/0646/9679/products/apres_no_8_Raspberry_Liqorice_mini_aw_5833eadf-8d7b-4f54-ac57-1986ec33eaa0.jpg,,,,,5.20,0.00,1,G,26000,IN,3,3,3,,,,
,,AP-8019-1,Unisex,Title,Default Title,,,,,,,,,,5.20,0.00,1,G,26000,IN,3,3,3,,,Après,No.8 Après Raspberry Liqorice Mini
Jalapeno Lime Extra Strong AW,"<p data-mce-fragment=""1"">Loop Jalapeño Lime Slim Strong<span data-mce-fragment=""1""> </span>ist sicherlich einzigartig. Mit seinen scharfen Noten von grünem Jalapeño, die Sie sofort erreichen, wenn der Nikotinbeutel unter der Oberlippe angefeuchtet ist, und dem säuerlichen Abgang in Form von Limette wird er Ihnen ein Geschmackserlebnis bescheren, das Sie so schnell nicht vergessen werden! Minzprodukte waren anfangs das große Ding in Europa. Heute gibt es sie in Hülle und Fülle. Aber irgendwann gab es eine Verschiebung der Nachfrage und die europäischen Anwender wünschen sich jetzt einzigartigere Mischungen wie Jalapeño und Limette!</p>
<p data-mce-fragment=""1"">Die Portionen sind dünn und schmal, wodurch sie perfekt unter Ihre Lippe passen. Dank des all white, tabakfreien Inhalts jedes Beutels verfärben sich Ihre Zähne nicht. Auch übermäßiges Tropfen ist nicht zu befürchten. Mit der ständigen Bewegung von Menschen über Ozeane und Ländergrenzen hinweg wird es für die Benutzer immer wichtiger, einen diskreten Beutel zu haben, der keiner Erklärung oder Rechtfertigung bedarf – hier eignen sich die unglaublichen Beutel von LOOP wirklich hervorragend. Sie sind beides – bequem und diskret! Der Nikotingehalt liegt bei 15 mg/g – ein starker Nikotingehalt, der vom erfahrenen Benutzer geschätzt wird.</p>
<p data-mce-fragment=""1"">LOOP wird von Another Snus Factory hergestellt, die ihren Sitz in Stockholm und in Oslo hat. LOOP ist die erste Marke dieses aufstrebenden Snusherstellers.</p>",Jalapeno Lime Extra Strong AW,Unisex,,,,,,,https://cdn.shopify.com/s/files/1/0072/0646/9679/products/Loop_Jalapeno_lime_extra_strong.png,,,,,8.90,,1,G,13,IN,3,3,3,,,,
,,LO-1000-1,Unisex,Title,Default Title,,,,,,,,,,8.90,,1,G,13,IN,3,3,3,,,LOOP,Jalapeno Lime Extra Strong AW
Habanero Mint Extra Strong AW,"<p data-mce-fragment=""1"">Loop Habanero Mint Extra Strong<strong data-mce-fragment=""1""><span data-mce-fragment=""1""> </span></strong>ist ein starker Nikotinbeutel mit einer Kombination aus scharfer Habanero (Chili) und kühler Minze, wodurch das Erlebnis dieses starken Nikotinbeutels sehr intensiv ist. Die Mischung aus würzigem Chili und kühlender Minze ist genial und köstlich interessant.</p>
<p data-mce-fragment=""1"">Diese Nikotinbeutel enthalten einen Nikotingehalt von 20 mg/g, was stark ist. Sie geben ihren Inhalt dank LOOPs InstantRush-Technologie schnell und kraftvoll ab, was bedeutet, dass der Nikotinkick aus diesen Beuteln stark und unmittelbar ist. Eine Dose kommt mit 24 Beuteln, die schlank und feucht und völlig tropffrei sind.</p>
<p data-mce-fragment=""1"">LOOP ist eine Marke, die das Wort Spaß wirklich verkörpert. Ihre Dosen, ihre Geschmacksrichtungen, ihre Website, alles an ihnen sticht hervor und das ist ein Grund für die Liebe, die sie erhalten haben. Sie sind auch für ihre Intensität und ihren starken Nikotingehalt bekannt, der zwischen 10 mg/g und 20 mg/g liegt</p>",Habanero Mint Extra Strong AW,Unisex,,,,,,,https://cdn.shopify.com/s/files/1/0072/0646/9679/products/Loop_Habanero_mint_extra_strong.png,,,,,8.90,0.00,1,G,13,IN,3,3,3,,,,
,,LO-2000-1,Unisex,Title,Default Title,,,,,,,,,,8.90,0.00,1,G,13,IN,3,3,3,,,LOOP,Habanero Mint Extra Strong AW
Ice Mango AW DUOPACK,"<span data-mce-fragment=""1"">Der DOPE Ice Mango Strong ist eine saftige Mischung aus dem eisigen Gefühl von DOPE und dem unverwechselbaren fruchtigen Geschmack von Mango. Die DOPE RUSH Instant Kick Technologie setzt das Nikotin mit intensivem und kraftvollem Kick frei. Wenn Du einen erfrischenden Geschmack mit garantiertem Kick willst, ist Deine Wahl DOPE! Jede Dose enthält 22 Nikotinbeutel im Slimformat.</span>",Ice Mango AW DUOPACK,Unisex,,,,,,,https://cdn.shopify.com/s/files/1/0072/0646/9679/products/dope_ice_mango_strong_edition.jpg,,,,,5.90,0.00,1,G,15,IN,3,3,3,,,,
,,DO-1020-1,Unisex,Title,Default Title,,,,,,,,,,5.90,0.00,1,G,15,IN,3,3,3,,,DOPE,Ice Mango AW DUOPACK
Lime Smash AW DUOPACK,"<span data-mce-fragment=""1"">Der DOPE Lime Smash Strong ist eine exotische Mischung aus dem eisigen Gefühl von DOPE und dem süsslichen Geschmack von Limette. Die DOPE RUSH Instant Kick Technologie setzt das Nikotin mit intensivem und kraftvollem Kick frei. Wenn Du einen erfrischenden Geschmack mit garantiertem Kick willst, ist Deine Wahl DOPE! Jede Dose enthält 22 Nikotinbeutel im Slimformat.</span>",Lime Smash AW DUOPACK,Unisex,,,,,,,https://cdn.shopify.com/s/files/1/0072/0646/9679/products/Dope_Lime_Smash_Strong_Edition.jpg,,,,,5.90,,1,G,15,IN,3,3,3,,,,
,,DO-2020-1,Unisex,Title,Default Title,,,,,,,,,,5.90,,1,G,15,IN,3,3,3,,,DOPE,Lime Smash AW DUOPACK
Eucalyptus X-Strong AW,"<span data-mce-fragment=""1"">Von der bekannten Marke Velo kommt mit Velo Eucalyptus Slim X-Strong All White Portion eine neue Geschmacksrichtung der populären Marke. Dabei ist nicht nur das Geschmackserlebnis recht intensiv. Auch der Nikotinkick ist mit einem Nikotingehalt 15,6 mg/g eher stark. Die 20 All-White Portionen im Slim-Format sind zudem in einer praktischen Dose verpackt, die auch für unterwegs passt.</span>",Eucalyptus X-Strong AW,Unisex,,,,,,,https://cdn.shopify.com/s/files/1/0072/0646/9679/products/velo_eucalyptus_x_strong_aw.jpg,,,,,5.20,0.00,1,G,30,IN,3,3,3,,,,
,,VE-1805-1,Unisex,Title,Default Title,,,,,,,,,,5.20,0.00,1,G,30,IN,3,3,3,,,VELO (SE),Eucalyptus X-Strong AW
Royal Tea AW,"VELO Royal Tea Slim ist ein Nikotinbeutel, der Ihnen ein blumiges und frisches Geschmackserlebnis bietet. Der Geschmack ist gut ausbalanciert durch schwarzen Tee und Bergamotte mit einem süßen Abgang. VELO Royal Tea Slim hat den bekannten leichten, feuchten und schlanken Beutel. Perfekt für den täglichen Gebrauch.",Royal Tea AW,Unisex,,,,,,,https://cdn.shopify.com/s/files/1/0072/0646/9679/products/velo_royal_tea_aw.jpg,,,,,5.20,0.00,1,G,30,IN,3,3,3,,,,
,,VE-1705-1,Unisex,Title,Default Title,,,,,,,,,,5.20,0.00,1,G,30,IN,3,3,3,,,VELO (SE),Royal Tea AW
Mini Ice Cool Strong AW,"<span data-mce-fragment=""1"">Die Minibeutel haben den gleichen intensiv kühlenden Minzgeschmack, für den VELO Ice Cool bekannt ist: scharfe Pfefferminze mit einem Hauch von Süsse und Minze.</span>",Mini Ice Cool Strong AW,Unisex,,,,,,,https://cdn.shopify.com/s/files/1/0072/0646/9679/products/velo_mini_ice_cool_strong_aw.jpg,,,,,5.20,0.00,1,G,20,IN,3,3,3,,,,
,,VE-6105-1,Unisex,Title,Default Title,,,,,,,,,,5.20,0.00,1,G,20,IN,3,3,3,,,VELO (SE),Mini Ice Cool Strong AW
COLD Bigpack,Der edel Cold das bisher stärkste All White Produkt auf dem Schweizer Markt. Unsere einzigartige Minz-Menthol Mischung mit Frischebooster und 20 mg/g Nikotin wurde explizit für die Vorlieben der heimischen Konsumenten entwickelt. Mit der Kraft vom COLD kann kommen was wolle - immer und überall. Jetzt auch in der Vorteilspackung mit 100 Beutel! Die abgebildeten Dosen auf Bild 2 sind nur als Vergleich zu verstehen und sind im Bigpack nicht enthalten.,COLD Bigpack,Unisex,,,,,,,https://cdn.shopify.com/s/files/1/0072/0646/9679/products/edelsnus-cold-all-white-big-pack.png,https://cdn.shopify.com/s/files/1/0072/0646/9679/products/edelsnus-cold-all-white-big-pack-comparison.png,,,,24.90,0.00,1,G,1,IN,3,3,3,,,,
,,ED-1020-1,Unisex,Title,Default Title,,,,,,,,,,24.90,0.00,1,G,1,IN,3,3,3,,,edel,COLD Bigpack
ONYX Bigpack,"<p><span data-mce-fragment=""1"">Saftige Bergkräutermischung mit einem Hauch von Eukalyptus – nochmal deutlich mehr Kick als der beliebte edel COLD. Onyx ist nichts für schwache Gemüter, aber trotzdem unglaublich lecker.  Bist du bereit für den Kick? Feel Unique und tauche ein in die Welt von edel.</span></p>
<p><span data-mce-fragment=""1"">Den edel ONYX gibt es jetzt auch in der Grosspackung mit 100 Beuteln! Die abgebildeten Dosen auf Bild 2 sind nur als Vergleich zu verstehen und sind im Bigpack nicht enthalten.</span></p>",ONYX Bigpack,Unisex,,,,,,,https://cdn.shopify.com/s/files/1/0072/0646/9679/products/edelsnus-onyx-all-white-big-pack.png,https://cdn.shopify.com/s/files/1/0072/0646/9679/products/edelsnus-onyx-all-white-big-pack-comparison.png,,,,24.90,0.00,1,G,1,IN,3,3,3,,,,
,,ED-9020-1,Unisex,Title,Default Title,,,,,,,,,,24.90,0.00,1,G,1,IN,3,3,3,,,edel,ONYX Bigpack
No.5 Ice Tea Peach,"Après No.5 Ice Tea Peach ist ein köstlicher, vollmundiger Eistee mit einem Geschmack von süssem Pfirsich mit einem Hauch von schwarzem Tee. Fast so, als hätten Sie eine grosse Karaffe direkt in einen weichen kleinen Beutel gegossen.",No.5 Ice Tea Peach,Unisex,,,,,,,https://cdn.shopify.com/s/files/1/0072/0646/9679/products/apres-no-5-ice-tea-peach-aw.png,,,,,5.20,0.00,1,G,1,IN,3,3,3,,,,
,,AP-5005-1,Unisex,Title,Default Title,,,,,,,,,,5.20,0.00,1,G,1,IN,3,3,3,,,Après,No.5 Ice Tea Peach
No.4 Cola,"<p>Après No.4 Cola ist ab sofort dein neuer Favorit. Ein Geschmack, der die Nostalgie von Cola verspricht, wie wir sie alle kennen und lieben. Ein sinnliches Erlebnis, welches am liebsten niemehr enden sollte.</p>
<p> </p>
<p><strong>ÜBER APRÈS</strong><br>Après ist eine Premiummarke aus Stockholm, Schweden, die bestrebt ist, einzigartige und raffinierte Aromen in einem zeitlosen Design zu entwickeln. <br>Unsere Produkte strahlen Innovation, Schönheit und Qualität aus.<br><br>Die Mission ist es, Gefühle und Erinnerungen mit Stil einzufangen und sich deutlich von anderen Alternativen zu unterscheiden. Alles, um Ihnen ein optimales Erlebnis zu bieten und gleichzeitig die Umwelt zu schonen. Unsere Produkte und Verpackungen werden aus pflanzlichen Materialien hergestellt.<br><br>Alle <a href=""http://snushus.ch/collections/apres"">Après-Produkte</a> werden in Stockholm, Schweden, entwickelt und produziert.<br><br>Wir haben Après als Premiummarke geschaffen, bei der wir uns bemühen, einzigartige und raffinierte Aromen in einem zeitlosen Design zu entwickeln. Innovation, Ästhetik und Qualität sind die Werte, die uns leiten.</p>",No.4 Cola,Unisex,,,,,,,https://cdn.shopify.com/s/files/1/0072/0646/9679/products/apres-no-4-cola-aw.png,,,,,5.20,0.00,1,G,1,IN,3,3,3,,,,
,,AP-4005-1,Unisex,Title,Default Title,,,,,,,,,,5.20,0.00,1,G,1,IN,3,3,3,,,Après,No.4 Cola
No.5 Ice Tea Peach X-Strong,"Après No.5 Ice Tea Peach X-Strong ist ein köstlicher, vollmundiger Eistee mit einem Geschmack von süssem Pfirsich mit einem Hauch von schwarzem Tee. Fast so, als hätten Sie eine grosse Karaffe direkt in einen weichen kleinen Beutel gegossen. Jetzt in der starken Variante mit 15 mg/g Nikotin erhältlich!",No.5 Ice Tea Peach X-Strong,Unisex,,,,,,,https://cdn.shopify.com/s/files/1/0072/0646/9679/products/apres-no-5-ice-tea-peach-x-strong-aw.png,,,,,5.20,0.00,1,G,26000,IN,3,3,3,,,,
,,AP-5105-1,Unisex,Title,Default Title,,,,,,,,,,5.20,0.00,1,G,26000,IN,3,3,3,,,Après,No.5 Ice Tea Peach X-Strong
No.2 Mint,"<p>Après No.2 Mint schmeckt so, wie eine Minze schmecken sollte. Süss, frisch und mit einem Hauch Pfefferminze, welches Ihnen ein anhaltendes Gefühl von Vitalität verleiht.</p>
<p><br><strong data-mce-fragment=""1"">ÜBER APRÈS</strong><br data-mce-fragment=""1""><span data-mce-fragment=""1"">Après ist eine Premiummarke aus Stockholm, Schweden, die bestrebt ist, einzigartige und raffinierte Aromen in einem zeitlosen Design zu entwickeln.</span><br data-mce-fragment=""1""><span data-mce-fragment=""1"">Unsere Produkte strahlen Innovation, Schönheit und Qualität aus.</span><br data-mce-fragment=""1""><br data-mce-fragment=""1""><span data-mce-fragment=""1"">Die Mission ist es, Gefühle und Erinnerungen mit Stil einzufangen und sich deutlich von anderen Alternativen zu unterscheiden. Alles, um Ihnen ein optimales Erlebnis zu bieten und gleichzeitig die Umwelt zu schonen. Unsere Produkte und Verpackungen werden aus pflanzlichen Materialien hergestellt.</span><br data-mce-fragment=""1""><br data-mce-fragment=""1""><span data-mce-fragment=""1"">Alle </span><a href=""http://snushus.ch/collections/apres"" data-mce-fragment=""1"" data-mce-href=""http://snushus.ch/collections/apres"">Après-Produkte</a><span data-mce-fragment=""1""> werden in Stockholm, Schweden, entwickelt und produziert.</span><br data-mce-fragment=""1""><br data-mce-fragment=""1""><span data-mce-fragment=""1"">Wir haben Après als Premiummarke geschaffen, bei der wir uns bemühen, einzigartige und raffinierte Aromen in einem zeitlosen Design zu entwickeln. Innovation, Ästhetik und Qualität sind die Werte, die uns leiten.</span><br></p>",No.2 Mint,Unisex,,,,,,,https://cdn.shopify.com/s/files/1/0072/0646/9679/products/apres-no-2-mint-aw.png,,,,,5.20,0.00,1,G,1,IN,3,3,3,,,,
,,AP-2005-1,Unisex,Title,Default Title,,,,,,,,,,5.20,0.00,1,G,1,IN,3,3,3,,,Après,No.2 Mint
No.3 Lemon,"<p>Après No.3 Lemon wurde entwickelt, um das Gefühl einer frisch, von den Feldern Argentiniens, gepflückter Zitrone einzufangen. Ein intensiver, frischer Duft direkt beim Öffnen, mit einer sensorischen Explosion, die Ihnen die perfekte Mischung aus süss und sauer verleiht. </p>
<p><strong>ÜBER APRÈS</strong><br><span>Après ist eine Premiummarke aus Stockholm, Schweden, die bestrebt ist, einzigartige und raffinierte Aromen in einem zeitlosen Design zu entwickeln.</span><br><span>Unsere Produkte strahlen Innovation, Schönheit und Qualität aus.</span><br><br><span>Die Mission ist es, Gefühle und Erinnerungen mit Stil einzufangen und sich deutlich von anderen Alternativen zu unterscheiden. Alles, um Ihnen ein optimales Erlebnis zu bieten und gleichzeitig die Umwelt zu schonen. Unsere Produkte und Verpackungen werden aus pflanzlichen Materialien hergestellt.</span><br><br><span>Alle </span><a href=""http://snushus.ch/collections/apres"">Après-Produkte</a><span> werden in Stockholm, Schweden, entwickelt und produziert.</span><br><br><span>Wir haben Après als Premiummarke geschaffen, bei der wir uns bemühen, einzigartige und raffinierte Aromen in einem zeitlosen Design zu entwickeln. Innovation, Ästhetik und Qualität sind die Werte, die uns leiten.</span></p>",No.3 Lemon,Unisex,,,,,,,https://cdn.shopify.com/s/files/1/0072/0646/9679/products/apres-no-3-lemon-curd-aw.png,,,,,5.20,0.00,1,G,1,IN,3,3,3,,,,
,,AP-3005-1,Unisex,Title,Default Title,,,,,,,,,,5.20,0.00,1,G,1,IN,3,3,3,,,Après,No.3 Lemon
No.6 Cactus Lime,"<p>Après No.6 Cactus Lime ist eine einzigartige Mischung aus zwei ganz besonderen Aromen, die eine perfekte Harmonie zwischen der Trockenheit der Wüste und der Feuchtigkeit des tropischen Waldes schafft. Die Mischung erzeugt ein Geschmackserlebnis, das in einem weichen kleinen Beutel geliefert wird.<br></p>",No.6 Cactus Lime,Unisex,,,,,,,https://cdn.shopify.com/s/files/1/0072/0646/9679/products/apres-no-6-cactus-lime-aw.png,,,,,5.20,0.00,1,G,1,IN,3,3,3,,,,
,,AP-6005-1,Unisex,Title,Default Title,,,,,,,,,,5.20,0.00,1,G,1,IN,3,3,3,,,Après,No.6 Cactus Lime
No.1 Mentol,"<p>Après No.1 Mentol ist das, wonach Sie suchen – Menthol, welches aufsteigt und ein frisches Gefühl auf Nase und Lippen hinterlässt. Klappen Sie den Deckel auf, lehnen Sie sich zurück und geniessen Sie die Kraft der Zermatter Bergwelt.<br><br><strong data-mce-fragment=""1"">ÜBER APRÈS</strong><br data-mce-fragment=""1""><span data-mce-fragment=""1"">Après ist eine Premiummarke aus Stockholm, Schweden, die bestrebt ist, einzigartige und raffinierte Aromen in einem zeitlosen Design zu entwickeln.</span><br data-mce-fragment=""1""><span data-mce-fragment=""1"">Unsere Produkte strahlen Innovation, Schönheit und Qualität aus.</span><br data-mce-fragment=""1""><br data-mce-fragment=""1""><span data-mce-fragment=""1"">Die Mission ist es, Gefühle und Erinnerungen mit Stil einzufangen und sich deutlich von anderen Alternativen zu unterscheiden. Alles, um Ihnen ein optimales Erlebnis zu bieten und gleichzeitig die Umwelt zu schonen. Unsere Produkte und Verpackungen werden aus pflanzlichen Materialien hergestellt.</span><br data-mce-fragment=""1""><br data-mce-fragment=""1""><span data-mce-fragment=""1"">Alle </span><a href=""http://snushus.ch/collections/apres"" data-mce-fragment=""1"" data-mce-href=""http://snushus.ch/collections/apres"">Après-Produkte</a><span data-mce-fragment=""1""> werden in Stockholm, Schweden, entwickelt und produziert.</span><br data-mce-fragment=""1""><br data-mce-fragment=""1""><span data-mce-fragment=""1"">Wir haben Après als Premiummarke geschaffen, bei der wir uns bemühen, einzigartige und raffinierte Aromen in einem zeitlosen Design zu entwickeln. Innovation, Ästhetik und Qualität sind die Werte, die uns leiten.</span><br></p>
<div class=""info"">
<div class=""info"">
<div class=""item flex"">
<div class=""title""></div>
</div>
</div>
</div>",No.1 Mentol,Unisex,,,,,,,https://cdn.shopify.com/s/files/1/0072/0646/9679/products/apres-no-1-mentol-aw.png,,,,,5.20,0.00,1,G,1,IN,3,3,3,,,,
,,AP-1005-1,Unisex,Title,Default Title,,,,,,,,,,5.20,0.00,1,G,1,IN,3,3,3,,,Après,No.1 Mentol
No.4 Cola X-Strong,"<p>Après No.4 Cola X-Strong ist ab sofort dein neuer Favorit. Ein Geschmack, der die Nostalgie von Cola verspricht, wie wir sie alle kennen und lieben. Ein sinnliches Erlebnis, welches am liebsten niemehr enden sollte. Jetzt in der starken Variante mit 15 mg/g Nikotin erhältlich!</p>
<p><strong>ÜBER APRÈS</strong><br data-mce-fragment=""1""><br data-mce-fragment=""1"">Après ist eine Premiummarke aus Stockholm, Schweden, die bestrebt ist, einzigartige und raffinierte Aromen in einem zeitlosen Design zu entwickeln. <br data-mce-fragment=""1"">Unsere Produkte strahlen Innovation, Schönheit und Qualität aus.<br data-mce-fragment=""1""><br data-mce-fragment=""1"">Die Mission ist es, Gefühle und Erinnerungen mit Stil einzufangen und sich deutlich von anderen Alternativen zu unterscheiden. Alles, um Ihnen ein optimales Erlebnis zu bieten und gleichzeitig die Umwelt zu schonen. Unsere Produkte und Verpackungen werden aus pflanzlichen Materialien hergestellt.<br data-mce-fragment=""1""><br data-mce-fragment=""1"">Alle Après-Produkte werden in Stockholm, Schweden, entwickelt und produziert.<br data-mce-fragment=""1""><br data-mce-fragment=""1"">Wir haben Après als Premiummarke geschaffen, bei der wir uns bemühen, einzigartige und raffinierte Aromen in einem zeitlosen Design zu entwickeln. Innovation, Ästhetik und Qualität sind die Werte, die uns leiten.</p>",No.4 Cola X-Strong,Unisex,,,,,,,https://cdn.shopify.com/s/files/1/0072/0646/9679/products/apres-no-4-cola-x-strong-aw.png,,,,,5.20,0.00,1,G,26000,IN,3,3,3,,,,
,,AP-4105-1,Unisex,Title,Default Title,,,,,,,,,,5.20,0.00,1,G,26000,IN,3,3,3,,,Après,No.4 Cola X-Strong
No.7 Tangerine,"<span data-mce-fragment=""1"">Après No.7 Tangerine wurde kreiert, um den Geschmack von frisch gepresstem Mandarinensaft einzufangen. Ein natürlicher, fruchtiger Geschmack einer Mischung aus Orangenfrüchten. Die Portionen kommen im Slim-Format.</span>",No.7 Tangerine,Unisex,,,,,,,https://cdn.shopify.com/s/files/1/0072/0646/9679/products/dacf1813cbeea861144bac265f2dbd9e.jpg,,,,,5.20,0.00,1,G,26000,IN,3,3,3,,,,
,,AP-7005-1,Unisex,Title,Default Title,,,,,,,,,,5.20,0.00,1,G,26000,IN,3,3,3,,,Après,No.7 Tangerine
No.8 Raspberry Liqorice,"<p><span>Après No.8 Himbeer-Lakritz hat eine bewährte Geschmackskombination aus Himbeeren und Lakritz. Die Portionen sind im Slim-Format.</span></p>
<div class=""info"">
<div class=""info"">
<div class=""item flex"">
<div class=""title""></div>
</div>
</div>
</div>",No.8 Raspberry Liqorice,Unisex,,,,,,,https://cdn.shopify.com/s/files/1/0072/0646/9679/products/63b4e85f04bb64a309b30e0bd4b52c39.jpg,,,,,5.20,0.00,1,G,26000,IN,3,3,3,,,,
,,AP-8005-1,Unisex,Title,Default Title,,,,,,,,,,5.20,0.00,1,G,26000,IN,3,3,3,,,Après,No.8 Raspberry Liqorice
No.5 Après Ice Tea Peach Mini,"<p>Après No.5 Ice Tea Peach mini ist ein köstlicher, vollmundiger Eistee mit einem Geschmack von süssem Pfirsich mit einem Hauch von schwarzem Tee. Fast so, als hätten Sie eine grosse Karaffe direkt in einen weichen kleinen Beutel gegossen.</p>
<div class=""info"">
<div class=""info"">
<div class=""item flex"">
<div class=""title""></div>
</div>
</div>
</div>",No.5 Après Ice Tea Peach Mini,Unisex,,,,,,,https://cdn.shopify.com/s/files/1/0072/0646/9679/products/apres_no_5_ice_tea_peach_mini_aw_ff4ee7d2-b3b7-4500-a357-17e7d84bb260.jpg,,,,,5.20,0.00,1,G,26000,IN,3,3,3,,,,
,,AP-5019-1,Unisex,Title,Default Title,,,,,,,,,,5.20,0.00,1,G,26000,IN,3,3,3,,,Après,No.5 Après Ice Tea Peach Mini
No.8 Après Raspberry Liqorice Mini,"<p>Après No.8 Himbeer-Lakritz mini hat eine bewährte Geschmackskombination aus Himbeeren und Lakritz. Die Portionen sind im Slim-Format.</p>
<div class=""info"">
<div class=""info"">
<div class=""item flex"">
<div class=""title""></div>
</div>
</div>
</div>",No.8 Après Raspberry Liqorice Mini,Unisex,,,,,,,https://cdn.shopify.com/s/files/1/0072/0646/9679/products/apres_no_8_Raspberry_Liqorice_mini_aw_5833eadf-8d7b-4f54-ac57-1986ec33eaa0.jpg,,,,,5.20,0.00,1,G,26000,IN,3,3,3,,,,
,,AP-8019-1,Unisex,Title,Default Title,,,,,,,,,,5.20,0.00,1,G,26000,IN,3,3,3,,,Après,No.8 Après Raspberry Liqorice Mini
No.4 Après Cola Mini,"Après No.4 Cola mini ist ab sofort dein neuer Favorit. Ein Geschmack, der die Nostalgie von Cola verspricht, wie wir sie alle kennen und lieben. Ein sinnliches Erlebnis, welches am liebsten niemehr enden sollte. ÜBER APRÈS<br data-mce-fragment=""1""><br data-mce-fragment=""1"">Après ist eine Premiummarke aus Stockholm, Schweden, die bestrebt ist, einzigartige und raffinierte Aromen in einem zeitlosen Design zu entwickeln. <br data-mce-fragment=""1"">Unsere Produkte strahlen Innovation, Schönheit und Qualität aus.<br data-mce-fragment=""1""><br data-mce-fragment=""1"">Die Mission ist es, Gefühle und Erinnerungen mit Stil einzufangen und sich deutlich von anderen Alternativen zu unterscheiden. Alles, um Ihnen ein optimales Erlebnis zu bieten und gleichzeitig die Umwelt zu schonen. Unsere Produkte und Verpackungen werden aus pflanzlichen Materialien hergestellt.<br data-mce-fragment=""1""><br data-mce-fragment=""1"">Alle Après-Produkte werden in Stockholm, Schweden, entwickelt und produziert.<br data-mce-fragment=""1""><br data-mce-fragment=""1"">Wir haben Après als Premiummarke geschaffen, bei der wir uns bemühen, einzigartige und raffinierte Aromen in einem zeitlosen Design zu entwickeln. Innovation, Ästhetik und Qualität sind die Werte, die uns leiten.<br>
<div class=""info"">
<div class=""info"">
<div class=""item flex"">
<div class=""title""></div>
</div>
</div>
</div>",No.4 Après Cola Mini,Unisex,,,,,,,https://cdn.shopify.com/s/files/1/0072/0646/9679/products/apres_no_4_cola_mini_aw_31f08256-762f-4fb5-8cc4-2be9a5abb1ce.jpg,,,,,5.20,0.00,1,G,26000,IN,3,3,3,,,,
,,AP-4019-1,Unisex,Title,Default Title,,,,,,,,,,5.20,0.00,1,G,26000,IN,3,3,3,,,Après,No.4 Après Cola Mini
Mini Cool Mint 9mg AW,"ZYN Mini Cool Mint ist treffend benannt - es liefert einen kühlenden Mentholgeschmack mit Noten von Pfefferminze. Die Beutel sind trocken und beginnen Geschmack und Nikotin zu liefern, sobald sie ein wenig feucht werden.",Mini Cool Mint 9mg AW,Unisex,,,,,,,https://cdn.shopify.com/s/files/1/0072/0646/9679/products/zyn-mini-cool-mint-9mg-aw.png,,,,,1.99,0.00,1,G,1,IN,3,3,3,,,,
,,ZY-1205-1,Unisex,Title,Default Title,,,,,,,,,,1.99,0.00,1,G,1,IN,3,3,3,,,ZYN,Mini Cool Mint 9mg AW
COLD,"<p>Der edel COLD ist das bisher stärkste All White Produkt auf dem Schweizer Markt. Diese einzigartige Minz-Menthol Mischung mit Frischebooster und 20 mg/g Nikotin wurde explizit für die Vorlieben der heimischen Konsumenten entwickelt. Mit der Kraft vom COLD kann kommen was wolle - immer und überall.</p>
<p><a title=""edelweiss All White Snus im Snushus kaufen! Schweizer Qualität, direkt aus der Schweiz versendet."" href=""https://snushus.ch/collections/edel-weiss-snus"">Hier findest Du sämtliche Varianten der edelweiss Linie</a><br></p>",COLD,Unisex,,,,,,,https://cdn.shopify.com/s/files/1/0072/0646/9679/products/edel-cold-all-white.png,,,,,6.90,,1,G,14,IN,3,3,3,,,,
,,ED-1010-1,Unisex,Title,Default Title,,,,,,,,,,6.90,,1,G,14,IN,3,3,3,,,Edel,COLD
ONYX,"Saftige Bergkräutermischung mit einem Hauch von Eukalyptus – nochmal deutlich mehr Kick als der beliebte edel COLD. Onyx ist nichts für schwache Gemüter, aber trotzdem unglaublich lecker.  Bist du bereit für den Kick? Feel Unique und tauche ein in die Welt von edel",ONYX,Unisex,,,,,,,https://cdn.shopify.com/s/files/1/0072/0646/9679/products/edel-onyx-all-white.png,,,,,6.90,0.00,1,G,28000,IN,3,3,3,,,,
,,ED-9010-1,Unisex,Title,Default Title,,,,,,,,,,6.90,0.00,1,G,28000,IN,3,3,3,,,edel,ONYX
Cold Extreme WDP,"<meta charset=""utf-8"">
<div class=""item flex "">
<div class=""title""></div>
</div>
<div class=""item flex "">
<div class=""info"">
<p>Oden's Cold Extreme WDP (<strong>White Dry Portion</strong>) ist ein eiskalter Portionssnus mit einer minzigen Frische. Ganz besonders tritt ein Geschmack von Spearmint aus dem ansonsten traditionellen, erdnahen Tabakgeschmack hervor. Oden's Cold Dry ist ein sogenannter trockener Portionssnus, der nicht rinnt und ein noch erfrischenderes Gefühl bietet als andere Snus dieser Serie. Odens zählt zusammen mit <a href=""https://snushus.ch/collections/siberia"" title=""Siberia"">Siberia </a>zu den beliebtesten Snusmarken der Schweiz. Bei Fragen, Wünschen oder Anregungen kannst du uns gerne auf der <a href=""https://snushus.ch/pages/kontakt"" title=""Kontakt"">Kontaktseite</a> schreiben.</p>
</div>
<div class=""info""></div>
<div class=""info"">
<div class=""info"">
<div class=""item flex ""></div>
</div>
</div>
</div>",Cold Extreme WDP,Unisex,,,,,,,https://cdn.shopify.com/s/files/1/0072/0646/9679/products/odens-cold-extreme-white-dry-portion.png,,,,,4.80,,1,G,30,IN,3,3,3,,,,
,,OD-1005-1,Unisex,Title,Default Title,,,,,,,,,,4.80,,1,G,30,IN,3,3,3,,,Oden's,Cold Extreme WDP
Africaine Bentchikou,<span>Makla Kautabake werden alle ohne künstliche Aroma- und Zusatzstoffe nach traditionellen Rezepturen hergestellt. Nimm mit den Fingern eine Portion heraus und kneten es zu einer kleinen Kugel. Platziere die Kugel dann unter Deiner Oberlippe. Der Makla Kautabak entfaltet seine volle Wirkung nach ca. 15 bis 60 Minuten. </span><br>,Africaine Bentchikou,Unisex,,,,,,,https://cdn.shopify.com/s/files/1/0072/0646/9679/products/makla-africaine-bentchikou.png,,,,,5.00,,1,G,30,IN,3,3,3,,,,
,,MA-1000-1,Unisex,Title,Default Title,,,,,,,,,,5.00,,1,G,30,IN,3,3,3,,,Makla,Africaine Bentchikou
Rot -80 Degrees WDP,"<meta charset=""utf-8"">
<div class=""item flex"">
<div class=""title"">
<div class=""info"">
<p>Siberia White Dry ist ein Portionssnus mit einem sehr deutlichen Minzgeschmack und erscheint in trockenen Portionen mit niedrigerem Feuchtigkeitsgehalt, weshalb er auch weniger rinnt. Dieser Snus hat einen extrem hohen Nikotingehalt und eine Portion enthält mehr als fünfmal so viel Nikotin wie normal starker Snus (8 mg/g). Wird Menschen, die Nikotin gegenüber empfindlich sind, weniger empfohlen. Siberia zählt zusammen mit <a href=""https://snushus.ch/collections/odens"" title=""Odens"">Oden‘s</a> zu den beliebtesten Snusmarken der Schweiz. <span>Bei Fragen, Wünschen oder Anregungen </span><span>kannst du </span><span>uns </span><span>gerne auf der </span><span></span><a href=""https://snushus.ch/pages/kontakt"" title=""Kontakt"">Kontaktseite</a><span> s</span><span>chreiben</span><span>.</span></p>
</div>
</div>
</div>
<div class=""item flex""></div>",Rot -80 Degrees WDP,Unisex,,,,,,,https://cdn.shopify.com/s/files/1/0072/0646/9679/products/siberia-red-white-dry-portion.png,,,,,5.20,,1,G,30,IN,3,3,3,,,,
,,SI-1005-1,Unisex,Title,Default Title,,,,,,,,,,5.20,,1,G,30,IN,3,3,3,,,Siberia,Rot -80 Degrees WDP
No.5 Ice Tea Peach,"Après No.5 Ice Tea Peach ist ein köstlicher, vollmundiger Eistee mit einem Geschmack von süssem Pfirsich mit einem Hauch von schwarzem Tee. Fast so, als hätten Sie eine grosse Karaffe direkt in einen weichen kleinen Beutel gegossen.",No.5 Ice Tea Peach,Unisex,,,,,,,https://cdn.shopify.com/s/files/1/0072/0646/9679/products/apres-no-5-ice-tea-peach-aw.png,,,,,5.20,0.00,1,G,1,IN,3,3,3,,,,
,,AP-5005-1,Unisex,Title,Default Title,,,,,,,,,,5.20,0.00,1,G,1,IN,3,3,3,,,Après,No.5 Ice Tea Peach
Rot -80 Degrees WDP 500g Box,"<meta charset=""utf-8"">
<div class=""item flex "">
<div class=""title"">
<div class=""info"">
<span>Siberia White Dry ist ein Portionssnus mit einem sehr deutlichen Minzgeschmack und erscheint in trockenen Portionen mit niedrigerem Feuchtigkeitsgehalt, weshalb er auch weniger rinnt. Dieser Snus hat einen extrem hohen Nikotingehalt und eine Portion enthält mehr als fünfmal so viel Nikotin wie normal starker Snus (8 mg/g). Wird Menschen, die Nikotin gegenüber empfindlich sind, weniger empfohlen. Siberia zählt zusammen mit </span><a href=""https://snushus.ch/collections/odens"" title=""Odens"">Oden‘s</a><span> zu den beliebtesten Snusmarken der Schweiz. </span><span>Bei Fragen, Wünschen oder Anregungen </span><span>kannst du </span><span>uns </span><span>gerne auf der </span><span></span><a href=""https://snushus.ch/pages/kontakt"" title=""Kontakt"">Kontaktseite</a><span> s</span><span>chreiben</span><span>.</span><br>
</div>
<div class=""info"">
<div class=""info"">
<div class=""item flex "">
<div class=""title""><br></div>
</div>
</div>
</div>
</div>
</div>
<div class=""item flex ""></div>",Rot -80 Degrees WDP 500g Box,Unisex,,,,,,,https://cdn.shopify.com/s/files/1/0072/0646/9679/products/siberia-red-white-dry-portion-box_cb63d63a-d779-4241-9616-ad928ef5f2c2.png,,,,,129.00,0.00,1,G,600,IN,3,3,3,,,,
,,SI-1025-1,Unisex,Title,Default Title,,,,,,,,,,129.00,0.00,1,G,600,IN,3,3,3,,,Siberia,Rot -80 Degrees WDP 500g Box
Freeze X-Strong AW,"<p>Dürfen wir vorstellen: VELO Freeze X-Strong. Hier werden prickelnde Pfefferminze und eiskaltes Menthol zu einem intensiven Geschmackserlebnis. Im SLIM Format &amp; mittlerer Nikotinintensität.</p>
<p><span>EPOK, LYFT oder VELO? </span><span>Weitere Informationen dazu findest Du in </span><a href=""https://snushus.ch/blogs/snusbuch/was-ist-all-white-snus"" target=""_blank"">unserem Blog</a><span>.</span></p>",Freeze X-Strong AW,Unisex,,,,,,,https://cdn.shopify.com/s/files/1/0072/0646/9679/products/velo-freeze-x-strong-aw_a5a6c1fa-c069-4a16-b82d-80fe227b95c2.png,,,,,8.50,0.00,1,G,34800,IN,3,3,3,,,,
,,VL-4105-1,Unisex,Title,Default Title,,,,,,,,,,8.50,0.00,1,G,34800,IN,3,3,3,,,VELO (CH),Freeze X-Strong AW
Rot -80 Degrees WDP - Slim,"<div class=""info"">
<div class=""info"">
<p>Siberia White Dry ist ein Portionssnus mit einem sehr deutlichen Minzgeschmack und erscheint in trockenen Portionen mit niedrigerem Feuchtigkeitsgehalt, weshalb er auch weniger rinnt. Dieser Snus hat einen extrem hohen Nikotingehalt und eine Portion enthält mehr als fünfmal so viel Nikotin wie normal starker Snus (8 mg/g). Wird Menschen, die Nikotin gegenüber empfindlich sind, weniger empfohlen. Siberia zählt zusammen mit <a href=""https://snushus.ch/collections/odens"" title=""Oden´s"">Oden‘s</a> zu den beliebtesten Snusmarken der Schweiz.<span> Bei Fragen, Wünschen oder Anregungen kannst du uns gerne auf der </span><span></span><a href=""https://snushus.ch/pages/kontakt"" title=""Kontakt"">Kontaktseite<span> </span></a><span>schreiben. </span></p>
</div>
<div class=""info"">
<div class=""info"">
<div class=""item flex ""></div>
</div>
</div>
</div>
<div class=""info"">
<div class=""info"">
<div class=""item flex ""></div>
</div>
</div>",Rot -80 Degrees WDP - Slim,Unisex,,,,,,,https://cdn.shopify.com/s/files/1/0072/0646/9679/products/siberia-red-white-dry-slim-portion.png,,,,,5.20,,1,G,30,IN,3,3,3,,,,
,,SI-1015-1,Unisex,Title,Default Title,,,,,,,,,,5.20,,1,G,30,IN,3,3,3,,,Siberia,Rot -80 Degrees WDP - Slim
Berry Frost X-Strong AW,"<p>VELO Berryfrost lässt Sommer und Winter aufeinandertreffen: Hier verschmilzt der Geschmack von saftigen Himbeeren, Blaubeeren und Brombeeren mit frischer Minze und eiskaltem Menthol. Im SLIM Format &amp; mittlerer Nikotinintensität.</p>
<p><span>EPOK, LYFT oder VELO? </span><span>Weitere Informationen dazu findest Du in </span><a href=""https://snushus.ch/blogs/snusbuch/was-ist-all-white-snus"" target=""_blank"">unserem Blog</a><span>.</span></p>",Berry Frost X-Strong AW,Unisex,,,,,,,https://cdn.shopify.com/s/files/1/0072/0646/9679/products/velo-berry-frost-x-strong-aw_66b72f9b-cb39-4be7-b93e-87ce1eb0121e.png,,,,,8.50,0.00,1,G,34800,IN,3,3,3,,,,
,,VL-4205-1,Unisex,Title,Default Title,,,,,,,,,,8.50,0.00,1,G,34800,IN,3,3,3,,,VELO (CH),Berry Frost X-Strong AW
Mint AW,"<p>Nimm dir einen Moment Zeit und geniesse die erfrischende Kombination aus süsser Minze und kühlem Menthol. Im SLIM Format &amp; leichter Nikotinintensität.</p>
<p><span>EPOK, LYFT oder VELO? </span><span>Weitere Informationen dazu findest Du in </span><a href=""https://snushus.ch/blogs/snusbuch/was-ist-all-white-snus"" target=""_blank"">unserem Blog</a><span>.</span></p>",Mint AW,Unisex,,,,,,,https://cdn.shopify.com/s/files/1/0072/0646/9679/products/velo-mint-aw.png,,,,,8.50,0.00,1,G,34800,IN,3,3,3,,,,
,,VL-3705-1,Unisex,Title,Default Title,,,,,,,,,,8.50,0.00,1,G,34800,IN,3,3,3,,,VELO (CH),Mint AW
Ice Cool Strong AW,"<p>Probiere VELO Ice Cool und erlebe den Geschmack von prickelnder Pfefferminze in Kombination mit dem süssen Aroma von Polei-Minze.</p>
<p><span>EPOK, LYFT oder VELO? </span><span>Weitere Informationen dazu findest Du in </span><a href=""https://snushus.ch/blogs/snusbuch/was-ist-all-white-snus"" target=""_blank"">unserem Blog</a><span>.</span></p>",Ice Cool Strong AW,Unisex,,,,,,,https://cdn.shopify.com/s/files/1/0072/0646/9679/products/velo-ice-cool-strong-aw.png,,,,,8.50,0.00,1,G,34800,IN,3,3,3,,,,
,,VL-3605-1,Unisex,Title,Default Title,,,,,,,,,,8.50,0.00,1,G,34800,IN,3,3,3,,,VELO (CH),Ice Cool Strong AW
Kräuter Mix X-Strong AW,"<p>Ein frischer Mix aus Kräutern kombiniert zu einem unglaublichen Geschmackserlebnis, inspiriert von den Schweizer Alpen. Im Slim-Format &amp; mittlerer Nikotinintensität.</p>
<p><span>EPOK, LYFT oder VELO? </span><span>Weitere Informationen dazu findest Du in </span><a href=""https://snushus.ch/blogs/snusbuch/was-ist-all-white-snus"" target=""_blank"">unserem Blog</a><span>.</span></p>",Kräuter Mix X-Strong AW,Unisex,,,,,,,https://cdn.shopify.com/s/files/1/0072/0646/9679/products/velo-kraeuter-mix-x-strong-aw.png,,,,,8.50,0.00,1,G,34800,IN,3,3,3,,,,
,,VL-4115-1,Unisex,Title,Default Title,,,,,,,,,,8.50,0.00,1,G,34800,IN,3,3,3,,,VELO (CH),Kräuter Mix X-Strong AW
Hugo X-Strong AW,"<p>Der perfekte Mix aus reichhaltiger Holunderblüte und erfrischender Minze. Im Slim-Format &amp; mittlerer Nikotinintensität.</p>
<p><span>EPOK, LYFT oder VELO? </span><span>Weitere Informationen dazu findest Du in </span><a href=""https://snushus.ch/blogs/snusbuch/was-ist-all-white-snus"" target=""_blank"">unserem Blog</a><span>.</span></p>",Hugo X-Strong AW,Unisex,,,,,,,https://cdn.shopify.com/s/files/1/0072/0646/9679/products/velo-hugo-x-strong-aw.png,,,,,8.50,0.00,1,G,34800,IN,3,3,3,,,,
,,VL-4905-1,Unisex,Title,Default Title,,,,,,,,,,8.50,0.00,1,G,34800,IN,3,3,3,,,VELO (CH),Hugo X-Strong AW
Kräuter Mix Mini AW,"<p>Ein frischer Mix aus Kräutern kombiniert zu einem unglaublichen Geschmackserlebnis, inspiriert von den Schweizer Alpen. Im Mini-Format &amp; leichter Nikotinintesität.</p>
<p><span>EPOK, LYFT oder VELO? </span><span>Weitere Informationen dazu findest Du in </span><a href=""https://snushus.ch/blogs/snusbuch/was-ist-all-white-snus"" target=""_blank"">unserem Blog</a><span>.</span></p>",Kräuter Mix Mini AW,Unisex,,,,,,,https://cdn.shopify.com/s/files/1/0072/0646/9679/products/velo-kraeuter-mix-mini-aw.png,,,,,6.90,0.00,1,G,20000,IN,3,3,3,,,,
,,VL-1115-1,Unisex,Title,Default Title,,,,,,,,,,6.90,0.00,1,G,20000,IN,3,3,3,,,VELO (CH),Kräuter Mix Mini AW
BERRY,Fruchtiger geht nicht. Bist du auf der Suche nach einem intensiven und lang anhaltenden Geschmackserlebnis? Dann wirst du den edel BERRY lieben. Mit gemässigten 10mg/g Nikotin erfüllt dieses Produkt auch Einsteigerwünsche.,BERRY,Unisex,,,,,,,https://cdn.shopify.com/s/files/1/0072/0646/9679/products/edel-berry-all-white.png,,,,,6.90,0.00,1,G,14000,IN,3,3,3,,,,
,,ED-4010-1,Unisex,Title,Default Title,,,,,,,,,,6.90,0.00,1,G,14000,IN,3,3,3,,,edel,BERRY
Cold Extreme WDP - Slim,"<meta charset=""utf-8"">
<div class=""item flex "">
<div class=""title""></div>
</div>
<div class=""item flex "">
<div class=""info"">
<div class=""info"">
<p>Oden's Extreme Cold Dry ist ein eiskalter Portionssnus mit einer minzigen Frische. Ganz besonders tritt ein Geschmack von Spearmint aus dem ansonsten traditionellen, erdnahen Tabakgeschmack hervor. Oden's Cold Dry ist ein sogenannter trockener Portionssnus, der nicht rinnt und ein noch erfrischenderes Gefühl bietet als andere Snus dieser Serie. Oden‘s zählt zusammen mit Siberia zu den beliebtesten Snusmarken der Schweiz.</p>
</div>
<div class=""info"">
<div class=""info"">
<div class=""item flex ""></div>
</div>
</div>
</div>
<div class=""info"">
<div class=""item flex ""></div>
</div>
</div>",Cold Extreme WDP - Slim,Unisex,,,,,,,https://cdn.shopify.com/s/files/1/0072/0646/9679/products/odens-cold-extreme-white-dry-slim-portion.png,,,,,4.60,,1,G,30,IN,3,3,3,,,,
,,OD-1015-1,Unisex,Title,Default Title,,,,,,,,,,4.60,,1,G,30,IN,3,3,3,,,Oden's,Cold Extreme WDP - Slim
Cold Extreme WDP 500g Box,"<meta charset=""utf-8"">
<div class=""item flex "">
<div class=""title"">
<div class=""info"">
<span>Oden's Cold Extreme WDP (</span><strong>White Dry Portion</strong><span>) ist ein eiskalter Portionssnus mit einer minzigen Frische. Ganz besonders tritt ein Geschmack von Spearmint aus dem ansonsten traditionellen, erdnahen Tabakgeschmack hervor. Oden's Cold Dry ist ein sogenannter trockener Portionssnus, der nicht rinnt und ein noch erfrischenderes Gefühl bietet als andere Snus dieser Serie. Odens zählt zusammen mit </span><a href=""https://snushus.ch/collections/siberia"" title=""Siberia"">Siberia<span> </span></a><span>zu den beliebtesten Snusmarken der Schweiz. Bei Fragen, Wünschen oder Anregungen kannst du uns gerne auf der </span><a href=""https://snushus.ch/pages/kontakt"" title=""Kontakt"">Kontaktseite</a><span> schreiben.</span>
</div>
<div class=""info"">
<div class=""info"">
<div class=""item flex ""></div>
</div>
</div>
</div>
</div>
<div class=""item flex ""></div>",Cold Extreme WDP 500g Box,Unisex,,,,,,,https://cdn.shopify.com/s/files/1/0072/0646/9679/products/odens-cold-extreme-white-dry-portion-box_0a9600d7-7d68-43ea-83dd-0cdfa830332f.png,,,,,119.00,0.00,1,G,600,IN,3,3,3,,,,
,,OD-1025-1,Unisex,Title,Default Title,,,,,,,,,,119.00,0.00,1,G,600,IN,3,3,3,,,Oden's,Cold Extreme WDP 500g Box
CITRUS,"<p>Diese Zitrusmischung wird dich begeistern! Suchst du nach einer neuen, erfrischender Art deinen Nikotinkick zu geniessen? Mit 15mg/g wirst du nicht mehr zur Zigarette greifen müssen. Alle edel Beutel kommen im Slim Format und passen auch den Ladies unter die Lippe.</p>
<p><a href=""https://snushus.ch/collections/edel-weiss-snus"" title=""edelweiss All White Snus im Snushus kaufen! Schweizer Qualität, direkt aus der Schweiz versendet."">Hier findest Du sämtliche Varianten der edelweiss Linie</a></p>",CITRUS,Unisex,,,,,,,https://cdn.shopify.com/s/files/1/0072/0646/9679/products/edel-citrus-all-white.png,,,,,6.90,,1,G,14,IN,3,3,3,,,,
,,ED-2010-1,Unisex,Title,Default Title,,,,,,,,,,6.90,,1,G,14,IN,3,3,3,,,Edel,CITRUS
CBD MINT,"<p>Um dem Druck der modernen Gesellschaft nicht zu erliegen, darf die Entspannung nicht fehlen. Mit dem edel CBD MINT aus der ""edel weiss""-Reihe wird deshalb voller Stolz der weltweit erste CBD ALL WHITE Snus präsentiert. Diese Minz-Mischung enthält kein Nikotin. Die darin enthaltenen Cannabinoide (12mg/g CBD) verleihen dir ein nicht betäubendes Gefühl der Unbeschwertheit ohne Belastung deiner Lunge (THC-frei).</p>
<p><a href=""https://snushus.ch/collections/edel-weiss-snus"" title=""edelweiss All White Snus im Snushus kaufen! Schweizer Qualität, direkt aus der Schweiz versendet."">Hier findest Du sämtliche Varianten der edelweiss Linie</a></p>",CBD MINT,Unisex,,,,,,,https://cdn.shopify.com/s/files/1/0072/0646/9679/products/edel-cbd-mint-all-white.png,,,,,9.20,,1,G,14,IN,3,3,3,,,,
,,ED-5010-1,Unisex,Title,Default Title,,,,,,,,,,9.20,,1,G,14,IN,3,3,3,,,Edel,CBD MINT
MELON,"<p>Falls du zur Abwechslung gerne was neues probieren möchtest, verzaubert der edel MELON deine Sinne. Neben dem Nikotinkick von 15mg/g vitalisiert er mit seinem einzigartigen Aroma den Mund und Körper. Kaugummis waren gestern!</p>
<p><a href=""https://snushus.ch/collections/edel-weiss-snus"" title=""edelweiss All White Snus im Snushus kaufen! Schweizer Qualität, direkt aus der Schweiz versendet."">Hier findest Du sämtliche Varianten der edelweiss Linie</a></p>",MELON,Unisex,,,,,,,https://cdn.shopify.com/s/files/1/0072/0646/9679/products/edel-melon-all-white.png,,,,,6.90,,1,G,14,IN,3,3,3,,,,
,,ED-3010-1,Unisex,Title,Default Title,,,,,,,,,,6.90,,1,G,14,IN,3,3,3,,,Edel,MELON
Super Strong Eucalyptus WP,"<meta charset=""utf-8"">
<div class=""item flex"">
<div class=""title"">
<div class=""info"">
<p>General Super Strong Eucalyptus WP - Ein moderner Klassiker mit würzigem Tabak und einem klaren Geschmack von Eukalyptus und Pfefferminze. Ein kompromissloses Tabakerlebnis, das auf stolzer Tradition und Handwerkskunst aufbaut. Ein milder und würziger Tabakgeschmack mit deutlichen Noten von Eukalyptus und Pfefferminze.</p>
</div>
</div>
</div>
<div class=""item flex""></div>",Super Strong Eucalyptus WP,Unisex,,,,,,,https://cdn.shopify.com/s/files/1/0072/0646/9679/products/general-super-strong-eucalyptus-wp.png,,,,,7.90,0.00,1,G,35000,IN,3,3,3,,,,
,,GE-7005-1,Unisex,Title,Default Title,,,,,,,,,,7.90,0.00,1,G,35000,IN,3,3,3,,,General,Super Strong Eucalyptus WP
Hugo Mini AW,"<p>Der perfekte Mix aus reichhaltiger Holunderblüte und erfrischender Minze. Im Mini-Format &amp; leichter Nikotinintesität.</p>
<p><span>EPOK, LYFT oder VELO? </span><span>Weitere Informationen dazu findest Du in </span><a href=""https://snushus.ch/blogs/snusbuch/was-ist-all-white-snus"" target=""_blank"">unserem Blog</a><span>.</span></p>",Hugo Mini AW,Unisex,,,,,,,https://cdn.shopify.com/s/files/1/0072/0646/9679/products/velo-hugo-mini-aw.png,,,,,6.90,0.00,1,G,20000,IN,3,3,3,,,,
,,VL-1905-1,Unisex,Title,Default Title,,,,,,,,,,6.90,0.00,1,G,20000,IN,3,3,3,,,VELO (CH),Hugo Mini AW
Soldat Extreme WDP,"<meta charset=""utf-8"">
<div class=""item flex"">
<div class=""title""></div>
</div>
<div class=""item flex"">
<div class=""info"">
<p>Soldat Extreme - für die langen Tage auf dem Feld!<br><br>Mit seinen unglaublichen 45 mg/g Nikotingehalt gibt er jedem Snuser einen unverwechselbaren, lang anhaltenden Kick. Unter der Lippe fühlen sich die Beutel sehr geschmeidig an und der Minz/Menthol Geschmack kommt angenehm zur Geltung. Ideal für lange Einsätze im Militär oder für Siberia-Snuser, die gerne mal etwas Neues probieren möchten...</p>
<p> </p>
</div>
<div class=""info"">
<div class=""info""></div>
</div>
</div>",Soldat Extreme WDP,Unisex,,,,,,,https://cdn.shopify.com/s/files/1/0072/0646/9679/products/soldat-black-extreme-white-dry-portion.png,,,,,3.90,,1,G,30,IN,3,3,3,,,,
,,SO-3005-1,Unisex,Title,Default Title,,,,,,,,,,3.90,,1,G,30,IN,3,3,3,,,Soldat,Soldat Extreme WDP
Extreme WDP Slim,"Soldat Extreme WDP Slim für die langen Tage auf dem Feld! Mit seinen unglaublichen 45 mg/g Nikotingehalt, gibt er jedem Snuser einen unverwechselbaren Kick welcher lange anhält. Unter der Lippe fühlen sich die Beutel sehr geschmeidig an und der Minz/Menthol Geschmack kommt angenehm zur Geltung.",Extreme WDP Slim,Unisex,,,,,,,https://cdn.shopify.com/s/files/1/0072/0646/9679/products/soldat-black-extreme-white-dry-portion-slim.png,,,,,3.90,0.00,1,G,1,IN,3,3,3,,,,
,,SO-3015-1,Unisex,Title,Default Title,,,,,,,,,,3.90,0.00,1,G,1,IN,3,3,3,,,Soldat,Extreme WDP Slim
Salty Liquorice AW,Ein aufregendes Zusammenspiel von einer salzigen Note und dem einzigartigen Lakritze-Geschmack – das wird den Fans von VID Salty Liquorice Slim Strong All White Portion Nikotinbeutel mit Nikotingehalt 12 mg/g geboten.,Salty Liquorice AW,Unisex,,,,,,,https://cdn.shopify.com/s/files/1/0072/0646/9679/products/vid-salty-liquorice-aw.png,,,,,3.90,0.00,1,G,1,IN,3,3,3,,,,
,,VI-1205-1,Unisex,Title,Default Title,,,,,,,,,,3.90,0.00,1,G,1,IN,3,3,3,,,VID,Salty Liquorice AW
Fresh Cola AW,"<p>VID ist die neuste Kreation vom Hause Kurbits Snus AB - kräftige Schweizer Aromen treffen auf schwedisches Snus Know How. Eine Abwechslung zu allen Nikotinbeuteln welche es bisher gab: VID Fresh Cola ist, wie der Name schon sagt, ein All White Snus mit Cola Geschmack! Ein unbeschreibliches Geschmackserlebnis.</p>
<p>Auf aromatisierter Zellulosebasis und völlig frei von Tabak kommen auch die VID Beutel im Slim Format. Ohne Tabak bedeutet ohne gewöhnungsbedürftigen Tabakgeruch sowie ohne jegliche Tabakschadstoffe - aktuell gibt es weltweit keine weniger schädliche Art, Nikotin zu konsumieren. All White Snus / Nicotine Pouches bietet sich deshalb vor allem Rauchern an, welche mit Rauchentwöhnung wie Nikotinpflaster, Nikotinkaugummi oder Nikotinspray nichts anfangen können.</p>",Fresh Cola AW,Unisex,,,,,,,https://cdn.shopify.com/s/files/1/0072/0646/9679/products/VID-Fresh-Cola-AW.png,,,,,3.90,,1,G,1,IN,3,3,3,,,,
,,VI-5005-1,Unisex,Title,Default Title,,,,,,,,,,3.90,,1,G,1,IN,3,3,3,,,VID,Fresh Cola AW
Cold Extreme WDP Soft Pack,"<meta charset=""utf-8"">
<div class=""item flex"">
<div class=""title""></div>
</div>
<div class=""item flex"">
<div class=""info"">
<p>Oden's Cold Extreme WDP (White Dry Portion) ist ein eiskalter Portionssnus mit einer minzigen Frische. Ganz besonders tritt ein Geschmack von Spearmint aus dem ansonsten traditionellen, erdnahen Tabakgeschmack hervor. Oden's Cold Dry ist ein sogenannter trockener Portionssnus, der nicht rinnt und ein noch erfrischenderes Gefühl bietet als andere Snus dieser Serie. Odens zählt zusammen mit Siberia zu den beliebtesten Snusmarken der Schweiz. Ab sofort auch in den praktischen Soft Packs erhältlich!</p>
</div>
<div class=""info"">
<div class=""info"">
<div class=""item flex"">
<div class=""title""></div>
<div class=""title""></div>
</div>
</div>
</div>
</div>",Cold Extreme WDP Soft Pack,Unisex,,,,,,,https://cdn.shopify.com/s/files/1/0072/0646/9679/products/odens-cold-extreme-white-dry-portion-soft-packs.png,,,,,4.80,0.00,1,G,30000,IN,3,3,3,,,,
,,OD-1905-1,Unisex,Title,Default Title,,,,,,,,,,4.80,0.00,1,G,30000,IN,3,3,3,,,Oden's,Cold Extreme WDP Soft Pack
Lemon WP,"<meta charset=""utf-8"">
<div class=""item flex"">
<div class=""title""></div>
</div>
<div class=""item flex"">
<div class=""info"">
<p>GN Tobacco kann auch anders! Mit dem Oden's Lemon White Portion wird der Tabak ausgezeichnet mit einem Citrus-Aroma vermischt. Das Produkt kommt mit 9 mg/g Nikotin in normalgrossen Portionen.</p>
</div>
<div class=""info""></div>
<div class=""info"">
<div class=""info"">
<div class=""item flex""></div>
</div>
</div>
</div>",Lemon WP,Unisex,,,,,,,https://cdn.shopify.com/s/files/1/0072/0646/9679/products/odens-lemon-white-portion.png,,,,,4.80,0.00,1,G,1,IN,3,3,3,,,,
,,OD-8005-1,Unisex,Title,Default Title,,,,,,,,,,4.80,0.00,1,G,1,IN,3,3,3,,,Oden's,Lemon WP
Mint WP,"<meta charset=""utf-8"">
<div class=""item flex"">
<div class=""title""></div>
</div>
<div class=""item flex"">
<div class=""info"">
<p>Oden's Mint White Portion besticht mit seiner Minz-Note, wobei der Tabak nicht zu kurz kommt. Ein White Portion Snus mit 9 mg/g Nikotin. </p>
</div>
<div class=""info""></div>
<div class=""info"">
<div class=""info"">
<div class=""item flex""></div>
</div>
</div>
</div>",Mint WP,Unisex,,,,,,,https://cdn.shopify.com/s/files/1/0072/0646/9679/products/odens-mint-white-portion.png,,,,,4.80,0.00,1,G,1,IN,3,3,3,,,,
,,OD-9005-1,Unisex,Title,Default Title,,,,,,,,,,4.80,0.00,1,G,1,IN,3,3,3,,,Oden's,Mint WP
Tropical Mango 150mg,"Mit CBD angereicherte Beutel mit kühler und subtiler Mango, die frisch, saftig aber nicht übermässig süss ist und an eine Reise auf eine exotische Insel erinnert. <span data-mce-fragment=""1"">Hergestellt mit allen natürlichen Zutaten (THC-Frei, Tabakfrei und Nikotinfrei). Rauchlos, diskret und schnell wirkend.</span><br>",Tropical Mango 150mg,Unisex,,,,,,,https://cdn.shopify.com/s/files/1/0072/0646/9679/products/cannadips-mango-cbd-pouches.png,,,,,12.90,,1,G,30,IN,3,3,3,,,,
,,CD-4000-1,Unisex,Title,Default Title,,,,,,,,,,12.90,,1,G,30,IN,3,3,3,,,Cannadips,Tropical Mango 150mg
Natural Mint 150mg,"CBD Portionsbeutelchen mit einem balancierten Geschmack von süsser und frischer Minze. <span data-mce-fragment=""1"">Hergestellt mit allen natürlichen Zutaten (THC-Frei, Tabakfrei und Nikotinfrei). Rauchlos, diskret und schnell wirkend.</span>",Natural Mint 150mg,Unisex,,,,,,,https://cdn.shopify.com/s/files/1/0072/0646/9679/products/cannadips-mint-cbd-pouches.png,,,,,12.90,,1,G,30,IN,3,3,3,,,,
,,CD-2000-1,Unisex,Title,Default Title,,,,,,,,,,12.90,,1,G,30,IN,3,3,3,,,Cannadips,Natural Mint 150mg
Fresh Wintergreen 150mg,"Mit CBD angereicherte Beutel mit erdigem und frisch schmeckendem Wintergrün, die sie zu einer Wanderung in einem kalifornischen Wald transportieren. <span data-mce-fragment=""1"">Hergestellt mit allen natürlichen Zutaten (THC-Frei, Tabakfrei und Nikotinfrei). Rauchlos, diskret und schnell wirkend. </span>",Fresh Wintergreen 150mg,Unisex,,,,,,,https://cdn.shopify.com/s/files/1/0072/0646/9679/products/cannadips-wintergreen-cbd-pouches.png,,,,,12.90,,1,G,30,IN,3,3,3,,,,
,,CD-5000-1,Unisex,Title,Default Title,,,,,,,,,,12.90,,1,G,30,IN,3,3,3,,,Cannadips,Fresh Wintergreen 150mg
Tangy Citrus 150mg,"CBD Portionsbeutelchen mit scharfem Einschlag von säuerlicher Apfelsine und Zitrone. <span data-mce-fragment=""1"">Hergestellt mit allen natürlichen Zutaten (THC-Frei, Tabakfrei und Nikotinfrei). Rauchlos, diskret und schnell wirkend.</span>",Tangy Citrus 150mg,Unisex,,,,,,,https://cdn.shopify.com/s/files/1/0072/0646/9679/products/cannadips-citrus-cbd-pouches.png,,,,,12.90,,1,G,30,IN,3,3,3,,,,
,,CD-1000-1,Unisex,Title,Default Title,,,,,,,,,,12.90,,1,G,30,IN,3,3,3,,,Cannadips,Tangy Citrus 150mg
American Spice 150mg,"CBD Portionsbeutelchen aus einer Mischung von Zimt / Schokolade mit einem Hauch von echtem Kaffee. <span data-mce-fragment=""1"">Hergestellt mit allen natürlichen Zutaten (THC-Frei, Tabakfrei und Nikotinfrei). Rauchlos, diskret und schnell wirkend. </span>",American Spice 150mg,Unisex,,,,,,,https://cdn.shopify.com/s/files/1/0072/0646/9679/products/cannadips-american-cbd-pouches.png,,,,,12.90,,1,G,30,IN,3,3,3,,,,
,,CD-3000-1,Unisex,Title,Default Title,,,,,,,,,,12.90,,1,G,30,IN,3,3,3,,,Cannadips,American Spice 150mg
Cold WDP,"<meta charset=""utf-8"">
<div class=""item flex"">
<div class=""title"">
<div class=""info"">
<p>Chainsaw wird in Dänemark von V2 hergestellt und ist als starker White Dry Portion mit eiskaltem Minzgeschmack mit Odens zu vergleichen. Die trockenen Beutel rinnen sehr wenig und liegen angenehm unter der Lippe.</p>
</div>
</div>
</div>
<div class=""item flex""></div>",Cold WDP,Unisex,,,,,,,https://cdn.shopify.com/s/files/1/0072/0646/9679/products/chainsaw-cold-wdp.png,,,,,4.60,,1,G,30,IN,3,3,3,,,,
,,CS-1005-1,Unisex,Title,Default Title,,,,,,,,,,4.60,,1,G,30,IN,3,3,3,,,Chainsaw,Cold WDP
ABO! 1 Box Siberia Rot WDP Box,"<meta charset=""utf-8"">
<div class=""item flex"">
<div class=""title"">
<div class=""info"">
<span>Siberia White Dry ist ein Portionssnus mit einem sehr deutlichen Minzgeschmack und erscheint in trockenen Portionen mit niedrigerem Feuchtigkeitsgehalt, weshalb er auch weniger rinnt. Dieser Snus hat einen extrem hohen Nikotingehalt und eine Portion enthält mehr als fünfmal so viel Nikotin wie normal starker Snus (8 mg/g). Wird Menschen, die Nikotin gegenüber empfindlich sind, weniger empfohlen. Siberia zählt zusammen mit </span><a href=""https://snushus.ch/collections/odens"" title=""Odens"">Oden‘s</a><span> zu den beliebtesten Snusmarken der Schweiz. </span><span>Bei Fragen, Wünschen oder Anregungen </span><span>kannst du </span><span>uns </span><span>gerne auf der </span><span></span><a href=""https://snushus.ch/pages/kontakt"" title=""Kontakt"">Kontaktseite</a><span> s</span><span>chreiben</span><span>.</span><br>
</div>
<div class=""info""><span></span></div>
<div class=""info""><span>Mit dem Snus Abo von Snushus geht Dir der Snus nie wieder aus! Konfiguriere einmalig Dein Snus Abo mit den beliebtesten Sorten und Marken und dem Zeit-Intervall Deiner Wahl. Nach dem ersten Kauf werden wir Dich regelmässig mit Deinem Lieblings-Snus versorgen!</span></div>
<div class=""info"">
<div class=""info"">
<div class=""item flex"">
<div class=""title""><br></div>
</div>
</div>
</div>
</div>
</div>
<div class=""item flex""></div>",ABO! 1 Box Siberia Rot WDP Box,Unisex,,,,,,,https://cdn.shopify.com/s/files/1/0072/0646/9679/products/siberia-red-white-dry-portion-box.png,,,,,129.00,,1,G,600,IN,3,3,3,,,,
,,SI-1025-1,Unisex,Intervall auswählen,Alle 2 Wochen à CHF 129.00,,,,,,,,,,129.00,,1,G,600,IN,3,3,3,,,Siberia,ABO! 1 Box Siberia Rot WDP Box
,,SI-1025-1,Unisex,Intervall auswählen,Alle 4 Wochen à CHF 124.50,,,,,,,,,,124.50,,1,G,600,IN,3,3,3,,,Siberia,ABO! 1 Box Siberia Rot WDP Box
,,SI-1025-1,Unisex,Intervall auswählen,Alle 8 Wochen à CHF 119.00,,,,,,,,,,119.00,,1,G,600,IN,3,3,3,,,Siberia,ABO! 1 Box Siberia Rot WDP Box
ABO! 1 Box Cold Extreme WDP Box,"<meta charset=""utf-8"">
<div class=""item flex"">
<div class=""title"">
<div class=""info"">
<span>Oden's Cold Extreme WDP (</span><strong>White Dry Portion</strong><span>) ist ein eiskalter Portionssnus mit einer minzigen Frische. Ganz besonders tritt ein Geschmack von Spearmint aus dem ansonsten traditionellen, erdnahen Tabakgeschmack hervor. Oden's Cold Dry ist ein sogenannter trockener Portionssnus, der nicht rinnt und ein noch erfrischenderes Gefühl bietet als andere Snus dieser Serie. Odens zählt zusammen mit </span><a href=""https://snushus.ch/collections/siberia"" title=""Siberia"">Siberia<span> </span></a><span>zu den beliebtesten Snusmarken der Schweiz.</span>
</div>
<div class=""info""><span></span></div>
<div class=""info""><span>Mit dem Snus Abo von Snushus geht Dir der Snus nie wieder aus! Konfiguriere einmalig Dein Snus Abo mit den beliebtesten Sorten und Marken und dem Zeit-Intervall Deiner Wahl. Nach dem ersten Kauf werden wir Dich regelmässig mit Deinem Lieblings-Snus versorgen!</span></div>
<div class=""info"">
<div class=""info"">
<div class=""item flex""></div>
</div>
</div>
</div>
</div>
<div class=""item flex""></div>",ABO! 1 Box Cold Extreme WDP Box,Unisex,,,,,,,https://cdn.shopify.com/s/files/1/0072/0646/9679/products/odens-cold-extreme-white-dry-portion-box.png,,,,,119.00,,1,G,600,IN,3,3,3,,,,
,,OD-1025-1,Unisex,Intervall auswählen,Alle 2 Wochen à CHF 119.00,,,,,,,,,,119.00,,1,G,600,IN,3,3,3,,,Oden's,ABO! 1 Box Cold Extreme WDP Box
,,OD-1025-1,Unisex,Intervall auswählen,Alle 4 Wochen à CHF 114.50,,,,,,,,,,114.50,,1,G,600,IN,3,3,3,,,Oden's,ABO! 1 Box Cold Extreme WDP Box
,,OD-1025-1,Unisex,Intervall auswählen,Alle 8 Wochen à CHF 109.00,,,,,,,,,,109.00,,1,G,600,IN,3,3,3,,,Oden's,ABO! 1 Box Cold Extreme WDP Box
ABO! 1 Dose edel CITRUS,"<p><span>Diese Zitrusmischung wird dich begeistern! Suchst du nach einer neuen, erfrischender Art deinen Nikotinkick zu geniessen? Mit 15mg/g wirst du nicht mehr zur Zigarette greifen müssen. Alle edel Beutel kommen im Slim Format und passen auch den Ladies unter die Lippe.</span></p>
<p><span>Mit dem Snus Abo von Snushus geht Dir der Snus nie wieder aus! Konfiguriere einmalig Dein Snus Abo mit den beliebtesten Sorten und Marken und dem Zeit-Intervall Deiner Wahl. Nach dem ersten Kauf werden wir Dich regelmässig mit Deinem Lieblings-Snus versorgen</span></p>",ABO! 1 Dose edel CITRUS,Unisex,,,,,,,https://cdn.shopify.com/s/files/1/0072/0646/9679/products/edel-citrus-all-white_3a7ec54a-cf86-46bb-adf6-ed35c781caa0.png,,,,,6.00,,1,G,30,IN,3,3,3,,,,
,,ED-2010-1,Unisex,Intervall auswählen,Alle 2 Wochen  à CHF 6.00,,,,,,,,,,6.00,,1,G,30,IN,3,3,3,,,Edel,ABO! 1 Dose edel CITRUS
,,ED-2010-1,Unisex,Intervall auswählen,Alle 4 Wochen à CHF 5.50,,,,,,,,,,5.50,,1,G,30,IN,3,3,3,,,Edel,ABO! 1 Dose edel CITRUS
,,ED-2010-1,Unisex,Intervall auswählen,Alle 8 Wochen à CHF 5.20,,,,,,,,,,5.20,,1,G,30,IN,3,3,3,,,Edel,ABO! 1 Dose edel CITRUS
ABO! 1 Dose edel BERRY,"<p><span>Fruchtiger geht nicht. Bist du auf der Suche nach einem intensiven und lang anhaltenden Geschmackserlebnis? Dann wirst du den edel BERRY lieben. Mit gemässigten 10mg/g Nikotin erfüllt dieses Produkt auch Einsteigerwünsche.</span></p>
<p><span>Mit dem Snus Abo von Snushus geht Dir der Snus nie wieder aus! Konfiguriere einmalig Dein Snus Abo mit den beliebtesten Sorten und Marken und dem Zeit-Intervall Deiner Wahl. Nach dem ersten Kauf werden wir Dich regelmässig mit Deinem Lieblings-Snus versorgen</span></p>",ABO! 1 Dose edel BERRY,Unisex,,,,,,,https://cdn.shopify.com/s/files/1/0072/0646/9679/products/edel-berry-all-white_512e4eba-3ceb-40e6-b0d6-4a00e2394c4e.png,,,,,6.00,,1,G,30,IN,3,3,3,,,,
,,ED-4010-1,Unisex,Intervall auswählen,Alle 2 Wochen  à CHF 6.00,,,,,,,,,,6.00,,1,G,30,IN,3,3,3,,,Edel,ABO! 1 Dose edel BERRY
,,ED-4010-1,Unisex,Intervall auswählen,Alle 4 Wochen à CHF 5.50,,,,,,,,,,5.50,,1,G,30,IN,3,3,3,,,Edel,ABO! 1 Dose edel BERRY
,,ED-4010-1,Unisex,Intervall auswählen,Alle 8 Wochen à CHF 5.20,,,,,,,,,,5.20,,1,G,30,IN,3,3,3,,,Edel,ABO! 1 Dose edel BERRY
ABO! 1 Box Siberia Rot WDP Slim Box,"<meta charset=""utf-8"">
<div class=""item flex"">
<div class=""title"">
<div class=""info"">
<span>Siberia White Dry ist ein Portionssnus mit einem sehr deutlichen Minzgeschmack und erscheint in trockenen Portionen mit niedrigerem Feuchtigkeitsgehalt, weshalb er auch weniger rinnt. Dieser Snus hat einen extrem hohen Nikotingehalt und eine Portion enthält mehr als fünfmal so viel Nikotin wie normal starker Snus (8 mg/g). Wird Menschen, die Nikotin gegenüber empfindlich sind, weniger empfohlen. Siberia zählt zusammen mit </span><a href=""https://snushus.ch/collections/odens"" title=""Odens"">Oden‘s</a><span> zu den beliebtesten Snusmarken der Schweiz. </span><span>Bei Fragen, Wünschen oder Anregungen </span><span>kannst du </span><span>uns </span><span>gerne auf der </span><span></span><a href=""https://snushus.ch/pages/kontakt"" title=""Kontakt"">Kontaktseite</a><span> s</span><span>chreiben</span><span>.</span><br>
</div>
<div class=""info""><span></span></div>
<div class=""info""><span>Mit dem Snus Abo von Snushus geht Dir der Snus nie wieder aus! Konfiguriere einmalig Dein Snus Abo mit den beliebtesten Sorten und Marken und dem Zeit-Intervall Deiner Wahl. Nach dem ersten Kauf werden wir Dich regelmässig mit Deinem Lieblings-Snus versorgen!</span></div>
<div class=""info"">
<div class=""info"">
<div class=""item flex"">
<div class=""title""><br></div>
</div>
</div>
</div>
</div>
</div>
<div class=""item flex""></div>",ABO! 1 Box Siberia Rot WDP Slim Box,Unisex,,,,,,,https://cdn.shopify.com/s/files/1/0072/0646/9679/products/siberia-red-white-dry-portion-slim-box.png,,,,,139.00,,1,G,600,IN,3,3,3,,,,
,,SI-1125-1,Unisex,Intervall auswählen,Alle 2 Wochen à CHF 139.00,,,,,,,,,,139.00,,1,G,600,IN,3,3,3,,,Siberia,ABO! 1 Box Siberia Rot WDP Slim Box
,,SI-1125-1,Unisex,Intervall auswählen,Alle 4 Wochen à CHF 134.50,,,,,,,,,,134.50,,1,G,600,IN,3,3,3,,,Siberia,ABO! 1 Box Siberia Rot WDP Slim Box
,,SI-1125-1,Unisex,Intervall auswählen,Alle 8 Wochen à CHF 129.00,,,,,,,,,,129.00,,1,G,600,IN,3,3,3,,,Siberia,ABO! 1 Box Siberia Rot WDP Slim Box
ABO! 1 Dose edel COLD,"<p><span>Der edel COLD ist das bisher stärkste All White Produkt auf dem Schweizer Markt. Diese einzigartige Minz-Menthol Mischung mit Frischebooster und 20 mg/g Nikotin wurde explizit für die Vorlieben der heimischen Konsumenten entwickelt. Mit der Kraft vom COLD kann kommen was wolle - immer und überall.</span></p>
<p><span>Mit dem Snus Abo von Snushus geht Dir der Snus nie wieder aus! Konfiguriere einmalig Dein Snus Abo mit den beliebtesten Sorten und Marken und dem Zeit-Intervall Deiner Wahl. Nach dem ersten Kauf werden wir Dich regelmässig mit Deinem Lieblings-Snus versorgen.</span></p>",ABO! 1 Dose edel COLD,Unisex,,,,,,,https://cdn.shopify.com/s/files/1/0072/0646/9679/products/edel-cold-all-white_be65e455-66fb-418e-8cc8-af675c8c52f9.png,,,,,6.00,,1,G,30,IN,3,3,3,,,,
,,ED-1010-1,Unisex,Intervall auswählen,Alle 2 Wochen  à CHF 6.00,,,,,,,,,,6.00,,1,G,30,IN,3,3,3,,,Edel,ABO! 1 Dose edel COLD
,,ED-1010-1,Unisex,Intervall auswählen,Alle 4 Wochen à CHF 5.50,,,,,,,,,,5.50,,1,G,30,IN,3,3,3,,,Edel,ABO! 1 Dose edel COLD
,,ED-1010-1,Unisex,Intervall auswählen,Alle 8 Wochen à CHF 5.20,,,,,,,,,,5.20,,1,G,30,IN,3,3,3,,,Edel,ABO! 1 Dose edel COLD
ABO! 1 Dose Siberia Rot WDP - Slim,"<meta charset=""utf-8"">
<div class=""item flex "">
<div class=""title"">
<div class=""info"">
<p>Siberia White Dry ist ein Portionssnus mit einem sehr deutlichen Minzgeschmack und erscheint in trockenen Portionen mit niedrigerem Feuchtigkeitsgehalt, weshalb er auch weniger rinnt. Dieser Snus hat einen extrem hohen Nikotingehalt und eine Portion enthält mehr als fünfmal so viel Nikotin wie normal starker Snus (8 mg/g). Wird Menschen, die Nikotin gegenüber empfindlich sind, weniger empfohlen. Siberia zählt zusammen mit <a href=""https://snushus.ch/collections/odens"" title=""Odens"">Oden‘s</a> zu den beliebtesten Snusmarken der Schweiz. <span>Bei Fragen, Wünschen oder Anregungen </span><span>kannst du </span><span>uns </span><span>gerne auf der </span><span></span><a href=""https://snushus.ch/pages/kontakt"" title=""Kontakt"">Kontaktseite</a><span> s</span><span>chreiben</span><span>.</span></p>
</div>
</div>
</div>
<div class=""item flex ""></div>",ABO! 1 Dose Siberia Rot WDP - Slim,Unisex,,,,,,,https://cdn.shopify.com/s/files/1/0072/0646/9679/products/siberia-red-white-dry-slim-portion_45ac2be5-9693-4978-9609-c56869d2b16b.png,,,,,5.20,,1,G,30,IN,3,3,3,,,,
,,SI-1015-1,Unisex,Interval auswählen,Alle 2 Wochen à CHF 5.20,,,,,,,,,,5.20,,1,G,30,IN,3,3,3,,,Siberia,ABO! 1 Dose Siberia Rot WDP - Slim
,,SI-1015-1,Unisex,Interval auswählen,Alle 4 Wochen à CHF 5.00,,,,,,,,,,5.00,,1,G,30,IN,3,3,3,,,Siberia,ABO! 1 Dose Siberia Rot WDP - Slim
,,SI-1015-1,Unisex,Interval auswählen,Alle 8 Wochen à CHF 4.50,,,,,,,,,,4.50,,1,G,30,IN,3,3,3,,,Siberia,ABO! 1 Dose Siberia Rot WDP - Slim
ABO! 1 Dose Siberia Rot WDP,"<meta charset=""utf-8"">
<div class=""item flex"">
<div class=""title"">
<div class=""info"">
<p>Siberia White Dry ist ein Portionssnus mit einem sehr deutlichen Minzgeschmack und erscheint in trockenen Portionen mit niedrigerem Feuchtigkeitsgehalt, weshalb er auch weniger rinnt. Dieser Snus hat einen extrem hohen Nikotingehalt und eine Portion enthält mehr als fünfmal so viel Nikotin wie normal starker Snus (8 mg/g). Wird Menschen, die Nikotin gegenüber empfindlich sind, weniger empfohlen. Siberia zählt zusammen mit <a href=""https://snushus.ch/collections/odens"" title=""Odens"">Oden‘s</a> zu den beliebtesten Snusmarken der Schweiz. <span>Bei Fragen, Wünschen oder Anregungen </span><span>kannst du </span><span>uns </span><span>gerne auf der </span><span></span><a href=""https://snushus.ch/pages/kontakt"" title=""Kontakt"">Kontaktseite</a><span> s</span><span>chreiben</span><span>.</span></p>
<p><span>Mit dem Snus Abo von Snushus geht Dir der Snus nie wieder aus! Konfiguriere einmalig Dein Snus Abo mit den beliebtesten Sorten und Marken und dem Zeit-Intervall Deiner Wahl. Nach dem ersten Kauf werden wir Dich regelmässig mit Deinem Lieblings-Snus versorgen.</span></p>
</div>
</div>
</div>
<div class=""item flex""></div>",ABO! 1 Dose Siberia Rot WDP,Unisex,,,,,,,https://cdn.shopify.com/s/files/1/0072/0646/9679/products/siberia-red-white-dry-portion_aa1f2917-3a24-4d7b-8e87-7437e04f674f.png,,,,,5.20,,1,G,30,IN,3,3,3,,,,
,,SI-1005-1,Unisex,Interval auswählen,Alle 2 Wochen à CHF 5.20,,,,,,,,,,5.20,,1,G,30,IN,3,3,3,,,Siberia,ABO! 1 Dose Siberia Rot WDP
,,SI-1005-1,Unisex,Interval auswählen,Alle 4 Wochen à CHF 5.00,,,,,,,,,,5.00,,1,G,30,IN,3,3,3,,,Siberia,ABO! 1 Dose Siberia Rot WDP
,,SI-1005-1,Unisex,Interval auswählen,Alle 8 Wochen à CHF 4.50,,,,,,,,,,4.50,,1,G,30,IN,3,3,3,,,Siberia,ABO! 1 Dose Siberia Rot WDP
ABO! 1 Dose Cold Extreme WDP,"<meta charset=""utf-8"">
<div class=""item flex"">
<div class=""title""></div>
</div>
<div class=""item flex"">
<div class=""info"">
<p>Oden's Cold Extreme WDP (<strong>White Dry Portion</strong>) ist ein eiskalter Portionssnus mit einer minzigen Frische. Ganz besonders tritt ein Geschmack von Spearmint aus dem ansonsten traditionellen, erdnahen Tabakgeschmack hervor. Oden's Cold Dry ist ein sogenannter trockener Portionssnus, der nicht rinnt und ein noch erfrischenderes Gefühl bietet als andere Snus dieser Serie. Odens zählt zusammen mit <a href=""https://snushus.ch/collections/siberia"" title=""Siberia"">Siberia </a>zu den beliebtesten Snusmarken der Schweiz. Bei Fragen, Wünschen oder Anregungen kannst du uns gerne auf der <a href=""https://snushus.ch/pages/kontakt"" title=""Kontakt"">Kontaktseite</a> schreiben.</p>
<p><span>Mit dem Snus Abo von Snushus geht Dir der Snus nie wieder aus! Konfiguriere einmalig Dein Snus Abo mit den beliebtesten Sorten und Marken und dem Zeit-Intervall Deiner Wahl. Nach dem ersten Kauf werden wir Dich regelmässig mit Deinem Lieblings-Snus versorgen</span></p>
</div>
<div class=""info""></div>
<div class=""info"">
<div class=""info"">
<div class=""item flex""></div>
</div>
</div>
</div>",ABO! 1 Dose Cold Extreme WDP,Unisex,,,,,,,https://cdn.shopify.com/s/files/1/0072/0646/9679/products/odens-cold-extreme-white-dry-portion_6e127edd-ca3c-4c86-b838-4faee990dea6.png,,,,,4.80,,1,G,30,IN,3,3,3,,,,
,,OD-1005-1,Unisex,Intervall auswählen,Alle 2 Wochen à CHF 4.80,,,,,,,,,,4.80,,1,G,30,IN,3,3,3,,,Oden's,ABO! 1 Dose Cold Extreme WDP
,,OD-1005-1,Unisex,Intervall auswählen,Alle 4 Wochen à CHF 4.60,,,,,,,,,,4.60,,1,G,300,IN,3,3,3,,,Oden's,ABO! 1 Dose Cold Extreme WDP
,,OD-1005-1,Unisex,Intervall auswählen,Alle 8 Wochen à CHF 4.00,,,,,,,,,,4.00,,1,G,900,IN,3,3,3,,,Oden's,ABO! 1 Dose Cold Extreme WDP
ABO! 1 Dose edel MELON,"<p><span>Falls du zur Abwechslung gerne was neues probieren möchtest, verzaubert der Edel Melon deine Sinne. Neben dem Nikotinkick von 15mg/g vitalisiert er er mit seinem einzigartigen Aroma den Mund und Körper. Kaugummis waren gestern!</span></p>
<p><span>Mit dem Snus Abo von Snushus geht Dir der Snus nie wieder aus! Konfiguriere einmalig Dein Snus Abo mit den beliebtesten Sorten und Marken und dem Zeit-Intervall Deiner Wahl. Nach dem ersten Kauf werden wir Dich regelmässig mit Deinem Lieblings-Snus versorgen.</span></p>",ABO! 1 Dose edel MELON,Unisex,,,,,,,https://cdn.shopify.com/s/files/1/0072/0646/9679/products/edel-melon-all-white_38dd5be7-9cb6-418a-a542-b60dd7aa4082.png,,,,,6.00,,1,G,30,IN,3,3,3,,,,
,,ED-3010-1,Unisex,Intervall auswählen,Alle 2 Wochen  à CHF 6.00,,,,,,,,,,6.00,,1,G,30,IN,3,3,3,,,Edel,ABO! 1 Dose edel MELON
,,ED-3010-1,Unisex,Intervall auswählen,Alle 4 Wochen à CHF 5.50,,,,,,,,,,5.50,,1,G,30,IN,3,3,3,,,Edel,ABO! 1 Dose edel MELON
,,ED-3010-1,Unisex,Intervall auswählen,Alle 8 Wochen à CHF 5.20,,,,,,,,,,5.20,,1,G,30,IN,3,3,3,,,Edel,ABO! 1 Dose edel MELON
ABO! 1 Dose VID Arctic Blast AW,"<meta charset=""utf-8"">
<div class=""item flex"">
<div class=""title""></div>
</div>
<div class=""item flex"">
<div class=""info"">
<p>VID ist die neuste Kreation vom Hause Kurbits Snus AB - kräftige Schweizer Aromen treffen auf schwedisches Snus Know How. Die Arctiv Blast Nikotinbeutel bestechen mit ihrem frischen Menthol, Minze Geschmack und einem hohen Nikotingehalt von 20 mg/g! Die Slim Beutel fühlen sich angenehm unter der Lippe an und können helfen, die Zigarette zu vergessen. ;-)</p>
<p>Auf aromatisierter Zellulosebasis und völlig frei von Tabak kommen auch die <a href=""https://snushus.ch/collections/vid-nicotine-pouches"">VID</a> Beutel im Slim Format. Ohne Tabak bedeutet ohne gewöhnungsbedürftigen Tabakgeruch sowie ohne jegliche Tabakschadstoffe - aktuell gibt es weltweit keine weniger schädliche Art, Nikotin zu konsumieren. All White Snus / Nicotine Pouches bietet sich deshalb vor allem Rauchern an, welche mit Rauchentwöhnung wie Nikotinpflaster, Nikotinkaugummi oder Nikotinspray nichts anfangen können.</p>
</div>
<div class=""info""><br></div>
<div class=""info"">
<div class=""info"">
<div class=""item flex""><br></div>
</div>
</div>
</div>",ABO! 1 Dose VID Arctic Blast AW,Unisex,,,,,,,https://cdn.shopify.com/s/files/1/0072/0646/9679/products/vid-arctic-blast-nicotine-pouches.png,,,,,4.90,,1,G,30,IN,3,3,3,,,,
,,VI-1005-1,Unisex,Intervall auswählen,Alle 2 Wochen à CHF 4.90,,,,,,,,,,4.90,,1,G,30,IN,3,3,3,,,VID,ABO! 1 Dose VID Arctic Blast AW
,,VI-1005-1,Unisex,Intervall auswählen,Alle 4 Wochen à CHF 4.50,,,,,,,,,,4.50,,1,G,300,IN,3,3,3,,,VID,ABO! 1 Dose VID Arctic Blast AW
,,VI-1005-1,Unisex,Intervall auswählen,Alle 8 Wochen à CHF 3.90,,,,,,,,,,3.90,,1,G,900,IN,3,3,3,,,VID,ABO! 1 Dose VID Arctic Blast AW
ABO! 1 Dose edel CBD MINT,"<p><span>Um dem Druck der modernen Gesellschaft nicht zu erliegen, darf die Entspannung nicht fehlen. Mit dem edel CBD MINT aus der ""edel weiss""-Reihe wird deshalb voller Stolz der weltweit erste CBD ALL WHITE Snus präsentiert. Diese Minz-Mischung enthält kein Nikotin. Die darin enthaltenen Cannabinoide (12mg/g CBD) verleihen dir ein nicht betäubendes Gefühl der Unbeschwertheit ohne Belastung deiner Lunge (THC-frei).</span></p>
<p><span>Mit dem Snus Abo von Snushus geht Dir der Snus nie wieder aus! Konfiguriere einmalig Dein Snus Abo mit den beliebtesten Sorten und Marken und dem Zeit-Intervall Deiner Wahl. Nach dem ersten Kauf werden wir Dich regelmässig mit Deinem Lieblings-Snus versorgen</span></p>",ABO! 1 Dose edel CBD MINT,Unisex,,,,,,,https://cdn.shopify.com/s/files/1/0072/0646/9679/products/edel-cbd-mint-all-white_fbbf3e28-c4a6-465c-b7ff-704e6128a3ab.png,,,,,9.20,,1,G,30,IN,3,3,3,,,,
,,ED-5010-1,Unisex,Intervall auswählen,Alle 2 Wochen  à CHF 9.20,,,,,,,,,,9.20,,1,G,30,IN,3,3,3,,,Edel,ABO! 1 Dose edel CBD MINT
,,ED-5010-1,Unisex,Intervall auswählen,Alle 4 Wochen à CHF 8.70,,,,,,,,,,8.70,,1,G,30,IN,3,3,3,,,Edel,ABO! 1 Dose edel CBD MINT
,,ED-5010-1,Unisex,Intervall auswählen,Alle 8 Wochen à CHF 8.40,,,,,,,,,,8.40,,1,G,30,IN,3,3,3,,,Edel,ABO! 1 Dose edel CBD MINT
ABO! 1 Dose Africaine Bentchikou,"<p><span>Makla Kautabake werden alle ohne künstliche Aroma- und Zusatzstoffe nach traditionellen Rezepturen hergestellt. Nimm mit den Fingern eine Portion heraus und kneten es zu einer kleinen Kugel. Platziere die Kugel dann unter Deiner Oberlippe. Der Makla Kautabak entfaltet seine volle Wirkung nach ca. 15 bis 60 Minuten. </span><br></p>
<p><span></span><span>Mit dem Snus Abo von Snushus geht Dir der Snus nie wieder aus! Konfiguriere einmalig Dein Snus Abo mit den beliebtesten Sorten und Marken und dem Zeit-Intervall Deiner Wahl. Nach dem ersten Kauf werden wir Dich regelmässig mit Deinem Lieblings-Snus versorgen!</span></p>
<div class=""info"">
<div class=""info"">
<div class=""item flex"">
<div class=""title""></div>
</div>
</div>
</div>",ABO! 1 Dose Africaine Bentchikou,Unisex,,,,,,,https://cdn.shopify.com/s/files/1/0072/0646/9679/products/makla-africaine-bentchikou_e246842e-7741-4327-b53e-dbba7e7dbb6e.png,,,,,5.00,,1,G,30,IN,3,3,3,,,,
,,MA-1000-1,Unisex,Intervall auswählen,Alle 2 Wochen à CHF 5.00,,,,,,,,,,5.00,,1,G,30,IN,3,3,3,,,Makla,ABO! 1 Dose Africaine Bentchikou
,,MA-1000-1,Unisex,Intervall auswählen,Alle 4 Wochen à CHF 4.00,,,,,,,,,,4.00,,1,G,300,IN,3,3,3,,,Makla,ABO! 1 Dose Africaine Bentchikou
,,MA-1000-1,Unisex,Intervall auswählen,Alle 8 Wochen à CHF 3.90,,,,,,,,,,3.90,,1,G,900,IN,3,3,3,,,Makla,ABO! 1 Dose Africaine Bentchikou
ABO! 1 Dose Cold Extreme WDP - Slim,"<meta charset=""utf-8"">
<div class=""item flex"">
<div class=""title""></div>
</div>
<div class=""item flex"">
<div class=""info"">
<div class=""info"">
<p>Oden's Extreme Cold Dry ist ein eiskalter Portionssnus mit einer minzigen Frische. Ganz besonders tritt ein Geschmack von Spearmint aus dem ansonsten traditionellen, erdnahen Tabakgeschmack hervor. Oden's Cold Dry ist ein sogenannter trockener Portionssnus, der nicht rinnt und ein noch erfrischenderes Gefühl bietet als andere Snus dieser Serie. Oden‘s zählt zusammen mit Siberia zu den beliebtesten Snusmarken der Schweiz.</p>
<p><span>Mit dem Snus Abo von Snushus geht Dir der Snus nie wieder aus! Konfiguriere einmalig Dein Snus Abo mit den beliebtesten Sorten und Marken und dem Zeit-Intervall Deiner Wahl. Nach dem ersten Kauf werden wir Dich regelmässig mit Deinem Lieblings-Snus versorgen</span></p>
</div>
<div class=""info"">
<div class=""info"">
<div class=""item flex""></div>
</div>
</div>
</div>
<div class=""info"">
<div class=""item flex""></div>
</div>
</div>",ABO! 1 Dose Cold Extreme WDP - Slim,Unisex,,,,,,,https://cdn.shopify.com/s/files/1/0072/0646/9679/products/odens-cold-extreme-white-dry-slim-portion_764052a8-a415-43ac-918a-892795d2adb9.png,,,,,4.60,,1,G,30,IN,3,3,3,,,,
,,OD-1015-1,Unisex,Intervall auswählen,Alle 2 Wochen à CHF 4.60,,,,,,,,,,4.60,,1,G,30,IN,3,3,3,,,Oden's,ABO! 1 Dose Cold Extreme WDP - Slim
,,OD-1015-1,Unisex,Intervall auswählen,Alle 4 Wochen à CHF 4.40,,,,,,,,,,4.40,,1,G,300,IN,3,3,3,,,Oden's,ABO! 1 Dose Cold Extreme WDP - Slim
,,OD-1015-1,Unisex,Intervall auswählen,Alle 8 Wochen à CHF 4.00,,,,,,,,,,4.00,,1,G,900,IN,3,3,3,,,Oden's,ABO! 1 Dose Cold Extreme WDP - Slim
Lime Smash AW DUOPACK,"<span data-mce-fragment=""1"">Der DOPE Lime Smash Strong ist eine exotische Mischung aus dem eisigen Gefühl von DOPE und dem süsslichen Geschmack von Limette. Die DOPE RUSH Instant Kick Technologie setzt das Nikotin mit intensivem und kraftvollem Kick frei. Wenn Du einen erfrischenden Geschmack mit garantiertem Kick willst, ist Deine Wahl DOPE! Jede Dose enthält 22 Nikotinbeutel im Slimformat.</span>",Lime Smash AW DUOPACK,Unisex,,,,,,,https://cdn.shopify.com/s/files/1/0072/0646/9679/products/Dope_Lime_Smash_Strong_Edition.jpg,,,,,5.90,,1,G,15,IN,3,3,3,,,,
,,DO-2020-1,Unisex,Title,Default Title,,,,,,,,,,5.90,,1,G,15,IN,3,3,3,,,DOPE,Lime Smash AW DUOPACK
Ice Mango AW DUOPACK,"<span data-mce-fragment=""1"">Der DOPE Ice Mango Strong ist eine saftige Mischung aus dem eisigen Gefühl von DOPE und dem unverwechselbaren fruchtigen Geschmack von Mango. Die DOPE RUSH Instant Kick Technologie setzt das Nikotin mit intensivem und kraftvollem Kick frei. Wenn Du einen erfrischenden Geschmack mit garantiertem Kick willst, ist Deine Wahl DOPE! Jede Dose enthält 22 Nikotinbeutel im Slimformat.</span>",Ice Mango AW DUOPACK,Unisex,,,,,,,https://cdn.shopify.com/s/files/1/0072/0646/9679/products/dope_ice_mango_strong_edition.jpg,,,,,5.90,0.00,1,G,15,IN,3,3,3,,,,
,,DO-1020-1,Unisex,Title,Default Title,,,,,,,,,,5.90,0.00,1,G,15,IN,3,3,3,,,DOPE,Ice Mango AW DUOPACK
Original,"<meta charset=""utf-8"">
<div class=""item flex "">
<div class=""title"">
<div class=""info"">
<p><span>Ein rauchloses Tabakprodukt aus Dänemark. Geeignet als Ersatzprodukt für Zigaretten. Die kleinen Oliver Twist Tabakdragees entfalten ihre Wirkung unter der Lippe und stillen die Lust zu Rauchen.</span></p>
</div>
</div>
</div>
<div class=""item flex ""></div>",Original,Unisex,,,,,,,https://cdn.shopify.com/s/files/1/0072/0646/9679/products/original.png,,,,,6.40,,1,G,30,IN,3,3,3,,,,
,,OT-1000-1,Unisex,Menge auswählen,1 Dose à 6.40,,,,,,,,,,6.40,,1,G,30,IN,3,3,3,,,Oliver Twist,Original
MINT,Der wohl beliebteste Snus-Geschmack Minze ist ab sofort in der edelweiss-Linie des Schweizer Snus Brands edelsnus auch mit tieferem Nikotingehalt vertreten!<br>Der edel Mint All White kommt mit angenehmen 10 mg/g Nikotin und ist damit ein perfekter Alltags-Snus.,MINT,Unisex,,,,,,,https://cdn.shopify.com/s/files/1/0072/0646/9679/products/edel-mint-all-white.png,,,,,6.90,0.00,1,G,1,IN,3,3,3,,,,
,,ED-7010-1,Unisex,Title,Default Title,,,,,,,,,,6.90,0.00,1,G,1,IN,3,3,3,,,edel,MINT
LYCHEE,"Der edel Lychee All White Snus ist Teil der zweiten Generation der edelweiss Linie des Schweizer Snus Herstellers edelsnus. Angenehme Slim Beutel, kombiniert mit einem aufregenden Litschi Aroma mit einem hauch von Rosen und dezentem Nikotingehalt verleihen diesem Snus die perfekte Balance.",LYCHEE,Unisex,,,,,,,https://cdn.shopify.com/s/files/1/0072/0646/9679/products/edel-lychee-all-white.png,,,,,6.90,0.00,1,G,1,IN,3,3,3,,,,
,,ED-8010-1,Unisex,Title,Default Title,,,,,,,,,,6.90,0.00,1,G,1,IN,3,3,3,,,edel,LYCHEE
COLD,"<p>Der edel COLD ist das bisher stärkste All White Produkt auf dem Schweizer Markt. Diese einzigartige Minz-Menthol Mischung mit Frischebooster und 20 mg/g Nikotin wurde explizit für die Vorlieben der heimischen Konsumenten entwickelt. Mit der Kraft vom COLD kann kommen was wolle - immer und überall.</p>
<p><a title=""edelweiss All White Snus im Snushus kaufen! Schweizer Qualität, direkt aus der Schweiz versendet."" href=""https://snushus.ch/collections/edel-weiss-snus"">Hier findest Du sämtliche Varianten der edelweiss Linie</a><br></p>",COLD,Unisex,,,,,,,https://cdn.shopify.com/s/files/1/0072/0646/9679/products/edel-cold-all-white.png,,,,,6.90,,1,G,14,IN,3,3,3,,,,
,,ED-1010-1,Unisex,Title,Default Title,,,,,,,,,,6.90,,1,G,14,IN,3,3,3,,,Edel,COLD
CITRUS,"<p>Diese Zitrusmischung wird dich begeistern! Suchst du nach einer neuen, erfrischender Art deinen Nikotinkick zu geniessen? Mit 15mg/g wirst du nicht mehr zur Zigarette greifen müssen. Alle edel Beutel kommen im Slim Format und passen auch den Ladies unter die Lippe.</p>
<p><a href=""https://snushus.ch/collections/edel-weiss-snus"" title=""edelweiss All White Snus im Snushus kaufen! Schweizer Qualität, direkt aus der Schweiz versendet."">Hier findest Du sämtliche Varianten der edelweiss Linie</a></p>",CITRUS,Unisex,,,,,,,https://cdn.shopify.com/s/files/1/0072/0646/9679/products/edel-citrus-all-white.png,,,,,6.90,,1,G,14,IN,3,3,3,,,,
,,ED-2010-1,Unisex,Title,Default Title,,,,,,,,,,6.90,,1,G,14,IN,3,3,3,,,Edel,CITRUS
MELON,"<p>Falls du zur Abwechslung gerne was neues probieren möchtest, verzaubert der edel MELON deine Sinne. Neben dem Nikotinkick von 15mg/g vitalisiert er mit seinem einzigartigen Aroma den Mund und Körper. Kaugummis waren gestern!</p>
<p><a href=""https://snushus.ch/collections/edel-weiss-snus"" title=""edelweiss All White Snus im Snushus kaufen! Schweizer Qualität, direkt aus der Schweiz versendet."">Hier findest Du sämtliche Varianten der edelweiss Linie</a></p>",MELON,Unisex,,,,,,,https://cdn.shopify.com/s/files/1/0072/0646/9679/products/edel-melon-all-white.png,,,,,6.90,,1,G,14,IN,3,3,3,,,,
,,ED-3010-1,Unisex,Title,Default Title,,,,,,,,,,6.90,,1,G,14,IN,3,3,3,,,Edel,MELON
BERRY,Fruchtiger geht nicht. Bist du auf der Suche nach einem intensiven und lang anhaltenden Geschmackserlebnis? Dann wirst du den edel BERRY lieben. Mit gemässigten 10mg/g Nikotin erfüllt dieses Produkt auch Einsteigerwünsche.,BERRY,Unisex,,,,,,,https://cdn.shopify.com/s/files/1/0072/0646/9679/products/edel-berry-all-white.png,,,,,6.90,0.00,1,G,14000,IN,3,3,3,,,,
,,ED-4010-1,Unisex,Title,Default Title,,,,,,,,,,6.90,0.00,1,G,14000,IN,3,3,3,,,edel,BERRY
CBD MINT,"<p>Um dem Druck der modernen Gesellschaft nicht zu erliegen, darf die Entspannung nicht fehlen. Mit dem edel CBD MINT aus der ""edel weiss""-Reihe wird deshalb voller Stolz der weltweit erste CBD ALL WHITE Snus präsentiert. Diese Minz-Mischung enthält kein Nikotin. Die darin enthaltenen Cannabinoide (12mg/g CBD) verleihen dir ein nicht betäubendes Gefühl der Unbeschwertheit ohne Belastung deiner Lunge (THC-frei).</p>
<p><a href=""https://snushus.ch/collections/edel-weiss-snus"" title=""edelweiss All White Snus im Snushus kaufen! Schweizer Qualität, direkt aus der Schweiz versendet."">Hier findest Du sämtliche Varianten der edelweiss Linie</a></p>",CBD MINT,Unisex,,,,,,,https://cdn.shopify.com/s/files/1/0072/0646/9679/products/edel-cbd-mint-all-white.png,,,,,9.20,,1,G,14,IN,3,3,3,,,,
,,ED-5010-1,Unisex,Title,Default Title,,,,,,,,,,9.20,,1,G,14,IN,3,3,3,,,Edel,CBD MINT
ONYX,"Saftige Bergkräutermischung mit einem Hauch von Eukalyptus – nochmal deutlich mehr Kick als der beliebte edel COLD. Onyx ist nichts für schwache Gemüter, aber trotzdem unglaublich lecker.  Bist du bereit für den Kick? Feel Unique und tauche ein in die Welt von edel",ONYX,Unisex,,,,,,,https://cdn.shopify.com/s/files/1/0072/0646/9679/products/edel-onyx-all-white.png,,,,,6.90,0.00,1,G,28000,IN,3,3,3,,,,
,,ED-9010-1,Unisex,Title,Default Title,,,,,,,,,,6.90,0.00,1,G,28000,IN,3,3,3,,,edel,ONYX
COLD Bigpack,Der edel Cold das bisher stärkste All White Produkt auf dem Schweizer Markt. Unsere einzigartige Minz-Menthol Mischung mit Frischebooster und 20 mg/g Nikotin wurde explizit für die Vorlieben der heimischen Konsumenten entwickelt. Mit der Kraft vom COLD kann kommen was wolle - immer und überall. Jetzt auch in der Vorteilspackung mit 100 Beutel! Die abgebildeten Dosen auf Bild 2 sind nur als Vergleich zu verstehen und sind im Bigpack nicht enthalten.,COLD Bigpack,Unisex,,,,,,,https://cdn.shopify.com/s/files/1/0072/0646/9679/products/edelsnus-cold-all-white-big-pack.png,https://cdn.shopify.com/s/files/1/0072/0646/9679/products/edelsnus-cold-all-white-big-pack-comparison.png,,,,24.90,0.00,1,G,1,IN,3,3,3,,,,
,,ED-1020-1,Unisex,Title,Default Title,,,,,,,,,,24.90,0.00,1,G,1,IN,3,3,3,,,edel,COLD Bigpack
ONYX Bigpack,"<p><span data-mce-fragment=""1"">Saftige Bergkräutermischung mit einem Hauch von Eukalyptus – nochmal deutlich mehr Kick als der beliebte edel COLD. Onyx ist nichts für schwache Gemüter, aber trotzdem unglaublich lecker.  Bist du bereit für den Kick? Feel Unique und tauche ein in die Welt von edel.</span></p>
<p><span data-mce-fragment=""1"">Den edel ONYX gibt es jetzt auch in der Grosspackung mit 100 Beuteln! Die abgebildeten Dosen auf Bild 2 sind nur als Vergleich zu verstehen und sind im Bigpack nicht enthalten.</span></p>",ONYX Bigpack,Unisex,,,,,,,https://cdn.shopify.com/s/files/1/0072/0646/9679/products/edelsnus-onyx-all-white-big-pack.png,https://cdn.shopify.com/s/files/1/0072/0646/9679/products/edelsnus-onyx-all-white-big-pack-comparison.png,,,,24.90,0.00,1,G,1,IN,3,3,3,,,,
,,ED-9020-1,Unisex,Title,Default Title,,,,,,,,,,24.90,0.00,1,G,1,IN,3,3,3,,,edel,ONYX Bigpack
Ettan OP,"<meta charset=""utf-8"">
<div class=""item flex "">
<div class=""title""></div>
</div>
<div class=""item flex "">
<div class=""info"">
<p><span>ETTAN - DAS ORIGINAL. Ettan Original Portion kommt mit traditionellem Tabakgeschmack. Voll, robust und leicht rauchig. Die Portionen sind geschmacksgefüllt aber aussenrum trocken und bieten langanhaltende Geschmacksfreisetzung. </span></p>
<p><span>Ettan ist Tradition und </span>eine der ältesten Snusmarken Schwedens. Das Rezept wurde <span>seit 1822 im Grossen und Ganzen nicht verändert. Der traditionelle Tabak-Geschmack ist hier etwas milder, weshalb die rauchigen Aromen gut zur Geltung kommen, des Weiteren können Einschläge von Heu, Teer und Malz und auch ein Hauch dunkler Schokolade erahnt werden. </span></p>
</div>
<div class=""info"">
<div class=""info""> </div>
</div>
</div>",Ettan OP,Unisex,,,,,,,https://cdn.shopify.com/s/files/1/0072/0646/9679/products/ettan-original-portion.png,,,,,5.90,0.00,1,G,30,IN,3,3,3,,,,
,,ET-1005-1,Unisex,Title,Default Title,,,,,,,,,,5.90,0.00,1,G,30,IN,3,3,3,,,Ettan,Ettan OP
Deep Freeze AW Slim,"<p>Der G.4 Deep Freeze von Swedish Match hat einen hellen, würzigen Charakter mit deutlichen Noten von Eukalyptus und Menthol. Ein langer schlanker All White Beutel mit optimierter Passform, aussen trocken mit einem feuchten Inhalt für lang anhaltende Geschmacksentfaltung und geringem Rinnen.<br></p>",Deep Freeze AW Slim,Unisex,,,,,,,https://cdn.shopify.com/s/files/1/0072/0646/9679/products/1647421618622566_g4-deep-freeze-aw.jpg,,,,,5.55,0.00,1,G,40000,IN,3,3,3,,,,
,,G4-1005-1,Unisex,Title,Default Title,,,,,,,,,,5.55,0.00,1,G,40000,IN,3,3,3,,,G.4,Deep Freeze AW Slim
Cryo AW Slim,"<p>Der G.4 Cryo von Swedish Match hat einen hellen. würzigen Charakter mit deutlichen Noten von Pfefferminz und Eukalyptus, dazu Spuren von Vanille. Ein langer schlanker All White Beutel mit optimierter Passform, aussen trocken mit einem feuchten Inhalt für lang anhaltende Geschmacksentfaltung und geringem Rinnen.</p>",Cryo AW Slim,Unisex,,,,,,,https://cdn.shopify.com/s/files/1/0072/0646/9679/products/1647422021844617_g4-cryo-aw.jpg,,,,,5.55,0.00,1,G,40000,IN,3,3,3,,,,
,,G4-2005-1,Unisex,Title,Default Title,,,,,,,,,,5.55,0.00,1,G,40000,IN,3,3,3,,,G.4,Cryo AW Slim
Classic WP,"<meta charset=""utf-8"">
<div class=""item flex"">
<div class=""title"">
<div class=""info"">
<p>General Classic - Der original schwedische Snus seit 1866. Bauen Sie auf stolze Traditionen und Handwerkskunst. Dies ist die Nummer eins unter den Premium-Snus, hergestellt aus ausgewählten Tabakblättern, um die höchstmögliche Qualität zu erreichen. Ein würziger Tabakgeschmack mit Noten von Bergamotte und Anklängen von Tee, Heu und Leder.</p>
</div>
</div>
</div>
<div class=""item flex""></div>",Classic WP,Unisex,,,,,,,https://cdn.shopify.com/s/files/1/0072/0646/9679/products/general-classic-wp.png,,,,,7.90,0.00,1,G,40000,IN,3,3,3,,,,
,,GE-5005-1,Unisex,Title,Default Title,,,,,,,,,,7.90,0.00,1,G,40000,IN,3,3,3,,,General,Classic WP
Super Strong Eucalyptus WP,"<meta charset=""utf-8"">
<div class=""item flex"">
<div class=""title"">
<div class=""info"">
<p>General Super Strong Eucalyptus WP - Ein moderner Klassiker mit würzigem Tabak und einem klaren Geschmack von Eukalyptus und Pfefferminze. Ein kompromissloses Tabakerlebnis, das auf stolzer Tradition und Handwerkskunst aufbaut. Ein milder und würziger Tabakgeschmack mit deutlichen Noten von Eukalyptus und Pfefferminze.</p>
</div>
</div>
</div>
<div class=""item flex""></div>",Super Strong Eucalyptus WP,Unisex,,,,,,,https://cdn.shopify.com/s/files/1/0072/0646/9679/products/general-super-strong-eucalyptus-wp.png,,,,,7.90,0.00,1,G,35000,IN,3,3,3,,,,
,,GE-7005-1,Unisex,Title,Default Title,,,,,,,,,,7.90,0.00,1,G,35000,IN,3,3,3,,,General,Super Strong Eucalyptus WP
Super Strong Spearmint WP,"<meta charset=""utf-8"">
<div class=""item flex"">
<div class=""title"">
<div class=""info"">
<p>General Super Strong Spearmint WP - Ein moderner Klassiker mit würzigem Tabak und einem klaren Geschmack von Minze. Ein frisches, starkes und kompromissloses Tabakerlebnis, das auf stolzer Tradition und Handwerkskunst aufbaut. Ein weicher und würziger Tabakgeschmack mit deutlichen Noten von Minze, zusammen mit einem Hauch von grünen Kräutern und Eukalyptus.</p>
</div>
</div>
</div>
<div class=""item flex""></div>",Super Strong Spearmint WP,Unisex,,,,,,,https://cdn.shopify.com/s/files/1/0072/0646/9679/products/general-super-strong-spearmint-wp.png,,,,,7.90,0.00,1,G,35000,IN,3,3,3,,,,
,,GE-8005-1,Unisex,Title,Default Title,,,,,,,,,,7.90,0.00,1,G,35000,IN,3,3,3,,,General,Super Strong Spearmint WP
Explorer WP Slim,"<meta charset=""utf-8"">
<div class=""item flex"">
<div class=""title"">
<div class=""info"">
<p>General Explorer WP Slim - Ein vertrauter Geschmack in einer vertrauten Marke, die nur die hochwertigsten Zutaten verwendet. Ein weicher und würziger Tabakgeschmack mit deutlichen Noten von Lavendel und Wacholder, zusammen mit einem Hauch von Eiche und Zitrusfrüchten. Entdecken Sie die Geschichte der tapferen Seeleute, die Gewürze aus aller Welt mit nach Hause brachten.</p>
</div>
</div>
</div>
<div class=""item flex""></div>",Explorer WP Slim,Unisex,,,,,,,https://cdn.shopify.com/s/files/1/0072/0646/9679/products/general-explorer-wp-slim.png,,,,,7.90,0.00,1,G,35000,IN,3,3,3,,,,
,,GE-6005-1,Unisex,Title,Default Title,,,,,,,,,,7.90,0.00,1,G,35000,IN,3,3,3,,,General,Explorer WP Slim
XRANGE Strong WP Slim,"<meta charset=""utf-8"">
<div class=""item flex"">
<div class=""title"">
<div class=""info"">
<p>Der XRANGE General Slim Strong White ist ein Klassiker vom Hersteller Swedish Match, welcher immer für hohe Qualität steht. Dieser Snus ist hell und trocken auf der Aussenseite des Beutels und rinnt damit sehr wenig. Auf der Innenseite ist der Snus angenehm feucht und erlaubt damit die Wahrnehmung vom würzigen Tabakgeschmack mit Spuren von Citrus und Bergamotte sowie Tee. </p>
</div>
</div>
</div>
<div class=""item flex""></div>",XRANGE Strong WP Slim,Unisex,,,,,,,https://cdn.shopify.com/s/files/1/0072/0646/9679/products/general-xrange-strong-white-portion.png,,,,,5.20,,1,G,30,IN,3,3,3,,,,
,,GE-3015-1,Unisex,Title,Default Title,,,,,,,,,,5.20,,1,G,30,IN,3,3,3,,,General,XRANGE Strong WP Slim
General Loose Extra Strong,"<meta charset=""utf-8"">
<div class=""item flex"">
<div class=""title"">
<div class=""info"">
<p>General Extra Stark Lös Snus / Loose Snus ist DAS ursprüngliche Snusprodukt, welches seit mehr als 200 Jahren produziert wird. Der kräftige Tabakgeschmack mit Spuren von Zitrusfrüchten, Bergamotte, Tee, getrockneten Gräser und Leder überzeugt durch seine natürliche Art. Ein Lös Snus, der einfach zu kneten ist und als absoluter Klassiker jedem Snus-Connoisseur zu empfehlen ist!</p>
</div>
</div>
</div>
<div class=""item flex""></div>",General Loose Extra Strong,Unisex,,,,,,,https://cdn.shopify.com/s/files/1/0072/0646/9679/products/general-extra-strong-loose.png,,,,,5.90,0.00,1,G,300,IN,3,3,3,,,,
,,GE-4005-1,Unisex,Title,Default Title,,,,,,,,,,5.90,0.00,1,G,300,IN,3,3,3,,,General,General Loose Extra Strong
General Extra Strong OP,"<meta charset=""utf-8"">
<div class=""item flex "">
<div class=""title"">
<div class=""info"">
<p><span>General Extra Stark Original Portion ist ein starker Snus mit kräftigem Tabakgeschmack. Dazu gesellt sich ein leichter Hauch von Citrus sowie Bergamotte und Tee. Als Teil der General-Serie ist dieser Snus ein absoluter Klassiker - hergestellt vom Marktführer Swedish Match.</span></p>
</div>
</div>
</div>
<div class=""item flex ""></div>",General Extra Strong OP,Unisex,,,,,,,https://cdn.shopify.com/s/files/1/0072/0646/9679/products/general-extra-strong-portion-gold-can.png,,,,,5.20,,1,G,300,IN,3,3,3,,,,
,,GE-1005-1,Unisex,Title,Default Title,,,,,,,,,,5.20,,1,G,300,IN,3,3,3,,,General,General Extra Strong OP
Onyx WP,"<meta charset=""utf-8"">
<div class=""item flex "">
<div class=""title"">
<div class=""info"">
<p><span>General Onyx White Portion - ein absoluter Klassiker und Premium Snus. Der Name ist etwas verwirrend, da dieses Produkt zwar als White Portion gilt; die Beutel sind aber als einziges Produkt auf dem Markt komplett schwarz, weil anstelle von klassischem Papier ein schwarzes Papier verwendet wird. Ausser der optischen Auffälligkeit ergibt sich aber kein Unterschied zu normalen White Portion Snus.</span></p>
<p><span>Mit dem Design der Dose, dem rustikalen Tabakgeschmack und den ringförmig angeordneten Beutel gehört General Onyx zu den wahrscheinlich besten Snusprodukten auf dem Markt.</span></p>
</div>
</div>
</div>
<div class=""item flex ""></div>",Onyx WP,Unisex,,,,,,,https://cdn.shopify.com/s/files/1/0072/0646/9679/products/general-onyx-silver-white-portion.png,,,,,5.20,,1,G,30,IN,3,3,3,,,,
,,GE-2005-1,Unisex,Title,Default Title,,,,,,,,,,5.20,,1,G,30,IN,3,3,3,,,General,Onyx WP
Original Portion,"<meta charset=""utf-8"">
<div class=""item flex"">
<div class=""title""></div>
</div>
<div class=""item flex"">
<div class=""info"">
<p>Göteborgs Rapé ist ein absoluter Klassiker aus Schweden und wird dort seit mehr als 100 Jahren hergestellt. Heller Tabakgeschmack mit Spuren von Citrus und Lavendel tragen zum unverwechselbaren Geschmack dieses Produkts bei. Als Original Portion ist dieser Snus feucht und erlaubt somit ein intensiveres Geschmackserlebnis.</p>
</div>
<div class=""info""></div>
</div>",Original Portion,Unisex,,,,,,,https://cdn.shopify.com/s/files/1/0072/0646/9679/products/goteborgs-rape-original-portion.png,,,,,5.90,,1,G,30,IN,3,3,3,,,,
,,GR-1005-1,Unisex,Title,Default Title,,,,,,,,,,5.90,,1,G,30,IN,3,3,3,,,Göteborgs Rapé,Original Portion
XRANGE Strong WP Slim,"<meta charset=""utf-8"">
<div class=""item flex"">
<div class=""title""></div>
</div>
<div class=""item flex"">
<div class=""info"">
<p>Göteborgs Rapé ist ein absoluter Klassiker aus Schweden und wird dort seit mehr als 100 Jahren hergestellt. Heller Tabakgeschmack mit Spuren von Citrus und Lavendel tragen zum unverwechselbaren Geschmack dieses Produkts bei. Als neu entwickelte White Slim Portion ist dieser Snus trocken und rinnt wenig - ohne dabei an Geschmack einzubüssen.</p>
</div>
<div class=""info""></div>
</div>",XRANGE Strong WP Slim,Unisex,,,,,,,https://cdn.shopify.com/s/files/1/0072/0646/9679/products/goteborgs-rape-xrange-strong-white-portion.png,,,,,5.20,,1,G,30,IN,3,3,3,,,,
,,GR-2015-1,Unisex,Title,Default Title,,,,,,,,,,5.20,,1,G,30,IN,3,3,3,,,Göteborgs Rapé,XRANGE Strong WP Slim
Melon WP - Slim,"<meta charset=""utf-8"">
<div class=""item flex "">
<div class=""title""></div>
</div>
<div class=""item flex "">
<div class=""info"">
<div class=""info"">
<p>Jakobssons Melon Slim White Dry Portion Snus ist ein geschmacksintensiver Snus, der trotz trockener, weisser Beutel durch seinen aromatischen Melonen-Geschmack überzeugt. Durch seinen niedrigen Feuchtigkeitsgehalt und dem hohen Nikotingehalt von 14 mg/g, ist er ein wahres Snus Erlebnis. Eine Dose beinhaltet 20 Beutel.</p>
</div>
<div class=""info"">
<div class=""info"">
<div class=""item flex ""></div>
</div>
</div>
</div>
<div class=""info"">
<div class=""item flex ""></div>
</div>
</div>",Melon WP - Slim,Unisex,,,,,,,https://cdn.shopify.com/s/files/1/0072/0646/9679/products/jakobssons-melon-white-slim-portion.png,,,,,4.60,,1,G,30,IN,3,3,3,,,,
,,JK-1015-1,Unisex,Title,Default Title,,,,,,,,,,4.60,,1,G,30,IN,3,3,3,,,Jakobssons,Melon WP - Slim
Strong Cola,"<meta charset=""utf-8"">
<div class=""item flex"">
<div class=""title""></div>
</div>
<div class=""item flex"">
<div class=""info"">
<div class=""info"">
<p>Mit einer Mischung von intensivem Cola-Geschmack und traditionellem Snus, bietet dieser Snus für alle Snus-Liebhaber etwas! Es ist ein trockener White Portion Snus und die Beutel kommen in dieser Variante im Slim Format. Mit gemässigten 14 mg/g Nikotin ist es ein angenehmer Snus für den alltäglichen Gebrauch.</p>
</div>
<div class=""info"">
<div class=""info"">
<div class=""item flex""></div>
</div>
</div>
</div>
<div class=""info"">
<div class=""item flex""></div>
</div>
</div>",Strong Cola,Unisex,,,,,,,https://cdn.shopify.com/s/files/1/0072/0646/9679/products/jakobssons-strong-cola-white-portion.png,,,,,4.60,,1,G,30,IN,3,3,3,,,,
,,JK-2015-1,Unisex,Title,Default Title,,,,,,,,,,4.60,,1,G,30,IN,3,3,3,,,Jakobssons,Strong Cola
Glögg & Kanel OP,"<meta charset=""utf-8"">
<div class=""item flex"">
<div class=""title""></div>
</div>
<div class=""item flex"">
<div class=""info"">
<div class=""info"">
<p>Weihnachtszeit ist Glühweinzeit und da darf der passende Snus nicht fehlen!<br></p>
<p>Jakobssons, bekannt für ihre intensive Aromen, bringen mit dem ""Glögg &amp; Kanel OP"" den perfekten Wintersnus. Übersetzt steht der Name für ""Glühwein &amp; Zimt"" und das beschreibt diesen Snus auch schon zu genügend.</p>
<p>Ein herrliches Aroma, mit feinstem Tabak gibt diesem Snus eine ausgezeichnete Note. </p>
</div>
<div class=""info"">
<div class=""info"">
<div class=""item flex""></div>
</div>
</div>
</div>
<div class=""info"">
<div class=""item flex""></div>
</div>
</div>",Glögg & Kanel OP,Unisex,,,,,,,https://cdn.shopify.com/s/files/1/0072/0646/9679/products/jakobssons-gloegg-kanel-original-portion.png,,,,,5.90,,1,G,1,IN,3,3,3,,,,
,,JK-3005-1,Unisex,Title,Default Title,,,,,,,,,,5.90,,1,G,1,IN,3,3,3,,,Jakobssons,Glögg & Kanel OP
Blueberry Extra Strong AW,<span>Killa Blueberry Extra Strong Slim All White - schlanke Portionen mit süssem Heidelbeeraroma.</span>,Blueberry Extra Strong AW,Unisex,,,,,,,https://cdn.shopify.com/s/files/1/0072/0646/9679/products/2b2751bc8fc359606f682460463ded3a.jpg,,,,,5.20,0.00,1,G,28000,IN,3,3,3,,,,
,,KI-2005-1,Unisex,Title,Default Title,,,,,,,,,,5.20,0.00,1,G,28000,IN,3,3,3,,,Killa,Blueberry Extra Strong AW
Cold Mint Extra Strong AW,<span>Killa Cold Mint Extra Strong Slim All White - schlanke Portionen mit kühlendem Minzgeschmack.</span>,Cold Mint Extra Strong AW,Unisex,,,,,,,https://cdn.shopify.com/s/files/1/0072/0646/9679/products/c3a9d8486e1d81d69a40a5851c68db83.jpg,,,,,5.20,0.00,1,G,28000,IN,3,3,3,,,,
,,KI-1005-1,Unisex,Title,Default Title,,,,,,,,,,5.20,0.00,1,G,28000,IN,3,3,3,,,Killa,Cold Mint Extra Strong AW
Morgondagg WP,"<meta charset=""utf-8"">
<div class=""item flex "">
<div class=""title""></div>
</div>
<div class=""item flex "">
<div class=""info"">
<p>Im Kurbits Morgondagg (Morgentau) finden wir die Düfte und Erwartungen eines milden Mittsommermorgens. Blumen, Süße, Lakritz und eine vertraute Kühle von einem Morgen, der nicht wirklich von den Sonnenstrahlen erwärmt wurde. Der Tabak wurde gemischt und verarbeitet, um sich leicht, ansprechend und frisch anzufühlen.</p>
</div>
<div class=""info"">
<div class=""info""></div>
</div>
</div>",Morgondagg WP,Unisex,,,,,,,https://cdn.shopify.com/s/files/1/0072/0646/9679/products/kurbits-morgondagg-white-portion.png,,,,,3.90,,1,G,30,IN,3,3,3,,,,
,,KU-1005-1,Unisex,Title,Default Title,,,,,,,,,,3.90,,1,G,30,IN,3,3,3,,,Kurbits,Morgondagg WP
Fäbodsnus WP,"<meta charset=""utf-8"">
<div class=""item flex "">
<div class=""title""></div>
</div>
<div class=""item flex "">
<div class=""info"">
<p>Der Kurbits Fäbodsnus (Bauernhof-Snus) vereint die traditionellen Aromen und Düfte der Älteren Generationen des Snushandwerks. Ein klarer Geschmack aus rustikalem Tabak trifft auf sonnenverwöhnte Blumenwiesen und klare Noten von Süsse und Vanille. Die nüchternen, aber auch praktischen Gegebenheiten der Landwirtschaft und ihre abegehärteten Besitzer geben die Inspiration für einen Snus mit einem sehr ausgeprägten Geschmack und Geruch.</p>
</div>
<div class=""info"">
<div class=""info""></div>
</div>
</div>",Fäbodsnus WP,Unisex,,,,,,,https://cdn.shopify.com/s/files/1/0072/0646/9679/products/kurbits-fabodsnus-white-portion.png,,,,,3.90,,1,G,30,IN,3,3,3,,,,
,,KU-2005-1,Unisex,Title,Default Title,,,,,,,,,,3.90,,1,G,30,IN,3,3,3,,,Kurbits,Fäbodsnus WP
Traube-Minze AW,"La Fruteria - Traube Minze wurde kreiert um den beliebtesten Shisha Geschmack in einen Pouch zu packen. Ganz nach dem Gusto von allen Wasserpfeifen Liebhabern. Frisch und trotzdem fruchtig, dazu sehr stark - ohne dass das Produkt gleichzeitig gefährlich ist wie zum Beispiel <a href=""https://snushus.ch/blogs/snusbuch/supreme-snus-co-nikotingehalt-erklart-das-problem-im-uberblick"">Supreme Snus</a>, da es in der Schweiz produziert wird",Traube-Minze AW,Unisex,,,,,,,https://cdn.shopify.com/s/files/1/0072/0646/9679/products/la-fruteria-traube-minze-aw.png,,,,,7.90,0.00,1,G,14,IN,3,3,3,,,,
,,LF-1000-1,Unisex,Title,Default Title,,,,,,,,,,7.90,0.00,1,G,14,IN,3,3,3,,,La Fruteria,Traube-Minze AW
Orange Jizz AW,"La Fruteria - Orange Jizz. Ein Geschmack, den es so noch nie in einem Pouch gegeben hat. Spritzige Orange und ein Schuss Blutorange für den Extra ""JIZZ"". Fruchtiger Frischekick und dazu sehr stark - ohne dass das Produkt gleichzeitig gefährlich ist wie zum Beispiel <a href=""https://snushus.ch/blogs/snusbuch/supreme-snus-co-nikotingehalt-erklart-das-problem-im-uberblick"">Supreme Snus</a>, da es in der Schweiz produziert wird.",Orange Jizz AW,Unisex,,,,,,,https://cdn.shopify.com/s/files/1/0072/0646/9679/products/la-fruteria-orange-jizz-aw.png,,,,,7.90,0.00,1,G,14,IN,3,3,3,,,,
,,LF-2000-1,Unisex,Title,Default Title,,,,,,,,,,7.90,0.00,1,G,14,IN,3,3,3,,,La Fruteria,Orange Jizz AW
Habanero Mint Extra Strong AW,"<p data-mce-fragment=""1"">Loop Habanero Mint Extra Strong<strong data-mce-fragment=""1""><span data-mce-fragment=""1""> </span></strong>ist ein starker Nikotinbeutel mit einer Kombination aus scharfer Habanero (Chili) und kühler Minze, wodurch das Erlebnis dieses starken Nikotinbeutels sehr intensiv ist. Die Mischung aus würzigem Chili und kühlender Minze ist genial und köstlich interessant.</p>
<p data-mce-fragment=""1"">Diese Nikotinbeutel enthalten einen Nikotingehalt von 20 mg/g, was stark ist. Sie geben ihren Inhalt dank LOOPs InstantRush-Technologie schnell und kraftvoll ab, was bedeutet, dass der Nikotinkick aus diesen Beuteln stark und unmittelbar ist. Eine Dose kommt mit 24 Beuteln, die schlank und feucht und völlig tropffrei sind.</p>
<p data-mce-fragment=""1"">LOOP ist eine Marke, die das Wort Spaß wirklich verkörpert. Ihre Dosen, ihre Geschmacksrichtungen, ihre Website, alles an ihnen sticht hervor und das ist ein Grund für die Liebe, die sie erhalten haben. Sie sind auch für ihre Intensität und ihren starken Nikotingehalt bekannt, der zwischen 10 mg/g und 20 mg/g liegt</p>",Habanero Mint Extra Strong AW,Unisex,,,,,,,https://cdn.shopify.com/s/files/1/0072/0646/9679/products/Loop_Habanero_mint_extra_strong.png,,,,,8.90,0.00,1,G,13,IN,3,3,3,,,,
,,LO-2000-1,Unisex,Title,Default Title,,,,,,,,,,8.90,0.00,1,G,13,IN,3,3,3,,,LOOP,Habanero Mint Extra Strong AW
Jalapeno Lime Extra Strong AW,"<p data-mce-fragment=""1"">Loop Jalapeño Lime Slim Strong<span data-mce-fragment=""1""> </span>ist sicherlich einzigartig. Mit seinen scharfen Noten von grünem Jalapeño, die Sie sofort erreichen, wenn der Nikotinbeutel unter der Oberlippe angefeuchtet ist, und dem säuerlichen Abgang in Form von Limette wird er Ihnen ein Geschmackserlebnis bescheren, das Sie so schnell nicht vergessen werden! Minzprodukte waren anfangs das große Ding in Europa. Heute gibt es sie in Hülle und Fülle. Aber irgendwann gab es eine Verschiebung der Nachfrage und die europäischen Anwender wünschen sich jetzt einzigartigere Mischungen wie Jalapeño und Limette!</p>
<p data-mce-fragment=""1"">Die Portionen sind dünn und schmal, wodurch sie perfekt unter Ihre Lippe passen. Dank des all white, tabakfreien Inhalts jedes Beutels verfärben sich Ihre Zähne nicht. Auch übermäßiges Tropfen ist nicht zu befürchten. Mit der ständigen Bewegung von Menschen über Ozeane und Ländergrenzen hinweg wird es für die Benutzer immer wichtiger, einen diskreten Beutel zu haben, der keiner Erklärung oder Rechtfertigung bedarf – hier eignen sich die unglaublichen Beutel von LOOP wirklich hervorragend. Sie sind beides – bequem und diskret! Der Nikotingehalt liegt bei 15 mg/g – ein starker Nikotingehalt, der vom erfahrenen Benutzer geschätzt wird.</p>
<p data-mce-fragment=""1"">LOOP wird von Another Snus Factory hergestellt, die ihren Sitz in Stockholm und in Oslo hat. LOOP ist die erste Marke dieses aufstrebenden Snusherstellers.</p>",Jalapeno Lime Extra Strong AW,Unisex,,,,,,,https://cdn.shopify.com/s/files/1/0072/0646/9679/products/Loop_Jalapeno_lime_extra_strong.png,,,,,8.90,,1,G,13,IN,3,3,3,,,,
,,LO-1000-1,Unisex,Title,Default Title,,,,,,,,,,8.90,,1,G,13,IN,3,3,3,,,LOOP,Jalapeno Lime Extra Strong AW
Africaine Bentchikou,<span>Makla Kautabake werden alle ohne künstliche Aroma- und Zusatzstoffe nach traditionellen Rezepturen hergestellt. Nimm mit den Fingern eine Portion heraus und kneten es zu einer kleinen Kugel. Platziere die Kugel dann unter Deiner Oberlippe. Der Makla Kautabak entfaltet seine volle Wirkung nach ca. 15 bis 60 Minuten. </span><br>,Africaine Bentchikou,Unisex,,,,,,,https://cdn.shopify.com/s/files/1/0072/0646/9679/products/makla-africaine-bentchikou.png,,,,,5.00,,1,G,30,IN,3,3,3,,,,
,,MA-1000-1,Unisex,Title,Default Title,,,,,,,,,,5.00,,1,G,30,IN,3,3,3,,,Makla,Africaine Bentchikou
General Loose Extra Strong,"<meta charset=""utf-8"">
<div class=""item flex"">
<div class=""title"">
<div class=""info"">
<p>General Extra Stark Lös Snus / Loose Snus ist DAS ursprüngliche Snusprodukt, welches seit mehr als 200 Jahren produziert wird. Der kräftige Tabakgeschmack mit Spuren von Zitrusfrüchten, Bergamotte, Tee, getrockneten Gräser und Leder überzeugt durch seine natürliche Art. Ein Lös Snus, der einfach zu kneten ist und als absoluter Klassiker jedem Snus-Connoisseur zu empfehlen ist!</p>
</div>
</div>
</div>
<div class=""item flex""></div>",General Loose Extra Strong,Unisex,,,,,,,https://cdn.shopify.com/s/files/1/0072/0646/9679/products/general-extra-strong-loose.png,,,,,5.90,0.00,1,G,300,IN,3,3,3,,,,
,,GE-4005-1,Unisex,Title,Default Title,,,,,,,,,,5.90,0.00,1,G,300,IN,3,3,3,,,General,General Loose Extra Strong
Bouhlel Rouge Bentchikou,"Makla Bouhlel Rouge Bentchikou oder abgekürzt Makla Rouge genannt, ist der stärkste Sorte der Makla-Reihe. In Belgien hergestellt kommt dieser Kautabak mit einem kräfiten und vollen Aroma. Makla Kautabake werden alle ohne künstliche Aroma- und Zusatzstoffe nach traditionellen Rezepturen hergestellt. Nimm mit den Fingern eine Portion heraus und kneten es zu einer kleinen Kugel. Platziere die Kugel dann unter Deiner Oberlippe. Der Makla Kautabak entfaltet seine volle Wirkung nach ca. 15 bis 60 Minuten.",Bouhlel Rouge Bentchikou,Unisex,,,,,,,https://cdn.shopify.com/s/files/1/0072/0646/9679/products/makla-bouhlel-rouge-bentchicou.png,,,,,5.00,0.00,1,G,40000,IN,3,3,3,,,,
,,MA-2000-1,Unisex,Title,Default Title,,,,,,,,,,5.00,0.00,1,G,40000,IN,3,3,3,,,Makla,Bouhlel Rouge Bentchikou
Africaine Bentchikou,<span>Makla Kautabake werden alle ohne künstliche Aroma- und Zusatzstoffe nach traditionellen Rezepturen hergestellt. Nimm mit den Fingern eine Portion heraus und kneten es zu einer kleinen Kugel. Platziere die Kugel dann unter Deiner Oberlippe. Der Makla Kautabak entfaltet seine volle Wirkung nach ca. 15 bis 60 Minuten. </span><br>,Africaine Bentchikou,Unisex,,,,,,,https://cdn.shopify.com/s/files/1/0072/0646/9679/products/makla-africaine-bentchikou.png,,,,,5.00,,1,G,30,IN,3,3,3,,,,
,,MA-1000-1,Unisex,Title,Default Title,,,,,,,,,,5.00,,1,G,30,IN,3,3,3,,,Makla,Africaine Bentchikou
FILT Snus Papier,"<p>FILT Snus Papier kommt aus Island und ist dort ein absoluter Klassiker, da aufgrund dem absoluten Snus Verbot nur eine einzige Variante gekauft werden kann, welche das Verbot umgeht - loser Tabak (Lös Snus). Damit man in Island aber trotzdem nicht auf einen Beutel verzichten muss, gibt es FILT Snus Papier: ausrollen, gewünschte Menge Tabak reinpacken und einen Beutel formen, so wie man es gerade mag. </p>
<p>Das speziell für Snus entwickelte Papier von FILT besteht zu 100% aus Faserpapier und empfiehlt sich in der Schweiz vor allem für den beliebten Makla wenn man mal keinen Zugang zum Hände- und Mundwaschen hat. Nie mehr braune Zähne!<br></p>",FILT Snus Papier,Unisex,,,,,,,https://cdn.shopify.com/s/files/1/0072/0646/9679/products/filt-snuspapper.png,,,,,1.90,,1,G,1,IN,3,3,3,,,,
,,ZU-1000-1,Unisex,Menge auswählen,1 Rolle à CHF 1.90,,,,,,,,,,1.90,,1,G,1,IN,3,3,3,,,snushus.ch,FILT Snus Papier
Bouhlel Rouge Bentchikou,"Makla Bouhlel Rouge Bentchikou oder abgekürzt Makla Rouge genannt, ist der stärkste Sorte der Makla-Reihe. In Belgien hergestellt kommt dieser Kautabak mit einem kräfiten und vollen Aroma. Makla Kautabake werden alle ohne künstliche Aroma- und Zusatzstoffe nach traditionellen Rezepturen hergestellt. Nimm mit den Fingern eine Portion heraus und kneten es zu einer kleinen Kugel. Platziere die Kugel dann unter Deiner Oberlippe. Der Makla Kautabak entfaltet seine volle Wirkung nach ca. 15 bis 60 Minuten.",Bouhlel Rouge Bentchikou,Unisex,,,,,,,https://cdn.shopify.com/s/files/1/0072/0646/9679/products/makla-bouhlel-rouge-bentchicou.png,,,,,5.00,0.00,1,G,40000,IN,3,3,3,,,,
,,MA-2000-1,Unisex,Title,Default Title,,,,,,,,,,5.00,0.00,1,G,40000,IN,3,3,3,,,Makla,Bouhlel Rouge Bentchikou
COLD Bigpack,Der edel Cold das bisher stärkste All White Produkt auf dem Schweizer Markt. Unsere einzigartige Minz-Menthol Mischung mit Frischebooster und 20 mg/g Nikotin wurde explizit für die Vorlieben der heimischen Konsumenten entwickelt. Mit der Kraft vom COLD kann kommen was wolle - immer und überall. Jetzt auch in der Vorteilspackung mit 100 Beutel! Die abgebildeten Dosen auf Bild 2 sind nur als Vergleich zu verstehen und sind im Bigpack nicht enthalten.,COLD Bigpack,Unisex,,,,,,,https://cdn.shopify.com/s/files/1/0072/0646/9679/products/edelsnus-cold-all-white-big-pack.png,https://cdn.shopify.com/s/files/1/0072/0646/9679/products/edelsnus-cold-all-white-big-pack-comparison.png,,,,24.90,0.00,1,G,1,IN,3,3,3,,,,
,,ED-1020-1,Unisex,Title,Default Title,,,,,,,,,,24.90,0.00,1,G,1,IN,3,3,3,,,edel,COLD Bigpack
ONYX Bigpack,"<p><span data-mce-fragment=""1"">Saftige Bergkräutermischung mit einem Hauch von Eukalyptus – nochmal deutlich mehr Kick als der beliebte edel COLD. Onyx ist nichts für schwache Gemüter, aber trotzdem unglaublich lecker.  Bist du bereit für den Kick? Feel Unique und tauche ein in die Welt von edel.</span></p>
<p><span data-mce-fragment=""1"">Den edel ONYX gibt es jetzt auch in der Grosspackung mit 100 Beuteln! Die abgebildeten Dosen auf Bild 2 sind nur als Vergleich zu verstehen und sind im Bigpack nicht enthalten.</span></p>",ONYX Bigpack,Unisex,,,,,,,https://cdn.shopify.com/s/files/1/0072/0646/9679/products/edelsnus-onyx-all-white-big-pack.png,https://cdn.shopify.com/s/files/1/0072/0646/9679/products/edelsnus-onyx-all-white-big-pack-comparison.png,,,,24.90,0.00,1,G,1,IN,3,3,3,,,,
,,ED-9020-1,Unisex,Title,Default Title,,,,,,,,,,24.90,0.00,1,G,1,IN,3,3,3,,,edel,ONYX Bigpack
Extremely Strong AW,"<span data-mce-fragment=""1"">Der beliebteste Brand der Schweizer kommt nun auch mit einer All-White Variante daher! Der Siberia Extremely Strong AW kommt mit starken 33 mg/g Nikotin.</span>",Extremely Strong AW,Unisex,,,,,,,https://cdn.shopify.com/s/files/1/0072/0646/9679/products/Siberia-all-white-regular-sized600.jpg,,,,,6.90,0.00,1,G,15,IN,3,3,3,,,,
,,SI-9005-1,Unisex,Title,Default Title,,,,,,,,,,6.90,0.00,1,G,15,IN,3,3,3,,,Siberia,Extremely Strong AW
Mini Ice Cool Strong AW,"<span data-mce-fragment=""1"">Die Minibeutel haben den gleichen intensiv kühlenden Minzgeschmack, für den VELO Ice Cool bekannt ist: scharfe Pfefferminze mit einem Hauch von Süsse und Minze.</span>",Mini Ice Cool Strong AW,Unisex,,,,,,,https://cdn.shopify.com/s/files/1/0072/0646/9679/products/velo_mini_ice_cool_strong_aw.jpg,,,,,5.20,0.00,1,G,20,IN,3,3,3,,,,
,,VE-6105-1,Unisex,Title,Default Title,,,,,,,,,,5.20,0.00,1,G,20,IN,3,3,3,,,VELO (SE),Mini Ice Cool Strong AW
Classic Original WDP,"<p>Intensiver, kräftiger Snus mit frischem ""sibirischer"" Pfefferminze.</p>
<p>Bei den White Dry Portions von Royal Snus wird an der Stelle von Tabak eine Pflanzenart verwendet, die Damiana genannt wird. <br>Damiana ist eine Strauchpflanze, die zur Pflanzengattung der Safranmalven (turnera diffusa) gehört. Ihr natürliches Verbreitungsgebiet reicht vom südlichen Nordamerika bis nach Argentinien. Vorzugsweise gedeiht Damiana an trockenen, felsigen Standorten – etwa auf Klippen, auf Kalksteinen oder auch in Mischwäldern in Höhenlagen zwischen 500 Metern und 1950 Metern. Dazu wurde Damiana schon seit längerem auch in Mexiko als Tabakersatz verwendet.</p>",Classic Original WDP,Unisex,,,,,,,https://cdn.shopify.com/s/files/1/0072/0646/9679/products/royal-lifestyle-classic-original-wdp.jpg,,,,,7.90,0.00,1,G,36,IN,3,3,3,,,,
,,RL-1000-1,Unisex,Title,Default Title,,,,,,,,,,7.90,0.00,1,G,36,IN,3,3,3,,,Royal Lifestyle,Classic Original WDP
Extremely Strong Slim AW,Der beliebteste Brand der Schweizer kommt nun auch mit einer All-White Variante daher! Der Siberia Extremely Strong AW kommt mit starken 33 mg/g Nikotin.,Extremely Strong Slim AW,Unisex,,,,,,,https://cdn.shopify.com/s/files/1/0072/0646/9679/products/Siberia-all-white-slim-sized600.jpg,,,,,6.90,,1,G,15,IN,3,3,3,,,,
,,SI-9015-1,Unisex,Title,Default Title,,,,,,,,,,6.90,,1,G,15,IN,3,3,3,,,Siberia,Extremely Strong Slim AW
Royal Tea AW,"VELO Royal Tea Slim ist ein Nikotinbeutel, der Ihnen ein blumiges und frisches Geschmackserlebnis bietet. Der Geschmack ist gut ausbalanciert durch schwarzen Tee und Bergamotte mit einem süßen Abgang. VELO Royal Tea Slim hat den bekannten leichten, feuchten und schlanken Beutel. Perfekt für den täglichen Gebrauch.",Royal Tea AW,Unisex,,,,,,,https://cdn.shopify.com/s/files/1/0072/0646/9679/products/velo_royal_tea_aw.jpg,,,,,5.20,0.00,1,G,30,IN,3,3,3,,,,
,,VE-1705-1,Unisex,Title,Default Title,,,,,,,,,,5.20,0.00,1,G,30,IN,3,3,3,,,VELO (SE),Royal Tea AW
Tangy Citrus 150mg,"CBD Portionsbeutelchen mit scharfem Einschlag von säuerlicher Apfelsine und Zitrone. <span data-mce-fragment=""1"">Hergestellt mit allen natürlichen Zutaten (THC-Frei, Tabakfrei und Nikotinfrei). Rauchlos, diskret und schnell wirkend.</span>",Tangy Citrus 150mg,Unisex,,,,,,,https://cdn.shopify.com/s/files/1/0072/0646/9679/products/cannadips-citrus-cbd-pouches.png,,,,,12.90,,1,G,30,IN,3,3,3,,,,
,,CD-1000-1,Unisex,Title,Default Title,,,,,,,,,,12.90,,1,G,30,IN,3,3,3,,,Cannadips,Tangy Citrus 150mg
Pink Grape 300mg,"Machen Sie sich bereit für einen intensiven, süssen Ausbruch von Grapefruit in jedem Voon Mini-Beutel aus weissem und trockenem Hanf.",Pink Grape 300mg,Unisex,,,,,,,https://cdn.shopify.com/s/files/1/0072/0646/9679/products/voon-pink-grape-cbd-pouches.png,,,,,12.90,,1,G,19000,IN,3,3,3,,,,
,,VO-4000-1,Unisex,Title,Default Title,,,,,,,,,,12.90,,1,G,19000,IN,3,3,3,,,Voon,Pink Grape 300mg
Ice Mint Slim AW,Erfrischender Snus mit vollmundigem Charakter – Snus Super White Ice Mint SLIM,Ice Mint Slim AW,Unisex,,,,,,,https://cdn.shopify.com/s/files/1/0072/0646/9679/products/royal-lifestyle-ice-mint-aw.jpg,,,,,6.90,0.00,1,G,32,IN,3,3,3,,,,
,,RL-2010-1,Unisex,Title,Default Title,,,,,,,,,,6.90,0.00,1,G,32,IN,3,3,3,,,Royal Lifestyle,Ice Mint Slim AW
Eucalyptus X-Strong AW,"<span data-mce-fragment=""1"">Von der bekannten Marke Velo kommt mit Velo Eucalyptus Slim X-Strong All White Portion eine neue Geschmacksrichtung der populären Marke. Dabei ist nicht nur das Geschmackserlebnis recht intensiv. Auch der Nikotinkick ist mit einem Nikotingehalt 15,6 mg/g eher stark. Die 20 All-White Portionen im Slim-Format sind zudem in einer praktischen Dose verpackt, die auch für unterwegs passt.</span>",Eucalyptus X-Strong AW,Unisex,,,,,,,https://cdn.shopify.com/s/files/1/0072/0646/9679/products/velo_eucalyptus_x_strong_aw.jpg,,,,,5.20,0.00,1,G,30,IN,3,3,3,,,,
,,VE-1805-1,Unisex,Title,Default Title,,,,,,,,,,5.20,0.00,1,G,30,IN,3,3,3,,,VELO (SE),Eucalyptus X-Strong AW
Tropical Mango 150mg,"Mit CBD angereicherte Beutel mit kühler und subtiler Mango, die frisch, saftig aber nicht übermässig süss ist und an eine Reise auf eine exotische Insel erinnert. <span data-mce-fragment=""1"">Hergestellt mit allen natürlichen Zutaten (THC-Frei, Tabakfrei und Nikotinfrei). Rauchlos, diskret und schnell wirkend.</span><br>",Tropical Mango 150mg,Unisex,,,,,,,https://cdn.shopify.com/s/files/1/0072/0646/9679/products/cannadips-mango-cbd-pouches.png,,,,,12.90,,1,G,30,IN,3,3,3,,,,
,,CD-4000-1,Unisex,Title,Default Title,,,,,,,,,,12.90,,1,G,30,IN,3,3,3,,,Cannadips,Tropical Mango 150mg
Cool Spearmint 300mg,"Der sanftere, etwas süssere eisige Minzgeschmack der Voon Mini-Beutel aus weissem und trockenem Hanf. Perfekt . Um den ganzen Tag erfrischt zu bleiben.",Cool Spearmint 300mg,Unisex,,,,,,,https://cdn.shopify.com/s/files/1/0072/0646/9679/products/voon-cool-spearmint-cbd-pouches.png,,,,,12.90,,1,G,19000,IN,3,3,3,,,,
,,VO-2000-1,Unisex,Title,Default Title,,,,,,,,,,12.90,,1,G,19000,IN,3,3,3,,,Voon,Cool Spearmint 300mg
Mint-Lime Slim (Joker) AW,Kräftiger Special Snus mit Limettenkick auf Minze- Snus Special Limette/Mint SLIM Super White<br>,Mint-Lime Slim (Joker) AW,Unisex,,,,,,,https://cdn.shopify.com/s/files/1/0072/0646/9679/products/royal-lifestyle-mint-lime-joker-aw.jpg,,,,,6.90,0.00,1,G,32,IN,3,3,3,,,,
,,RL-3010-1,Unisex,Title,Default Title,,,,,,,,,,6.90,0.00,1,G,32,IN,3,3,3,,,Royal Lifestyle,Mint-Lime Slim (Joker) AW
Chill-Mint Slim (Sparten) AW,Cool Chill Mint Special Snus mit verschiedene Minzaroma – Snus Special Chill/Mint SLIM Super White,Chill-Mint Slim (Sparten) AW,Unisex,,,,,,,https://cdn.shopify.com/s/files/1/0072/0646/9679/products/royal-lifestyle-chill-mint-spartan-aw.jpg,,,,,6.90,0.00,1,G,32,IN,3,3,3,,,,
,,RL-4010-1,Unisex,Title,Default Title,,,,,,,,,,6.90,0.00,1,G,32,IN,3,3,3,,,Royal Lifestyle,Chill-Mint Slim (Sparten) AW
Mint-Menthol Slim (Punisher) AW,Royal Lifetsyle Cool Menthol Special Snus mit Minzaroma – Snus Special Menthol/Mint SLIM Super White,Mint-Menthol Slim (Punisher) AW,Unisex,,,,,,,https://cdn.shopify.com/s/files/1/0072/0646/9679/products/royal-lifestyle-menthol-mint-punisher-aw.jpg,,,,,6.90,0.00,1,G,32,IN,3,3,3,,,,
,,RL-6010-1,Unisex,Title,Default Title,,,,,,,,,,6.90,0.00,1,G,32,IN,3,3,3,,,Royal Lifestyle,Mint-Menthol Slim (Punisher) AW
Classic Slim WDP,"<p>Intensiver, kräftiger Snus mit frischem ""sibirischer"" Pfefferminze.</p>
<p><span>Bei den White Dry Portions von</span><span> Royal Snus wird an der Stelle von Tabak eine Pflanzenart verwendet, die Damiana genannt wird.</span><br><span>Damiana ist eine Strauchpflanze, die zur Pflanzengattung der Safranmalven (turnera diffusa) gehört. </span><span>Ihr natürliches Verbreitungsgebiet reicht vom südlichen Nordamerika bis nach Argentinien. Vorzugsweise gedeiht Damiana an trockenen, felsigen Standorten – etwa auf Klippen, auf Kalksteinen oder auch in Mischwäldern in Höhenlagen zwischen 500 Metern und 1950 Metern. Dazu wurde Damiana schon seit längerem auch in Mexiko als Tabakersatz verwendet.</span></p>",Classic Slim WDP,Unisex,,,,,,,https://cdn.shopify.com/s/files/1/0072/0646/9679/products/royal-lifestyle-classic-slim-wdp.jpg,,,,,7.90,0.00,1,G,36,IN,3,3,3,,,,
,,RL-1010-1,Unisex,Title,Default Title,,,,,,,,,,7.90,0.00,1,G,36,IN,3,3,3,,,Royal Lifestyle,Classic Slim WDP
Natural Mint 150mg,"CBD Portionsbeutelchen mit einem balancierten Geschmack von süsser und frischer Minze. <span data-mce-fragment=""1"">Hergestellt mit allen natürlichen Zutaten (THC-Frei, Tabakfrei und Nikotinfrei). Rauchlos, diskret und schnell wirkend.</span>",Natural Mint 150mg,Unisex,,,,,,,https://cdn.shopify.com/s/files/1/0072/0646/9679/products/cannadips-mint-cbd-pouches.png,,,,,12.90,,1,G,30,IN,3,3,3,,,,
,,CD-2000-1,Unisex,Title,Default Title,,,,,,,,,,12.90,,1,G,30,IN,3,3,3,,,Cannadips,Natural Mint 150mg
American Spice 150mg,"CBD Portionsbeutelchen aus einer Mischung von Zimt / Schokolade mit einem Hauch von echtem Kaffee. <span data-mce-fragment=""1"">Hergestellt mit allen natürlichen Zutaten (THC-Frei, Tabakfrei und Nikotinfrei). Rauchlos, diskret und schnell wirkend. </span>",American Spice 150mg,Unisex,,,,,,,https://cdn.shopify.com/s/files/1/0072/0646/9679/products/cannadips-american-cbd-pouches.png,,,,,12.90,,1,G,30,IN,3,3,3,,,,
,,CD-3000-1,Unisex,Title,Default Title,,,,,,,,,,12.90,,1,G,30,IN,3,3,3,,,Cannadips,American Spice 150mg
Eucalyptus Slim AW,Belebender Snus mit vollmundigem Charakter – Snus Super White Eucalypthus SLIM,Eucalyptus Slim AW,Unisex,,,,,,,https://cdn.shopify.com/s/files/1/0072/0646/9679/products/royal-lifestyle-eucalyptus-aw.jpg,,,,,6.90,0.00,1,G,32,IN,3,3,3,,,,
,,RL-5010-1,Unisex,Title,Default Title,,,,,,,,,,6.90,0.00,1,G,32,IN,3,3,3,,,Royal Lifestyle,Eucalyptus Slim AW
Fresh Wintergreen 150mg,"Mit CBD angereicherte Beutel mit erdigem und frisch schmeckendem Wintergrün, die sie zu einer Wanderung in einem kalifornischen Wald transportieren. <span data-mce-fragment=""1"">Hergestellt mit allen natürlichen Zutaten (THC-Frei, Tabakfrei und Nikotinfrei). Rauchlos, diskret und schnell wirkend. </span>",Fresh Wintergreen 150mg,Unisex,,,,,,,https://cdn.shopify.com/s/files/1/0072/0646/9679/products/cannadips-wintergreen-cbd-pouches.png,,,,,12.90,,1,G,30,IN,3,3,3,,,,
,,CD-5000-1,Unisex,Title,Default Title,,,,,,,,,,12.90,,1,G,30,IN,3,3,3,,,Cannadips,Fresh Wintergreen 150mg
Wintergreen 300mg,Erleben Sie einen hauch Hanf kombiniert mit einem Spritzer winterlicher Minz-Erfrischung und einem Hauch Süsse in jedem Mini Hanfbeutel von Voon,Wintergreen 300mg,Unisex,,,,,,,https://cdn.shopify.com/s/files/1/0072/0646/9679/products/voon-wintergreen-cbd-pouches.png,,,,,12.90,,1,G,19000,IN,3,3,3,,,,
,,VO-1000-1,Unisex,Title,Default Title,,,,,,,,,,12.90,,1,G,19000,IN,3,3,3,,,Voon,Wintergreen 300mg
Snazzy Tangerine 300mg,Probieren Sie eine Mischung aus leichten Mandarinen-Säure- und Limettenaromen mit einem Hauch süsse in jedem Voon Mini- Beutel aus weissem und trockenem Hanf.,Snazzy Tangerine 300mg,Unisex,,,,,,,https://cdn.shopify.com/s/files/1/0072/0646/9679/products/voon-snazzy-tangerine-cbd-pouches.jpg,,,,,10.35,,1,G,19000,IN,3,3,3,,,,
,,VO-3000-1,Unisex,Title,Default Title,,,,,,,,,,10.35,,1,G,19000,IN,3,3,3,,,Voon,Snazzy Tangerine 300mg
No.8 Après Raspberry Liqorice Mini,"<p>Après No.8 Himbeer-Lakritz mini hat eine bewährte Geschmackskombination aus Himbeeren und Lakritz. Die Portionen sind im Slim-Format.</p>
<div class=""info"">
<div class=""info"">
<div class=""item flex"">
<div class=""title""></div>
</div>
</div>
</div>",No.8 Après Raspberry Liqorice Mini,Unisex,,,,,,,https://cdn.shopify.com/s/files/1/0072/0646/9679/products/apres_no_8_Raspberry_Liqorice_mini_aw_5833eadf-8d7b-4f54-ac57-1986ec33eaa0.jpg,,,,,5.20,0.00,1,G,26000,IN,3,3,3,,,,
,,AP-8019-1,Unisex,Title,Default Title,,,,,,,,,,5.20,0.00,1,G,26000,IN,3,3,3,,,Après,No.8 Après Raspberry Liqorice Mini
No.5 Après Ice Tea Peach Mini,"<p>Après No.5 Ice Tea Peach mini ist ein köstlicher, vollmundiger Eistee mit einem Geschmack von süssem Pfirsich mit einem Hauch von schwarzem Tee. Fast so, als hätten Sie eine grosse Karaffe direkt in einen weichen kleinen Beutel gegossen.</p>
<div class=""info"">
<div class=""info"">
<div class=""item flex"">
<div class=""title""></div>
</div>
</div>
</div>",No.5 Après Ice Tea Peach Mini,Unisex,,,,,,,https://cdn.shopify.com/s/files/1/0072/0646/9679/products/apres_no_5_ice_tea_peach_mini_aw_ff4ee7d2-b3b7-4500-a357-17e7d84bb260.jpg,,,,,5.20,0.00,1,G,26000,IN,3,3,3,,,,
,,AP-5019-1,Unisex,Title,Default Title,,,,,,,,,,5.20,0.00,1,G,26000,IN,3,3,3,,,Après,No.5 Après Ice Tea Peach Mini
No.4 Après Cola Mini,"Après No.4 Cola mini ist ab sofort dein neuer Favorit. Ein Geschmack, der die Nostalgie von Cola verspricht, wie wir sie alle kennen und lieben. Ein sinnliches Erlebnis, welches am liebsten niemehr enden sollte. ÜBER APRÈS<br data-mce-fragment=""1""><br data-mce-fragment=""1"">Après ist eine Premiummarke aus Stockholm, Schweden, die bestrebt ist, einzigartige und raffinierte Aromen in einem zeitlosen Design zu entwickeln. <br data-mce-fragment=""1"">Unsere Produkte strahlen Innovation, Schönheit und Qualität aus.<br data-mce-fragment=""1""><br data-mce-fragment=""1"">Die Mission ist es, Gefühle und Erinnerungen mit Stil einzufangen und sich deutlich von anderen Alternativen zu unterscheiden. Alles, um Ihnen ein optimales Erlebnis zu bieten und gleichzeitig die Umwelt zu schonen. Unsere Produkte und Verpackungen werden aus pflanzlichen Materialien hergestellt.<br data-mce-fragment=""1""><br data-mce-fragment=""1"">Alle Après-Produkte werden in Stockholm, Schweden, entwickelt und produziert.<br data-mce-fragment=""1""><br data-mce-fragment=""1"">Wir haben Après als Premiummarke geschaffen, bei der wir uns bemühen, einzigartige und raffinierte Aromen in einem zeitlosen Design zu entwickeln. Innovation, Ästhetik und Qualität sind die Werte, die uns leiten.<br>
<div class=""info"">
<div class=""info"">
<div class=""item flex"">
<div class=""title""></div>
</div>
</div>
</div>",No.4 Après Cola Mini,Unisex,,,,,,,https://cdn.shopify.com/s/files/1/0072/0646/9679/products/apres_no_4_cola_mini_aw_31f08256-762f-4fb5-8cc4-2be9a5abb1ce.jpg,,,,,5.20,0.00,1,G,26000,IN,3,3,3,,,,
,,AP-4019-1,Unisex,Title,Default Title,,,,,,,,,,5.20,0.00,1,G,26000,IN,3,3,3,,,Après,No.4 Après Cola Mini
Extreme OP,"Odens Cold Extreme Original Portion ist ein Produkt für traditionelle Snuser.<br data-mce-fragment=""1"">Durch die feuchten Beutel kommt der Nikotingehalt noch besser zur Wirkung als bei vergleichbaren Oden's Produkten.",Extreme OP,Unisex,,,,,,,https://cdn.shopify.com/s/files/1/0072/0646/9679/products/odens_extreme_original_portion.jpg,,,,,4.80,0.00,1,G,20,IN,3,3,3,,,,
,,OD-7105-1,Unisex,Title,Default Title,,,,,,,,,,4.80,0.00,1,G,20,IN,3,3,3,,,Oden's,Extreme OP
Jalapeno Lime Extra Strong AW,"<p data-mce-fragment=""1"">Loop Jalapeño Lime Slim Strong<span data-mce-fragment=""1""> </span>ist sicherlich einzigartig. Mit seinen scharfen Noten von grünem Jalapeño, die Sie sofort erreichen, wenn der Nikotinbeutel unter der Oberlippe angefeuchtet ist, und dem säuerlichen Abgang in Form von Limette wird er Ihnen ein Geschmackserlebnis bescheren, das Sie so schnell nicht vergessen werden! Minzprodukte waren anfangs das große Ding in Europa. Heute gibt es sie in Hülle und Fülle. Aber irgendwann gab es eine Verschiebung der Nachfrage und die europäischen Anwender wünschen sich jetzt einzigartigere Mischungen wie Jalapeño und Limette!</p>
<p data-mce-fragment=""1"">Die Portionen sind dünn und schmal, wodurch sie perfekt unter Ihre Lippe passen. Dank des all white, tabakfreien Inhalts jedes Beutels verfärben sich Ihre Zähne nicht. Auch übermäßiges Tropfen ist nicht zu befürchten. Mit der ständigen Bewegung von Menschen über Ozeane und Ländergrenzen hinweg wird es für die Benutzer immer wichtiger, einen diskreten Beutel zu haben, der keiner Erklärung oder Rechtfertigung bedarf – hier eignen sich die unglaublichen Beutel von LOOP wirklich hervorragend. Sie sind beides – bequem und diskret! Der Nikotingehalt liegt bei 15 mg/g – ein starker Nikotingehalt, der vom erfahrenen Benutzer geschätzt wird.</p>
<p data-mce-fragment=""1"">LOOP wird von Another Snus Factory hergestellt, die ihren Sitz in Stockholm und in Oslo hat. LOOP ist die erste Marke dieses aufstrebenden Snusherstellers.</p>",Jalapeno Lime Extra Strong AW,Unisex,,,,,,,https://cdn.shopify.com/s/files/1/0072/0646/9679/products/Loop_Jalapeno_lime_extra_strong.png,,,,,8.90,,1,G,13,IN,3,3,3,,,,
,,LO-1000-1,Unisex,Title,Default Title,,,,,,,,,,8.90,,1,G,13,IN,3,3,3,,,LOOP,Jalapeno Lime Extra Strong AW
Habanero Mint Extra Strong AW,"<p data-mce-fragment=""1"">Loop Habanero Mint Extra Strong<strong data-mce-fragment=""1""><span data-mce-fragment=""1""> </span></strong>ist ein starker Nikotinbeutel mit einer Kombination aus scharfer Habanero (Chili) und kühler Minze, wodurch das Erlebnis dieses starken Nikotinbeutels sehr intensiv ist. Die Mischung aus würzigem Chili und kühlender Minze ist genial und köstlich interessant.</p>
<p data-mce-fragment=""1"">Diese Nikotinbeutel enthalten einen Nikotingehalt von 20 mg/g, was stark ist. Sie geben ihren Inhalt dank LOOPs InstantRush-Technologie schnell und kraftvoll ab, was bedeutet, dass der Nikotinkick aus diesen Beuteln stark und unmittelbar ist. Eine Dose kommt mit 24 Beuteln, die schlank und feucht und völlig tropffrei sind.</p>
<p data-mce-fragment=""1"">LOOP ist eine Marke, die das Wort Spaß wirklich verkörpert. Ihre Dosen, ihre Geschmacksrichtungen, ihre Website, alles an ihnen sticht hervor und das ist ein Grund für die Liebe, die sie erhalten haben. Sie sind auch für ihre Intensität und ihren starken Nikotingehalt bekannt, der zwischen 10 mg/g und 20 mg/g liegt</p>",Habanero Mint Extra Strong AW,Unisex,,,,,,,https://cdn.shopify.com/s/files/1/0072/0646/9679/products/Loop_Habanero_mint_extra_strong.png,,,,,8.90,0.00,1,G,13,IN,3,3,3,,,,
,,LO-2000-1,Unisex,Title,Default Title,,,,,,,,,,8.90,0.00,1,G,13,IN,3,3,3,,,LOOP,Habanero Mint Extra Strong AW
Ice Mango AW DUOPACK,"<span data-mce-fragment=""1"">Der DOPE Ice Mango Strong ist eine saftige Mischung aus dem eisigen Gefühl von DOPE und dem unverwechselbaren fruchtigen Geschmack von Mango. Die DOPE RUSH Instant Kick Technologie setzt das Nikotin mit intensivem und kraftvollem Kick frei. Wenn Du einen erfrischenden Geschmack mit garantiertem Kick willst, ist Deine Wahl DOPE! Jede Dose enthält 22 Nikotinbeutel im Slimformat.</span>",Ice Mango AW DUOPACK,Unisex,,,,,,,https://cdn.shopify.com/s/files/1/0072/0646/9679/products/dope_ice_mango_strong_edition.jpg,,,,,5.90,0.00,1,G,15,IN,3,3,3,,,,
,,DO-1020-1,Unisex,Title,Default Title,,,,,,,,,,5.90,0.00,1,G,15,IN,3,3,3,,,DOPE,Ice Mango AW DUOPACK
Lime Smash AW DUOPACK,"<span data-mce-fragment=""1"">Der DOPE Lime Smash Strong ist eine exotische Mischung aus dem eisigen Gefühl von DOPE und dem süsslichen Geschmack von Limette. Die DOPE RUSH Instant Kick Technologie setzt das Nikotin mit intensivem und kraftvollem Kick frei. Wenn Du einen erfrischenden Geschmack mit garantiertem Kick willst, ist Deine Wahl DOPE! Jede Dose enthält 22 Nikotinbeutel im Slimformat.</span>",Lime Smash AW DUOPACK,Unisex,,,,,,,https://cdn.shopify.com/s/files/1/0072/0646/9679/products/Dope_Lime_Smash_Strong_Edition.jpg,,,,,5.90,,1,G,15,IN,3,3,3,,,,
,,DO-2020-1,Unisex,Title,Default Title,,,,,,,,,,5.90,,1,G,15,IN,3,3,3,,,DOPE,Lime Smash AW DUOPACK
Crushed Ice WP,"<meta charset=""utf-8"">
<div class=""item flex"">
<div class=""title"">
<div class=""info"">
<p>Der Klassiker schlechthin von Nick &amp; Johnny! Der Crushed Ice White Portion kommt mit einer Minz, Menthol-Frische welche in Schweden auf grossen Anklang stösst. Von Swedish Matach produziert kommt dieser White Portion Snus mit 12 mg/g Nikotin.</p>
</div>
</div>
</div>
<div class=""item flex""></div>",Crushed Ice WP,Unisex,,,,,,,https://cdn.shopify.com/s/files/1/0072/0646/9679/products/1636553557380422_nick-johnny-crushed-ice-xtra-strong-white-portion.jpg,,,,,5.90,0.00,1,G,1,IN,3,3,3,,,,
,,NJ-3005-1,Unisex,Title,Default Title,,,,,,,,,,5.90,0.00,1,G,1,IN,3,3,3,,,Nick & Johnny,Crushed Ice WP
Americana OP,"<meta charset=""utf-8"">
<div class=""item flex"">
<div class=""title"">
<div class=""info"">
<p>Eine aussergewöhnlichere Geschmacksmischung findet man wohl kaum auf dem Snusmarkt: Kirsche, Wintergrün und Zimt! Der Nick &amp; Johnny Americana erinnert, wie es der Name vermuten lässt, an Root Beer! Mit dem hohen Feuchtigkeitsanteil und seinen 14 mg/g Nikotin ist dieser Original Portion Snus etwas für Snuser die ein intensives Snus Erlebnis suchen!<br><br></p>
</div>
</div>
</div>
<div class=""item flex""></div>",Americana OP,Unisex,,,,,,,https://cdn.shopify.com/s/files/1/0072/0646/9679/products/1636553570015423_nick-johnny-americana-xtra-strong-portion.jpg,,,,,5.90,0.00,1,G,1,IN,3,3,3,,,,
,,NJ-4005-1,Unisex,Title,Default Title,,,,,,,,,,5.90,0.00,1,G,1,IN,3,3,3,,,Nick & Johnny,Americana OP
Crushed Ice OP,"<meta charset=""utf-8"">
<div class=""item flex"">
<div class=""title"">
<div class=""info"">
<p>Die beliebteste Variante von Nick &amp; Johnny trifft auf tradionelles Snus Erlebnis: Der Nick &amp; Johnny Crushed Ice Xtra Strong Original Portion bietet ein Minz/Menthol Geschmackserlebnis in etwas feuchteren Beuteln. </p>
</div>
</div>
</div>
<div class=""item flex""></div>",Crushed Ice OP,Unisex,,,,,,,https://cdn.shopify.com/s/files/1/0072/0646/9679/products/1636553542143900_nick-johnny-crushed-ice-xtra-strong-portion.jpg,,,,,5.90,0.00,1,G,1,IN,3,3,3,,,,
,,NJ-2005-1,Unisex,Title,Default Title,,,,,,,,,,5.90,0.00,1,G,1,IN,3,3,3,,,Nick & Johnny,Crushed Ice OP
Red Hot OP,"<meta charset=""utf-8"">
<div class=""item flex"">
<div class=""title"">
<div class=""info"">
<p>Wenn der Teufel einen Snus kreiert hätte, wäre es wohl der Nick &amp; Johnny Red Hot! Chilli, Zimt und Nelke wobei der Tabakgeschmack nicht zu kurz kommt. Eine Teufelsmischung.</p>
</div>
</div>
</div>
<div class=""item flex""></div>",Red Hot OP,Unisex,,,,,,,https://cdn.shopify.com/s/files/1/0072/0646/9679/products/1636553523511898_nick-johnny-red-hot-xtra-strong-portion.jpg,,,,,4.70,0.00,1,G,1,IN,3,3,3,,,,
,,NJ-1005-1,Unisex,Title,Default Title,,,,,,,,,,4.70,0.00,1,G,1,IN,3,3,3,,,Nick & Johnny,Red Hot OP
Tropical Mango 150mg,"Mit CBD angereicherte Beutel mit kühler und subtiler Mango, die frisch, saftig aber nicht übermässig süss ist und an eine Reise auf eine exotische Insel erinnert. <span data-mce-fragment=""1"">Hergestellt mit allen natürlichen Zutaten (THC-Frei, Tabakfrei und Nikotinfrei). Rauchlos, diskret und schnell wirkend.</span><br>",Tropical Mango 150mg,Unisex,,,,,,,https://cdn.shopify.com/s/files/1/0072/0646/9679/products/cannadips-mango-cbd-pouches.png,,,,,12.90,,1,G,30,IN,3,3,3,,,,
,,CD-4000-1,Unisex,Title,Default Title,,,,,,,,,,12.90,,1,G,30,IN,3,3,3,,,Cannadips,Tropical Mango 150mg
American Spice 150mg,"CBD Portionsbeutelchen aus einer Mischung von Zimt / Schokolade mit einem Hauch von echtem Kaffee. <span data-mce-fragment=""1"">Hergestellt mit allen natürlichen Zutaten (THC-Frei, Tabakfrei und Nikotinfrei). Rauchlos, diskret und schnell wirkend. </span>",American Spice 150mg,Unisex,,,,,,,https://cdn.shopify.com/s/files/1/0072/0646/9679/products/cannadips-american-cbd-pouches.png,,,,,12.90,,1,G,30,IN,3,3,3,,,,
,,CD-3000-1,Unisex,Title,Default Title,,,,,,,,,,12.90,,1,G,30,IN,3,3,3,,,Cannadips,American Spice 150mg
Natural Mint 150mg,"CBD Portionsbeutelchen mit einem balancierten Geschmack von süsser und frischer Minze. <span data-mce-fragment=""1"">Hergestellt mit allen natürlichen Zutaten (THC-Frei, Tabakfrei und Nikotinfrei). Rauchlos, diskret und schnell wirkend.</span>",Natural Mint 150mg,Unisex,,,,,,,https://cdn.shopify.com/s/files/1/0072/0646/9679/products/cannadips-mint-cbd-pouches.png,,,,,12.90,,1,G,30,IN,3,3,3,,,,
,,CD-2000-1,Unisex,Title,Default Title,,,,,,,,,,12.90,,1,G,30,IN,3,3,3,,,Cannadips,Natural Mint 150mg
Tangy Citrus 150mg,"CBD Portionsbeutelchen mit scharfem Einschlag von säuerlicher Apfelsine und Zitrone. <span data-mce-fragment=""1"">Hergestellt mit allen natürlichen Zutaten (THC-Frei, Tabakfrei und Nikotinfrei). Rauchlos, diskret und schnell wirkend.</span>",Tangy Citrus 150mg,Unisex,,,,,,,https://cdn.shopify.com/s/files/1/0072/0646/9679/products/cannadips-citrus-cbd-pouches.png,,,,,12.90,,1,G,30,IN,3,3,3,,,,
,,CD-1000-1,Unisex,Title,Default Title,,,,,,,,,,12.90,,1,G,30,IN,3,3,3,,,Cannadips,Tangy Citrus 150mg
Fresh Wintergreen 150mg,"Mit CBD angereicherte Beutel mit erdigem und frisch schmeckendem Wintergrün, die sie zu einer Wanderung in einem kalifornischen Wald transportieren. <span data-mce-fragment=""1"">Hergestellt mit allen natürlichen Zutaten (THC-Frei, Tabakfrei und Nikotinfrei). Rauchlos, diskret und schnell wirkend. </span>",Fresh Wintergreen 150mg,Unisex,,,,,,,https://cdn.shopify.com/s/files/1/0072/0646/9679/products/cannadips-wintergreen-cbd-pouches.png,,,,,12.90,,1,G,30,IN,3,3,3,,,,
,,CD-5000-1,Unisex,Title,Default Title,,,,,,,,,,12.90,,1,G,30,IN,3,3,3,,,Cannadips,Fresh Wintergreen 150mg
Wintergreen 300mg,Erleben Sie einen hauch Hanf kombiniert mit einem Spritzer winterlicher Minz-Erfrischung und einem Hauch Süsse in jedem Mini Hanfbeutel von Voon,Wintergreen 300mg,Unisex,,,,,,,https://cdn.shopify.com/s/files/1/0072/0646/9679/products/voon-wintergreen-cbd-pouches.png,,,,,12.90,,1,G,19000,IN,3,3,3,,,,
,,VO-1000-1,Unisex,Title,Default Title,,,,,,,,,,12.90,,1,G,19000,IN,3,3,3,,,Voon,Wintergreen 300mg
Pink Grape 300mg,"Machen Sie sich bereit für einen intensiven, süssen Ausbruch von Grapefruit in jedem Voon Mini-Beutel aus weissem und trockenem Hanf.",Pink Grape 300mg,Unisex,,,,,,,https://cdn.shopify.com/s/files/1/0072/0646/9679/products/voon-pink-grape-cbd-pouches.png,,,,,12.90,,1,G,19000,IN,3,3,3,,,,
,,VO-4000-1,Unisex,Title,Default Title,,,,,,,,,,12.90,,1,G,19000,IN,3,3,3,,,Voon,Pink Grape 300mg
Cool Spearmint 300mg,"Der sanftere, etwas süssere eisige Minzgeschmack der Voon Mini-Beutel aus weissem und trockenem Hanf. Perfekt . Um den ganzen Tag erfrischt zu bleiben.",Cool Spearmint 300mg,Unisex,,,,,,,https://cdn.shopify.com/s/files/1/0072/0646/9679/products/voon-cool-spearmint-cbd-pouches.png,,,,,12.90,,1,G,19000,IN,3,3,3,,,,
,,VO-2000-1,Unisex,Title,Default Title,,,,,,,,,,12.90,,1,G,19000,IN,3,3,3,,,Voon,Cool Spearmint 300mg
Snazzy Tangerine 300mg,Probieren Sie eine Mischung aus leichten Mandarinen-Säure- und Limettenaromen mit einem Hauch süsse in jedem Voon Mini- Beutel aus weissem und trockenem Hanf.,Snazzy Tangerine 300mg,Unisex,,,,,,,https://cdn.shopify.com/s/files/1/0072/0646/9679/products/voon-snazzy-tangerine-cbd-pouches.jpg,,,,,10.35,,1,G,19000,IN,3,3,3,,,,
,,VO-3000-1,Unisex,Title,Default Title,,,,,,,,,,10.35,,1,G,19000,IN,3,3,3,,,Voon,Snazzy Tangerine 300mg
CBD MINT,"<p>Um dem Druck der modernen Gesellschaft nicht zu erliegen, darf die Entspannung nicht fehlen. Mit dem edel CBD MINT aus der ""edel weiss""-Reihe wird deshalb voller Stolz der weltweit erste CBD ALL WHITE Snus präsentiert. Diese Minz-Mischung enthält kein Nikotin. Die darin enthaltenen Cannabinoide (12mg/g CBD) verleihen dir ein nicht betäubendes Gefühl der Unbeschwertheit ohne Belastung deiner Lunge (THC-frei).</p>
<p><a href=""https://snushus.ch/collections/edel-weiss-snus"" title=""edelweiss All White Snus im Snushus kaufen! Schweizer Qualität, direkt aus der Schweiz versendet."">Hier findest Du sämtliche Varianten der edelweiss Linie</a></p>",CBD MINT,Unisex,,,,,,,https://cdn.shopify.com/s/files/1/0072/0646/9679/products/edel-cbd-mint-all-white.png,,,,,9.20,,1,G,14,IN,3,3,3,,,,
,,ED-5010-1,Unisex,Title,Default Title,,,,,,,,,,9.20,,1,G,14,IN,3,3,3,,,Edel,CBD MINT
Cold Extreme WDP,"<meta charset=""utf-8"">
<div class=""item flex "">
<div class=""title""></div>
</div>
<div class=""item flex "">
<div class=""info"">
<p>Oden's Cold Extreme WDP (<strong>White Dry Portion</strong>) ist ein eiskalter Portionssnus mit einer minzigen Frische. Ganz besonders tritt ein Geschmack von Spearmint aus dem ansonsten traditionellen, erdnahen Tabakgeschmack hervor. Oden's Cold Dry ist ein sogenannter trockener Portionssnus, der nicht rinnt und ein noch erfrischenderes Gefühl bietet als andere Snus dieser Serie. Odens zählt zusammen mit <a href=""https://snushus.ch/collections/siberia"" title=""Siberia"">Siberia </a>zu den beliebtesten Snusmarken der Schweiz. Bei Fragen, Wünschen oder Anregungen kannst du uns gerne auf der <a href=""https://snushus.ch/pages/kontakt"" title=""Kontakt"">Kontaktseite</a> schreiben.</p>
</div>
<div class=""info""></div>
<div class=""info"">
<div class=""info"">
<div class=""item flex ""></div>
</div>
</div>
</div>",Cold Extreme WDP,Unisex,,,,,,,https://cdn.shopify.com/s/files/1/0072/0646/9679/products/odens-cold-extreme-white-dry-portion.png,,,,,4.80,,1,G,30,IN,3,3,3,,,,
,,OD-1005-1,Unisex,Title,Default Title,,,,,,,,,,4.80,,1,G,30,IN,3,3,3,,,Oden's,Cold Extreme WDP
Cold Extreme WDP - Slim,"<meta charset=""utf-8"">
<div class=""item flex "">
<div class=""title""></div>
</div>
<div class=""item flex "">
<div class=""info"">
<div class=""info"">
<p>Oden's Extreme Cold Dry ist ein eiskalter Portionssnus mit einer minzigen Frische. Ganz besonders tritt ein Geschmack von Spearmint aus dem ansonsten traditionellen, erdnahen Tabakgeschmack hervor. Oden's Cold Dry ist ein sogenannter trockener Portionssnus, der nicht rinnt und ein noch erfrischenderes Gefühl bietet als andere Snus dieser Serie. Oden‘s zählt zusammen mit Siberia zu den beliebtesten Snusmarken der Schweiz.</p>
</div>
<div class=""info"">
<div class=""info"">
<div class=""item flex ""></div>
</div>
</div>
</div>
<div class=""info"">
<div class=""item flex ""></div>
</div>
</div>",Cold Extreme WDP - Slim,Unisex,,,,,,,https://cdn.shopify.com/s/files/1/0072/0646/9679/products/odens-cold-extreme-white-dry-slim-portion.png,,,,,4.60,,1,G,30,IN,3,3,3,,,,
,,OD-1015-1,Unisex,Title,Default Title,,,,,,,,,,4.60,,1,G,30,IN,3,3,3,,,Oden's,Cold Extreme WDP - Slim
Cold Extreme WDP 500g Box,"<meta charset=""utf-8"">
<div class=""item flex "">
<div class=""title"">
<div class=""info"">
<span>Oden's Cold Extreme WDP (</span><strong>White Dry Portion</strong><span>) ist ein eiskalter Portionssnus mit einer minzigen Frische. Ganz besonders tritt ein Geschmack von Spearmint aus dem ansonsten traditionellen, erdnahen Tabakgeschmack hervor. Oden's Cold Dry ist ein sogenannter trockener Portionssnus, der nicht rinnt und ein noch erfrischenderes Gefühl bietet als andere Snus dieser Serie. Odens zählt zusammen mit </span><a href=""https://snushus.ch/collections/siberia"" title=""Siberia"">Siberia<span> </span></a><span>zu den beliebtesten Snusmarken der Schweiz. Bei Fragen, Wünschen oder Anregungen kannst du uns gerne auf der </span><a href=""https://snushus.ch/pages/kontakt"" title=""Kontakt"">Kontaktseite</a><span> schreiben.</span>
</div>
<div class=""info"">
<div class=""info"">
<div class=""item flex ""></div>
</div>
</div>
</div>
</div>
<div class=""item flex ""></div>",Cold Extreme WDP 500g Box,Unisex,,,,,,,https://cdn.shopify.com/s/files/1/0072/0646/9679/products/odens-cold-extreme-white-dry-portion-box_0a9600d7-7d68-43ea-83dd-0cdfa830332f.png,,,,,119.00,0.00,1,G,600,IN,3,3,3,,,,
,,OD-1025-1,Unisex,Title,Default Title,,,,,,,,,,119.00,0.00,1,G,600,IN,3,3,3,,,Oden's,Cold Extreme WDP 500g Box
Cold Extreme WP,"<meta charset=""utf-8"">
<div class=""item flex "">
<div class=""title""></div>
</div>
<div class=""item flex "">
<div class=""info"">
<p>Oden's Cold Extreme White Portion ist ein Portionssnus mit einem süssen Minzgeschmack und viel Nikotin. Das Tabakaroma ist hervorstechend und verleiht dem Snus einen traditionellen Geschmack, zusammen mit der Minze. <span>Zusammen mit </span><a href=""https://snushus.ch/collections/siberia"" title=""Siberia"">Siberia<span> </span></a><span>gehört Oden´s zu den beliebtesten Snus-Marken. </span><span>Bei Fragen, Wünschen oder Anregungen </span><span>kannst du </span><span>uns </span><span>gerne auf der </span><span></span><a href=""https://snushus.ch/pages/kontakt"" title=""Kontakt"">Kontaktseite</a><span> s</span><span>chreiben</span><span>.</span></p>
</div>
<div class=""info"">
<div class=""info"">
<div class=""item flex "">
<div class=""title""></div>
<div class=""title""></div>
</div>
</div>
</div>
</div>",Cold Extreme WP,Unisex,,,,,,,https://cdn.shopify.com/s/files/1/0072/0646/9679/products/odens-white-portion.png,,,,,4.80,,1,G,30,IN,3,3,3,,,,
,,OD-2005-1,Unisex,Title,Default Title,,,,,,,,,,4.80,,1,G,30,IN,3,3,3,,,Oden's,Cold Extreme WP
Cold Extreme WP - Slim,"<meta charset=""utf-8"">
<div class=""item flex"">
<div class=""title""></div>
</div>
<div class=""item flex"">
<div class=""info"">
<div class=""info"">
<p><span>Odens Cold Extreme Slim White Portion ist ein kraftvoller und starker Snus mit kühlen Aromen von echten Minzölen. Der Nikotingehalt beträgt 22 mg / g und die schlanken Portionen sind etwas kleiner und schmecken lange.</span></p>
</div>
<div class=""info"">
<div class=""info"">
<div class=""item flex""></div>
</div>
</div>
</div>
<div class=""info"">
<div class=""item flex""></div>
</div>
</div>",Cold Extreme WP - Slim,Unisex,,,,,,,https://cdn.shopify.com/s/files/1/0072/0646/9679/products/odens-white-slim-portion.png,,,,,4.60,,1,G,20,IN,3,3,3,,,,
,,OD-2015-1,Unisex,Title,Default Title,,,,,,,,,,4.60,,1,G,20,IN,3,3,3,,,Oden's,Cold Extreme WP - Slim
Wintergreen Extreme WDP,"<meta charset=""utf-8"">
<div class=""item flex "">
<div class=""title""></div>
</div>
<div class=""item flex "">
<div class=""info"">
<p><span>Odens Wintergreen Extreme White Dry Portion ist ein starker Snus mit spürbarem Wintergreen-Geschmack. Intensive Geschmacksentfaltung und kühlender Effekt. </span></p>
</div>
<div class=""info""></div>
<div class=""info"">
<div class=""info"">
<div class=""item flex ""></div>
</div>
</div>
</div>",Wintergreen Extreme WDP,Unisex,,,,,,,https://cdn.shopify.com/s/files/1/0072/0646/9679/products/odens-wintergreen-white-dry-portion.png,,,,,4.80,,1,G,30,IN,3,3,3,,,,
,,OD-4005-1,Unisex,Title,Default Title,,,,,,,,,,4.80,,1,G,30,IN,3,3,3,,,Oden's,Wintergreen Extreme WDP
Double Mint Extreme WP,"<meta charset=""utf-8"">
<div class=""item flex "">
<div class=""title""></div>
</div>
<div class=""item flex "">
<div class=""info"">
<div class=""info"">
<p>Oden's Double Mint Extreme Portion ist ein sehr hoher Nikotin-Snack. Der Geschmack, der während der Verwendung erscheint, ist scharf und der Pfefferminze zuliebe. Zusammen mit <a href=""https://snushus.ch/collections/siberia"" title=""Siberia"">Siberia </a>gehört Oden´s zu den beliebtesten Snus-Marken. <span>Bei Fragen, Wünschen oder Anregungen </span><span>kannst du </span><span>uns </span><span>gerne auf der </span><span></span><a href=""https://snushus.ch/pages/kontakt"" title=""Kontakt"">Kontaktseite</a><span> s</span><span>chreiben</span><span>.</span></p>
</div>
<div class=""info"">
<div class=""info"">
<div class=""item flex "">
<div class=""title""></div>
</div>
</div>
</div>
</div>
<div class=""info"">
<div class=""info""></div>
</div>
</div>",Double Mint Extreme WP,Unisex,,,,,,,https://cdn.shopify.com/s/files/1/0072/0646/9679/products/odens-double-mint-white-portion.png,,,,,4.80,,1,G,30,IN,3,3,3,,,,
,,OD-3005-1,Unisex,Title,Default Title,,,,,,,,,,4.80,,1,G,30,IN,3,3,3,,,Oden's,Double Mint Extreme WP
Wintergreen Extreme WDP - Slim,"<meta charset=""utf-8"">
<div class=""item flex "">
<div class=""title""></div>
</div>
<div class=""item flex "">
<div class=""info"">
<div class=""info"">
<p><span>Odens Wintergreen Extreme White Dry Portion ist ein starker Snus mit spürbarem Wintergreen-Geschmack. Intensive Geschmacksentfaltung und kühlender Effekt. </span></p>
</div>
<div class=""info"">
<div class=""info"">
<div class=""item flex ""></div>
</div>
</div>
</div>
<div class=""info"">
<div class=""item flex ""></div>
</div>
</div>",Wintergreen Extreme WDP - Slim,Unisex,,,,,,,https://cdn.shopify.com/s/files/1/0072/0646/9679/products/odens-wintergreen-white-dry-slim-portion.png,,,,,4.60,,1,G,30,IN,3,3,3,,,,
,,OD-4015-1,Unisex,Title,Default Title,,,,,,,,,,4.60,,1,G,30,IN,3,3,3,,,Oden's,Wintergreen Extreme WDP - Slim
Double Mint Extreme WDP - Slim,"<meta charset=""utf-8"">
<div class=""item flex "">
<div class=""title""></div>
</div>
<div class=""item flex "">
<div class=""info"">
<div class=""info"">
<p>Odens Double Mint Extreme White Dry Portion Slim ist ein sogenannter ""White Dry"" Portionssnus. Die Portionen sind, wie der Name schon sagt, trockener als andere Sorten und haben einen hohen Nikotingehalt. Der Geschmack von Odens Double Mint ist von scharfer Natur mit überzeugenden Pfefferminzakzenten.</p>
</div>
<div class=""info"">
<div class=""info"">
<div class=""item flex ""></div>
</div>
</div>
</div>
<div class=""info"">
<div class=""item flex ""></div>
</div>
</div>",Double Mint Extreme WDP - Slim,Unisex,,,,,,,https://cdn.shopify.com/s/files/1/0072/0646/9679/products/odens-double-mint-white-dry-slim-portion.png,,,,,4.60,,1,G,30,IN,3,3,3,,,,
,,OD-5015-1,Unisex,Title,Default Title,,,,,,,,,,4.60,,1,G,30,IN,3,3,3,,,Oden's,Double Mint Extreme WDP - Slim
Double Mint Extreme WDP,"<meta charset=""utf-8"">
<div class=""item flex "">
<div class=""title""></div>
</div>
<div class=""item flex "">
<div class=""info"">
<p>Odens Double Mint Extreme White Dry Portion ist ein sogenannter ""white dry"" Portionssnus. Die Portionen sind, wie der Name schon sagt, trockener als andere Sorten und haben einen hohen Nikotingehalt. <br>Der Geschmack ist von scharfer Natur mit überzeugenden Pfefferminzakzenten.</p>
</div>
<div class=""info""></div>
<div class=""info"">
<div class=""info"">
<div class=""item flex ""></div>
</div>
</div>
</div>",Double Mint Extreme WDP,Unisex,,,,,,,https://cdn.shopify.com/s/files/1/0072/0646/9679/products/odens-double-mint-white-dry-portion.png,,,,,4.80,,1,G,30,IN,3,3,3,,,,
,,OD-5005-1,Unisex,Title,Default Title,,,,,,,,,,4.80,,1,G,30,IN,3,3,3,,,Oden's,Double Mint Extreme WDP
Cold Extreme OP,"Odens Cold Extreme Original Portion ist ein Produkt für traditionelle Snuser.<br data-mce-fragment=""1"">Durch die feuchten Beutel kommt der Nikotingehalt noch besser zur Wirkung als bei vergleichbaren Oden's Produkten.<br data-mce-fragment=""1"">Bereits beim Öffnen der Dose macht sich der intensive Minz Geschmack bemerkbar - unter der Lippe wird dieser zusätzlich verstärkt. Ein perfektes Produkt für Minz-Liebhaber!",Cold Extreme OP,Unisex,,,,,,,https://cdn.shopify.com/s/files/1/0072/0646/9679/products/1624966183962937_odens-cold-extreme-original-portion.jpg,,,,,4.80,,1,G,1,IN,3,3,3,,,,
,,OD-7005-1,Unisex,Title,Default Title,,,,,,,,,,4.80,,1,G,1,IN,3,3,3,,,Oden's,Cold Extreme OP
Cold Extreme WDP Mini,"<meta charset=""utf-8"">
<div class=""item flex"">
<div class=""title""></div>
</div>
<div class=""item flex"">
<div class=""info"">
<p>Oden's Cold Extreme WDP (White Dry Portion) ist ein eiskalter Portionssnus mit einer minzigen Frische. Ganz besonders tritt ein Geschmack von Spearmint aus dem ansonsten traditionellen, erdnahen Tabakgeschmack hervor. Oden's Cold Dry ist ein sogenannter trockener Portionssnus, der nicht rinnt und ein noch erfrischenderes Gefühl bietet als andere Snus dieser Serie. Odens zählt zusammen mit Siberia zu den beliebtesten Snusmarken der Schweiz. Ab sofort auch in der Mini Variante erhältlich!</p>
</div>
<div class=""info""></div>
<div class=""info"">
<div class=""info"">
<div class=""item flex""></div>
</div>
</div>
</div>",Cold Extreme WDP Mini,Unisex,,,,,,,https://cdn.shopify.com/s/files/1/0072/0646/9679/products/e8fd133ba81eb354ddf343e1b1b985b7.jpg,,,,,4.80,0.00,1,G,18000,IN,3,3,3,,,,
,,OD-1115-1,Unisex,Title,Default Title,,,,,,,,,,4.80,0.00,1,G,18000,IN,3,3,3,,,Oden's,Cold Extreme WDP Mini
Lemon WP,"<meta charset=""utf-8"">
<div class=""item flex"">
<div class=""title""></div>
</div>
<div class=""item flex"">
<div class=""info"">
<p>GN Tobacco kann auch anders! Mit dem Oden's Lemon White Portion wird der Tabak ausgezeichnet mit einem Citrus-Aroma vermischt. Das Produkt kommt mit 9 mg/g Nikotin in normalgrossen Portionen.</p>
</div>
<div class=""info""></div>
<div class=""info"">
<div class=""info"">
<div class=""item flex""></div>
</div>
</div>
</div>",Lemon WP,Unisex,,,,,,,https://cdn.shopify.com/s/files/1/0072/0646/9679/products/odens-lemon-white-portion.png,,,,,4.80,0.00,1,G,1,IN,3,3,3,,,,
,,OD-8005-1,Unisex,Title,Default Title,,,,,,,,,,4.80,0.00,1,G,1,IN,3,3,3,,,Oden's,Lemon WP
Double Mint Extreme OP,"Odens Double Mint Extreme Original Portion ist ein Produkt für traditionelle Snuser.<br data-mce-fragment=""1"">Durch die feuchten Beutel kommt der Nikotingehalt noch besser zur Wirkung als bei vergleichbaren Oden's Produkten.<br data-mce-fragment=""1"">Bereits beim Öffnen der Dose macht sich der intensive Minz Geschmack bemerkbar - unter der Lippe wird dieser zusätzlich verstärkt. Ein perfektes Produkt für Minz-Liebhaber!",Double Mint Extreme OP,Unisex,,,,,,,https://cdn.shopify.com/s/files/1/0072/0646/9679/products/odens-double-mint-original-portion.png,,,,,4.80,0.00,1,G,30,IN,3,3,3,,,,
,,OD-6005-1,Unisex,Title,Default Title,,,,,,,,,,4.80,0.00,1,G,30,IN,3,3,3,,,Oden's,Double Mint Extreme OP
Cold Extreme WDP Soft Pack,"<meta charset=""utf-8"">
<div class=""item flex"">
<div class=""title""></div>
</div>
<div class=""item flex"">
<div class=""info"">
<p>Oden's Cold Extreme WDP (White Dry Portion) ist ein eiskalter Portionssnus mit einer minzigen Frische. Ganz besonders tritt ein Geschmack von Spearmint aus dem ansonsten traditionellen, erdnahen Tabakgeschmack hervor. Oden's Cold Dry ist ein sogenannter trockener Portionssnus, der nicht rinnt und ein noch erfrischenderes Gefühl bietet als andere Snus dieser Serie. Odens zählt zusammen mit Siberia zu den beliebtesten Snusmarken der Schweiz. Ab sofort auch in den praktischen Soft Packs erhältlich!</p>
</div>
<div class=""info"">
<div class=""info"">
<div class=""item flex"">
<div class=""title""></div>
<div class=""title""></div>
</div>
</div>
</div>
</div>",Cold Extreme WDP Soft Pack,Unisex,,,,,,,https://cdn.shopify.com/s/files/1/0072/0646/9679/products/odens-cold-extreme-white-dry-portion-soft-packs.png,,,,,4.80,0.00,1,G,30000,IN,3,3,3,,,,
,,OD-1905-1,Unisex,Title,Default Title,,,,,,,,,,4.80,0.00,1,G,30000,IN,3,3,3,,,Oden's,Cold Extreme WDP Soft Pack
Cold Portion,"<meta charset=""utf-8"">
<div class=""item flex"">
<div class=""title""></div>
</div>
<div class=""item flex"">
<div class=""info"">
<p>Der Odens Cold bietet, wie der Name es bereits sagt, ein kaltes Gefühl. Der Tabak wird optimal mit dem Minzgeschmack ausgeglichen und mit seinen 9 mg/g Nikotin zählt dieser <a href=""https://snushus.ch/collections/original-portion"">Original Portion</a> Snus, zu den schwachen Sorten der Marke <a href=""https://snushus.ch/collections/odens"">Oden's</a>.</p>
</div>
<div class=""info""></div>
<div class=""info"">
<div class=""info"">
<div class=""item flex""></div>
</div>
</div>
</div>",Cold Portion,Unisex,,,,,,,https://cdn.shopify.com/s/files/1/0072/0646/9679/products/1636397421938446_odens-cold-portion.jpg,,,,,4.80,0.00,1,G,1,IN,3,3,3,,,,
,,OD-1105-1,Unisex,Title,Default Title,,,,,,,,,,4.80,0.00,1,G,1,IN,3,3,3,,,Oden's,Cold Portion
Mint WP,"<meta charset=""utf-8"">
<div class=""item flex"">
<div class=""title""></div>
</div>
<div class=""item flex"">
<div class=""info"">
<p>Oden's Mint White Portion besticht mit seiner Minz-Note, wobei der Tabak nicht zu kurz kommt. Ein White Portion Snus mit 9 mg/g Nikotin. </p>
</div>
<div class=""info""></div>
<div class=""info"">
<div class=""info"">
<div class=""item flex""></div>
</div>
</div>
</div>",Mint WP,Unisex,,,,,,,https://cdn.shopify.com/s/files/1/0072/0646/9679/products/odens-mint-white-portion.png,,,,,4.80,0.00,1,G,1,IN,3,3,3,,,,
,,OD-9005-1,Unisex,Title,Default Title,,,,,,,,,,4.80,0.00,1,G,1,IN,3,3,3,,,Oden's,Mint WP
Extreme OP,"Odens Cold Extreme Original Portion ist ein Produkt für traditionelle Snuser.<br data-mce-fragment=""1"">Durch die feuchten Beutel kommt der Nikotingehalt noch besser zur Wirkung als bei vergleichbaren Oden's Produkten.",Extreme OP,Unisex,,,,,,,https://cdn.shopify.com/s/files/1/0072/0646/9679/products/odens_extreme_original_portion.jpg,,,,,4.80,0.00,1,G,20,IN,3,3,3,,,,
,,OD-7105-1,Unisex,Title,Default Title,,,,,,,,,,4.80,0.00,1,G,20,IN,3,3,3,,,Oden's,Extreme OP
X WDP,"<meta charset=""utf-8"">
<div class=""item flex "">
<div class=""title"">
<div class=""info"">
<p><span>Offroad X ist wahrscheinlich der stärkste Snus der Welt: unglaubliche 45mg/g. Als White Dry Portion rinnt der Snus sehr wenig und überzeugt durch einen prominenten Minz-Menthol Geschmack. </span></p>
<p><br><br></p>
</div>
</div>
</div>
<div class=""item flex ""></div>",X WDP,Unisex,,,,,,,https://cdn.shopify.com/s/files/1/0072/0646/9679/products/offroad-arctic-xplorer-white-dry-portion.png,,,,,4.80,,1,G,30,IN,3,3,3,,,,
,,OF-1005-1,Unisex,Title,Default Title,,,,,,,,,,4.80,,1,G,30,IN,3,3,3,,,Offroad,X WDP
Original,"<meta charset=""utf-8"">
<div class=""item flex "">
<div class=""title"">
<div class=""info"">
<p><span>Ein rauchloses Tabakprodukt aus Dänemark. Geeignet als Ersatzprodukt für Zigaretten. Die kleinen Oliver Twist Tabakdragees entfalten ihre Wirkung unter der Lippe und stillen die Lust zu Rauchen.</span></p>
</div>
</div>
</div>
<div class=""item flex ""></div>",Original,Unisex,,,,,,,https://cdn.shopify.com/s/files/1/0072/0646/9679/products/original.png,,,,,6.40,,1,G,30,IN,3,3,3,,,,
,,OT-1000-1,Unisex,Menge auswählen,1 Dose à 6.40,,,,,,,,,,6.40,,1,G,30,IN,3,3,3,,,Oliver Twist,Original
Blå WP,"Die One-Serie von Swedish Match soll die Klassiker ehren: Inspiert von Göteborgs Rapé wurde der ONE Blå White Portion entwickelt. Der Geschmack kommt mit einer Note von Wacholder, wobei der traditionelle Tabakgeschmack nicht zu kurz kommt. Dieser Snus hat eine Stärke von 13 mg/g Nikotin.",Blå WP,Unisex,,,,,,,https://cdn.shopify.com/s/files/1/0072/0646/9679/products/one-bla-white-portion.png,,,,,4.90,0.00,1,G,1,IN,3,3,3,,,,
,,OE-3005-1,Unisex,Title,Default Title,,,,,,,,,,4.90,0.00,1,G,1,IN,3,3,3,,,ONE,Blå WP
Grön WP,"<meta charset=""utf-8"">
<div class=""item flex"">
<div class=""title"">
<div class=""info"">
<p>Die One-Serie von Swedish Match soll die Klassiker ehren: Der ONE Grön White Portion Snus riecht nach feinen Früchten, Beeren, Kräutern und erinnert dabei an die schwedischen Wälder. Der ""Grüne"" der One-Serie ist dabei ebenfalls an den klassiker Göteborgs Rapé angelehnt und kommt mit 13 mg/g Nikotin.</p>
</div>
</div>
</div>
<div class=""item flex""></div>",Grön WP,Unisex,,,,,,,https://cdn.shopify.com/s/files/1/0072/0646/9679/products/one-gron-white-portion.png,,,,,4.90,0.00,1,G,1,IN,3,3,3,,,,
,,OE-4005-1,Unisex,Title,Default Title,,,,,,,,,,4.90,0.00,1,G,1,IN,3,3,3,,,ONE,Grön WP
Vit WP,"<meta charset=""utf-8"">
<div class=""item flex"">
<div class=""title"">
<div class=""info"">
<p>Die One-Serie von Swedish Match soll die Klassiker ehren: Der ONE Vit White Portion ist dabei von General inspiert und besticht mit seinem traditionellen Tabakgeschmack. Auch seine 13 mg/g Nikotin weichen dabei vom Konzept nicht ab. Eine tolle Homage!</p>
</div>
</div>
</div>
<div class=""item flex""></div>",Vit WP,Unisex,,,,,,,https://cdn.shopify.com/s/files/1/0072/0646/9679/products/one-vit-white-portion.png,,,,,4.90,0.00,1,G,1,IN,3,3,3,,,,
,,OE-1005-1,Unisex,Title,Default Title,,,,,,,,,,4.90,0.00,1,G,1,IN,3,3,3,,,ONE,Vit WP
Gul WP,"<meta charset=""utf-8"">
<div class=""item flex"">
<div class=""title"">
<div class=""info"">
<p>Die One-Serie von Swedish Match soll die Klassiker ehren: Bei diesem Snus hat sich der Hersteller von General inspirieren lassen und dem traditionellen Tabakgeschmack eine Zitrus-Note hinzugegeben. Das Resultat ist der ONE Gul White Portion mit 13 mg/g Nikotin. Ein Produkt für Liebhaber!</p>
</div>
</div>
</div>
<div class=""item flex""></div>",Gul WP,Unisex,,,,,,,https://cdn.shopify.com/s/files/1/0072/0646/9679/products/one-gul-white-portion.png,,,,,4.90,0.00,1,G,1,IN,3,3,3,,,,
,,OE-2005-1,Unisex,Title,Default Title,,,,,,,,,,4.90,0.00,1,G,1,IN,3,3,3,,,ONE,Gul WP
Black -80 Degrees OP,"<meta charset=""utf-8"">
<div class=""item flex"">
<div class=""title"">
<div class=""info"">
<p>NEU! Den beliebten Siberia gibt es nun auch in schwarz - schöne Dose und ein gewohnt starker Nikotinkick. Siberia Black -80 Degrees Original Portion ist ein Portionssnus mit einem sehr deutlichen Tabakgeschmack. Dieser Snus hat einen extrem hohen Nikotingehalt und eine Portion enthält mehr als fünfmal so viel Nikotin wie normal starker Snus (8 mg/g). Wird Menschen, die Nikotin gegenüber empfindlich sind, weniger empfohlen. Siberia zählt zusammen mit <a href=""https://snushus.ch/collections/odens"" title=""Odens"">Oden‘s</a> zu den beliebtesten Snusmarken der Schweiz. <span>Bei Fragen, Wünschen oder Anregungen </span><span>kannst du </span><span>uns </span><span>gerne auf der </span><span></span><a href=""https://snushus.ch/pages/kontakt"" title=""Kontakt"">Kontaktseite</a><span> s</span><span>chreiben</span><span>.</span></p>
</div>
</div>
</div>
<div class=""item flex""></div>",Black -80 Degrees OP,Unisex,,,,,,,https://cdn.shopify.com/s/files/1/0072/0646/9679/products/siberia-black-original-portion.png,,,,,5.20,,1,G,30,IN,3,3,3,,,,
,,SI-3005-1,Unisex,Title,Default Title,,,,,,,,,,5.20,,1,G,30,IN,3,3,3,,,Siberia,Black -80 Degrees OP
Original Portion,"<meta charset=""utf-8"">
<div class=""item flex"">
<div class=""title""></div>
</div>
<div class=""item flex"">
<div class=""info"">
<p>Göteborgs Rapé ist ein absoluter Klassiker aus Schweden und wird dort seit mehr als 100 Jahren hergestellt. Heller Tabakgeschmack mit Spuren von Citrus und Lavendel tragen zum unverwechselbaren Geschmack dieses Produkts bei. Als Original Portion ist dieser Snus feucht und erlaubt somit ein intensiveres Geschmackserlebnis.</p>
</div>
<div class=""info""></div>
</div>",Original Portion,Unisex,,,,,,,https://cdn.shopify.com/s/files/1/0072/0646/9679/products/goteborgs-rape-original-portion.png,,,,,5.90,,1,G,30,IN,3,3,3,,,,
,,GR-1005-1,Unisex,Title,Default Title,,,,,,,,,,5.90,,1,G,30,IN,3,3,3,,,Göteborgs Rapé,Original Portion
General Extra Strong OP,"<meta charset=""utf-8"">
<div class=""item flex "">
<div class=""title"">
<div class=""info"">
<p><span>General Extra Stark Original Portion ist ein starker Snus mit kräftigem Tabakgeschmack. Dazu gesellt sich ein leichter Hauch von Citrus sowie Bergamotte und Tee. Als Teil der General-Serie ist dieser Snus ein absoluter Klassiker - hergestellt vom Marktführer Swedish Match.</span></p>
</div>
</div>
</div>
<div class=""item flex ""></div>",General Extra Strong OP,Unisex,,,,,,,https://cdn.shopify.com/s/files/1/0072/0646/9679/products/general-extra-strong-portion-gold-can.png,,,,,5.20,,1,G,300,IN,3,3,3,,,,
,,GE-1005-1,Unisex,Title,Default Title,,,,,,,,,,5.20,,1,G,300,IN,3,3,3,,,General,General Extra Strong OP
Ettan OP,"<meta charset=""utf-8"">
<div class=""item flex "">
<div class=""title""></div>
</div>
<div class=""item flex "">
<div class=""info"">
<p><span>ETTAN - DAS ORIGINAL. Ettan Original Portion kommt mit traditionellem Tabakgeschmack. Voll, robust und leicht rauchig. Die Portionen sind geschmacksgefüllt aber aussenrum trocken und bieten langanhaltende Geschmacksfreisetzung. </span></p>
<p><span>Ettan ist Tradition und </span>eine der ältesten Snusmarken Schwedens. Das Rezept wurde <span>seit 1822 im Grossen und Ganzen nicht verändert. Der traditionelle Tabak-Geschmack ist hier etwas milder, weshalb die rauchigen Aromen gut zur Geltung kommen, des Weiteren können Einschläge von Heu, Teer und Malz und auch ein Hauch dunkler Schokolade erahnt werden. </span></p>
</div>
<div class=""info"">
<div class=""info""> </div>
</div>
</div>",Ettan OP,Unisex,,,,,,,https://cdn.shopify.com/s/files/1/0072/0646/9679/products/ettan-original-portion.png,,,,,5.90,0.00,1,G,30,IN,3,3,3,,,,
,,ET-1005-1,Unisex,Title,Default Title,,,,,,,,,,5.90,0.00,1,G,30,IN,3,3,3,,,Ettan,Ettan OP
Cold Extreme OP,"Odens Cold Extreme Original Portion ist ein Produkt für traditionelle Snuser.<br data-mce-fragment=""1"">Durch die feuchten Beutel kommt der Nikotingehalt noch besser zur Wirkung als bei vergleichbaren Oden's Produkten.<br data-mce-fragment=""1"">Bereits beim Öffnen der Dose macht sich der intensive Minz Geschmack bemerkbar - unter der Lippe wird dieser zusätzlich verstärkt. Ein perfektes Produkt für Minz-Liebhaber!",Cold Extreme OP,Unisex,,,,,,,https://cdn.shopify.com/s/files/1/0072/0646/9679/products/1624966183962937_odens-cold-extreme-original-portion.jpg,,,,,4.80,,1,G,1,IN,3,3,3,,,,
,,OD-7005-1,Unisex,Title,Default Title,,,,,,,,,,4.80,,1,G,1,IN,3,3,3,,,Oden's,Cold Extreme OP
Frosted OP,"<meta charset=""utf-8"">
<div class=""item flex "">
<div class=""title"">
<div class=""info"">
<p><span>Thunder Frosted Original Portion ist ein richtig starker Snus mit einem kräftigen und minzigen Geschmack - dazu gesellt sich die beachtliche Nikotinstärke wie bei den meisten der Thunder Produkte. Als spezielle Eigenschaft kommt die Dose mit einem Doppeldeckel für die gebrauchten Portionen.</span></p>
</div>
</div>
</div>
<div class=""item flex ""></div>",Frosted OP,Unisex,,,,,,,https://cdn.shopify.com/s/files/1/0072/0646/9679/products/thunder-frosted-original-portion.png,,,,,4.80,,1,G,30,IN,3,3,3,,,,
,,TH-1005-1,Unisex,Title,Default Title,,,,,,,,,,4.80,,1,G,30,IN,3,3,3,,,Thunder,Frosted OP
Black -80 Degrees OP Slim,"<meta charset=""utf-8"">
<div class=""item flex"">
<div class=""title"">
<div class=""info"">
<p>Den beliebten Siberia gibt es nun auch in schwarz - schöne Dose und ein gewohnt starker Nikotinkick. Siberia Black -80 Degrees Original Portion ist ein Portionssnus mit einem sehr deutlichen Tabakgeschmack. Dieser Snus hat einen extrem hohen Nikotingehalt und eine Portion enthält mehr als fünfmal so viel Nikotin wie normal starker Snus (8 mg/g). Wird Menschen, die Nikotin gegenüber empfindlich sind, weniger empfohlen. Siberia zählt zusammen mit <a href=""https://snushus.ch/collections/odens"" title=""Odens"">Oden‘s</a> zu den beliebtesten Snusmarken der Schweiz. <span>Bei Fragen, Wünschen oder Anregungen </span><span>kannst du </span><span>uns </span><span>gerne auf der </span><span></span><a href=""https://snushus.ch/pages/kontakt"" title=""Kontakt"">Kontaktseite</a><span> s</span><span>chreiben</span><span>.</span></p>
</div>
</div>
</div>
<div class=""item flex""></div>",Black -80 Degrees OP Slim,Unisex,,,,,,,https://cdn.shopify.com/s/files/1/0072/0646/9679/products/1631821498559209_siberia-black-original-portion-slim.jpg,,,,,5.20,0.00,1,G,1,IN,3,3,3,,,,
,,SI-3015-1,Unisex,Title,Default Title,,,,,,,,,,5.20,0.00,1,G,1,IN,3,3,3,,,Siberia,Black -80 Degrees OP Slim
Double Mint Extreme OP,"Odens Double Mint Extreme Original Portion ist ein Produkt für traditionelle Snuser.<br data-mce-fragment=""1"">Durch die feuchten Beutel kommt der Nikotingehalt noch besser zur Wirkung als bei vergleichbaren Oden's Produkten.<br data-mce-fragment=""1"">Bereits beim Öffnen der Dose macht sich der intensive Minz Geschmack bemerkbar - unter der Lippe wird dieser zusätzlich verstärkt. Ein perfektes Produkt für Minz-Liebhaber!",Double Mint Extreme OP,Unisex,,,,,,,https://cdn.shopify.com/s/files/1/0072/0646/9679/products/odens-double-mint-original-portion.png,,,,,4.80,0.00,1,G,30,IN,3,3,3,,,,
,,OD-6005-1,Unisex,Title,Default Title,,,,,,,,,,4.80,0.00,1,G,30,IN,3,3,3,,,Oden's,Double Mint Extreme OP
Glögg & Kanel OP,"<meta charset=""utf-8"">
<div class=""item flex"">
<div class=""title""></div>
</div>
<div class=""item flex"">
<div class=""info"">
<div class=""info"">
<p>Weihnachtszeit ist Glühweinzeit und da darf der passende Snus nicht fehlen!<br></p>
<p>Jakobssons, bekannt für ihre intensive Aromen, bringen mit dem ""Glögg &amp; Kanel OP"" den perfekten Wintersnus. Übersetzt steht der Name für ""Glühwein &amp; Zimt"" und das beschreibt diesen Snus auch schon zu genügend.</p>
<p>Ein herrliches Aroma, mit feinstem Tabak gibt diesem Snus eine ausgezeichnete Note. </p>
</div>
<div class=""info"">
<div class=""info"">
<div class=""item flex""></div>
</div>
</div>
</div>
<div class=""info"">
<div class=""item flex""></div>
</div>
</div>",Glögg & Kanel OP,Unisex,,,,,,,https://cdn.shopify.com/s/files/1/0072/0646/9679/products/jakobssons-gloegg-kanel-original-portion.png,,,,,5.90,,1,G,1,IN,3,3,3,,,,
,,JK-3005-1,Unisex,Title,Default Title,,,,,,,,,,5.90,,1,G,1,IN,3,3,3,,,Jakobssons,Glögg & Kanel OP
Americana OP,"<meta charset=""utf-8"">
<div class=""item flex"">
<div class=""title"">
<div class=""info"">
<p>Eine aussergewöhnlichere Geschmacksmischung findet man wohl kaum auf dem Snusmarkt: Kirsche, Wintergrün und Zimt! Der Nick &amp; Johnny Americana erinnert, wie es der Name vermuten lässt, an Root Beer! Mit dem hohen Feuchtigkeitsanteil und seinen 14 mg/g Nikotin ist dieser Original Portion Snus etwas für Snuser die ein intensives Snus Erlebnis suchen!<br><br></p>
</div>
</div>
</div>
<div class=""item flex""></div>",Americana OP,Unisex,,,,,,,https://cdn.shopify.com/s/files/1/0072/0646/9679/products/1636553570015423_nick-johnny-americana-xtra-strong-portion.jpg,,,,,5.90,0.00,1,G,1,IN,3,3,3,,,,
,,NJ-4005-1,Unisex,Title,Default Title,,,,,,,,,,5.90,0.00,1,G,1,IN,3,3,3,,,Nick & Johnny,Americana OP
Crushed Ice OP,"<meta charset=""utf-8"">
<div class=""item flex"">
<div class=""title"">
<div class=""info"">
<p>Die beliebteste Variante von Nick &amp; Johnny trifft auf tradionelles Snus Erlebnis: Der Nick &amp; Johnny Crushed Ice Xtra Strong Original Portion bietet ein Minz/Menthol Geschmackserlebnis in etwas feuchteren Beuteln. </p>
</div>
</div>
</div>
<div class=""item flex""></div>",Crushed Ice OP,Unisex,,,,,,,https://cdn.shopify.com/s/files/1/0072/0646/9679/products/1636553542143900_nick-johnny-crushed-ice-xtra-strong-portion.jpg,,,,,5.90,0.00,1,G,1,IN,3,3,3,,,,
,,NJ-2005-1,Unisex,Title,Default Title,,,,,,,,,,5.90,0.00,1,G,1,IN,3,3,3,,,Nick & Johnny,Crushed Ice OP
Cold Portion,"<meta charset=""utf-8"">
<div class=""item flex"">
<div class=""title""></div>
</div>
<div class=""item flex"">
<div class=""info"">
<p>Der Odens Cold bietet, wie der Name es bereits sagt, ein kaltes Gefühl. Der Tabak wird optimal mit dem Minzgeschmack ausgeglichen und mit seinen 9 mg/g Nikotin zählt dieser <a href=""https://snushus.ch/collections/original-portion"">Original Portion</a> Snus, zu den schwachen Sorten der Marke <a href=""https://snushus.ch/collections/odens"">Oden's</a>.</p>
</div>
<div class=""info""></div>
<div class=""info"">
<div class=""info"">
<div class=""item flex""></div>
</div>
</div>
</div>",Cold Portion,Unisex,,,,,,,https://cdn.shopify.com/s/files/1/0072/0646/9679/products/1636397421938446_odens-cold-portion.jpg,,,,,4.80,0.00,1,G,1,IN,3,3,3,,,,
,,OD-1105-1,Unisex,Title,Default Title,,,,,,,,,,4.80,0.00,1,G,1,IN,3,3,3,,,Oden's,Cold Portion
Red Hot OP,"<meta charset=""utf-8"">
<div class=""item flex"">
<div class=""title"">
<div class=""info"">
<p>Wenn der Teufel einen Snus kreiert hätte, wäre es wohl der Nick &amp; Johnny Red Hot! Chilli, Zimt und Nelke wobei der Tabakgeschmack nicht zu kurz kommt. Eine Teufelsmischung.</p>
</div>
</div>
</div>
<div class=""item flex""></div>",Red Hot OP,Unisex,,,,,,,https://cdn.shopify.com/s/files/1/0072/0646/9679/products/1636553523511898_nick-johnny-red-hot-xtra-strong-portion.jpg,,,,,4.70,0.00,1,G,1,IN,3,3,3,,,,
,,NJ-1005-1,Unisex,Title,Default Title,,,,,,,,,,4.70,0.00,1,G,1,IN,3,3,3,,,Nick & Johnny,Red Hot OP
Extreme OP,"Odens Cold Extreme Original Portion ist ein Produkt für traditionelle Snuser.<br data-mce-fragment=""1"">Durch die feuchten Beutel kommt der Nikotingehalt noch besser zur Wirkung als bei vergleichbaren Oden's Produkten.",Extreme OP,Unisex,,,,,,,https://cdn.shopify.com/s/files/1/0072/0646/9679/products/odens_extreme_original_portion.jpg,,,,,4.80,0.00,1,G,20,IN,3,3,3,,,,
,,OD-7105-1,Unisex,Title,Default Title,,,,,,,,,,4.80,0.00,1,G,20,IN,3,3,3,,,Oden's,Extreme OP
Brown -80 Degrees OP,"<meta charset=""utf-8"">
<div class=""item flex"">
<div class=""title"">
<div class=""info"">
<p>Siberia Braun Original Portion ist der traditionelle Bruder des <a href=""https://snushus.ch/products/siberia-rot-80-degrees-white-dry-portion"">roten Siberia</a>. Ein Portion Snus mit Minz Aroma und den bekannten 43 mg/g Nikotin! </p>
</div>
</div>
</div>
<div class=""item flex""></div>",Brown -80 Degrees OP,Unisex,,,,,,,https://cdn.shopify.com/s/files/1/0072/0646/9679/products/1636398926398455_siberia-brown-original-portion.jpg,,,,,5.20,0.00,1,G,1,IN,3,3,3,,,,
,,SI-5005-1,Unisex,Title,Default Title,,,,,,,,,,5.20,0.00,1,G,1,IN,3,3,3,,,Siberia,Brown -80 Degrees OP
Ice Cold AW,<span>Die Pablo-Nikotinbeutel sind auf dem europäischen Markt sehr beliebt und werden aufgrund ihrer starken Nikotinabgabe schon seit Jahren verwendet.</span>,Ice Cold AW,Unisex,,,,,,,https://cdn.shopify.com/s/files/1/0072/0646/9679/products/6d83f66db85a8b33b6183e2b94acd5f0.jpg,,,,,5.20,0.00,1,G,28000,IN,3,3,3,,,,
,,PA-1005-1,Unisex,Title,Default Title,,,,,,,,,,5.20,0.00,1,G,28000,IN,3,3,3,,,Pablo,Ice Cold AW
Red AW,"<span>Pablo Red, der einzige Nikotinbeutel auf dem Markt mit gleichzeitig kühlender und brennender Wirkung! </span>",Red AW,Unisex,,,,,,,https://cdn.shopify.com/s/files/1/0072/0646/9679/products/PabloRedAW.png,,,,,6.90,0.00,1,G,28000,IN,3,3,3,,,,
,,PA-2005-1,Unisex,Title,Default Title,,,,,,,,,,6.90,0.00,1,G,28000,IN,3,3,3,,,Pablo,Red AW
Cold Extreme WDP,"<meta charset=""utf-8"">
<div class=""item flex "">
<div class=""title""></div>
</div>
<div class=""item flex "">
<div class=""info"">
<p>Oden's Cold Extreme WDP (<strong>White Dry Portion</strong>) ist ein eiskalter Portionssnus mit einer minzigen Frische. Ganz besonders tritt ein Geschmack von Spearmint aus dem ansonsten traditionellen, erdnahen Tabakgeschmack hervor. Oden's Cold Dry ist ein sogenannter trockener Portionssnus, der nicht rinnt und ein noch erfrischenderes Gefühl bietet als andere Snus dieser Serie. Odens zählt zusammen mit <a href=""https://snushus.ch/collections/siberia"" title=""Siberia"">Siberia </a>zu den beliebtesten Snusmarken der Schweiz. Bei Fragen, Wünschen oder Anregungen kannst du uns gerne auf der <a href=""https://snushus.ch/pages/kontakt"" title=""Kontakt"">Kontaktseite</a> schreiben.</p>
</div>
<div class=""info""></div>
<div class=""info"">
<div class=""info"">
<div class=""item flex ""></div>
</div>
</div>
</div>",Cold Extreme WDP,Unisex,,,,,,,https://cdn.shopify.com/s/files/1/0072/0646/9679/products/odens-cold-extreme-white-dry-portion.png,,,,,4.80,,1,G,30,IN,3,3,3,,,,
,,OD-1005-1,Unisex,Title,Default Title,,,,,,,,,,4.80,,1,G,30,IN,3,3,3,,,Oden's,Cold Extreme WDP
Cold Extreme WP,"<meta charset=""utf-8"">
<div class=""item flex "">
<div class=""title""></div>
</div>
<div class=""item flex "">
<div class=""info"">
<p>Oden's Cold Extreme White Portion ist ein Portionssnus mit einem süssen Minzgeschmack und viel Nikotin. Das Tabakaroma ist hervorstechend und verleiht dem Snus einen traditionellen Geschmack, zusammen mit der Minze. <span>Zusammen mit </span><a href=""https://snushus.ch/collections/siberia"" title=""Siberia"">Siberia<span> </span></a><span>gehört Oden´s zu den beliebtesten Snus-Marken. </span><span>Bei Fragen, Wünschen oder Anregungen </span><span>kannst du </span><span>uns </span><span>gerne auf der </span><span></span><a href=""https://snushus.ch/pages/kontakt"" title=""Kontakt"">Kontaktseite</a><span> s</span><span>chreiben</span><span>.</span></p>
</div>
<div class=""info"">
<div class=""info"">
<div class=""item flex "">
<div class=""title""></div>
<div class=""title""></div>
</div>
</div>
</div>
</div>",Cold Extreme WP,Unisex,,,,,,,https://cdn.shopify.com/s/files/1/0072/0646/9679/products/odens-white-portion.png,,,,,4.80,,1,G,30,IN,3,3,3,,,,
,,OD-2005-1,Unisex,Title,Default Title,,,,,,,,,,4.80,,1,G,30,IN,3,3,3,,,Oden's,Cold Extreme WP
Double Mint Extreme WP,"<meta charset=""utf-8"">
<div class=""item flex "">
<div class=""title""></div>
</div>
<div class=""item flex "">
<div class=""info"">
<div class=""info"">
<p>Oden's Double Mint Extreme Portion ist ein sehr hoher Nikotin-Snack. Der Geschmack, der während der Verwendung erscheint, ist scharf und der Pfefferminze zuliebe. Zusammen mit <a href=""https://snushus.ch/collections/siberia"" title=""Siberia"">Siberia </a>gehört Oden´s zu den beliebtesten Snus-Marken. <span>Bei Fragen, Wünschen oder Anregungen </span><span>kannst du </span><span>uns </span><span>gerne auf der </span><span></span><a href=""https://snushus.ch/pages/kontakt"" title=""Kontakt"">Kontaktseite</a><span> s</span><span>chreiben</span><span>.</span></p>
</div>
<div class=""info"">
<div class=""info"">
<div class=""item flex "">
<div class=""title""></div>
</div>
</div>
</div>
</div>
<div class=""info"">
<div class=""info""></div>
</div>
</div>",Double Mint Extreme WP,Unisex,,,,,,,https://cdn.shopify.com/s/files/1/0072/0646/9679/products/odens-double-mint-white-portion.png,,,,,4.80,,1,G,30,IN,3,3,3,,,,
,,OD-3005-1,Unisex,Title,Default Title,,,,,,,,,,4.80,,1,G,30,IN,3,3,3,,,Oden's,Double Mint Extreme WP
Blau -80 Degrees WP,"<meta charset=""utf-8"">
<div class=""item flex"">
<div class=""title"">
<div class=""info"">
<div class=""info"">
<p>Siberia White Portion ist ein starker Snus mit hohem Nikotingehalt und Minzgeschmack. Der Snus hat einen Nikotingehalt von 24 mg/g und es gibt ihn nun auch in der Portionsform zu kaufen. Der Snus hat einen würzigen Geschmack nach Minze, der lange anhält. Der hohe Nikotingehalt wird durch einen hohen Feuchtigkeitsgehalt von 45 % ausgeglichen, was unüblich ist für starke Snus-Sorten. Siberia gehört zusammen zu <a title=""Oden´s"" href=""https://snushus.ch/collections/odens"">Oden´s</a> zu den beliebtesten Snus-Marken. <span>Bei Fragen, Wünschen oder Anregungen </span><span>kannst du </span><span>uns </span><span>gerne auf der </span><span></span><a title=""Kontakt"" href=""https://snushus.ch/pages/kontakt"">Kontaktseite</a><span> s</span><span>chreiben</span><span>.</span></p>
</div>
<div class=""info"">
<div class=""info"">
<div class=""item flex""></div>
</div>
</div>
</div>
<div class=""info""></div>
<div class=""info"">
<div class=""info"">
<div class=""item flex""></div>
</div>
</div>
</div>
</div>
<div class=""item flex""></div>",Blau -80 Degrees WP,Unisex,,,,,,,https://cdn.shopify.com/s/files/1/0072/0646/9679/products/siberia-blue-white-portion.png,,,,,5.20,,1,G,30,IN,3,3,3,,,,
,,SI-2005-1,Unisex,Title,Default Title,,,,,,,,,,5.20,,1,G,30,IN,3,3,3,,,Siberia,Blau -80 Degrees WP
Blau -80 Degrees WP - Slim,"<meta charset=""utf-8"">
<div class=""item flex "">
<div class=""title"">
<div class=""info"">
<div class=""info"">
<p>Siberia White Portion ist ein starker Snus mit hohem Nikotingehalt und Minzgeschmack. Der Snus hat einen Nikotingehalt von 24 mg/g und es gibt ihn nun auch in der Portionsform zu kaufen. Der Snus hat einen würzigen Geschmack nach Minze, der lange anhält. Der hohe Nikotingehalt wird durch einen hohen Feuchtigkeitsgehalt von 45 % ausgeglichen, was unüblich ist für starke Snus-Sorten. Wie auch <a href=""https://snushus.ch/collections/odens"" title=""Oden´s"">Oden´s</a> gehört Siberia zu den beliebtesten Marken auf dem Markt. Bei Fragen, Wünschen oder Anregungen kannst du uns gerne auf der <a href=""https://snushus.ch/pages/kontakt"" title=""Kontakt"">Kontaktseite </a>schreiben. </p>
</div>
<div class=""info"">
<div class=""info"">
<div class=""item flex "">
<div class=""title""></div>
</div>
</div>
</div>
</div>
</div>
</div>",Blau -80 Degrees WP - Slim,Unisex,,,,,,,https://cdn.shopify.com/s/files/1/0072/0646/9679/products/siberia-blue-white-slim-portion.png,,,,,5.20,0.00,1,G,30,IN,3,3,3,,,,
,,SI-2015-1,Unisex,Title,Default Title,,,,,,,,,,5.20,0.00,1,G,30,IN,3,3,3,,,Siberia,Blau -80 Degrees WP - Slim
Africaine Bentchikou,<span>Makla Kautabake werden alle ohne künstliche Aroma- und Zusatzstoffe nach traditionellen Rezepturen hergestellt. Nimm mit den Fingern eine Portion heraus und kneten es zu einer kleinen Kugel. Platziere die Kugel dann unter Deiner Oberlippe. Der Makla Kautabak entfaltet seine volle Wirkung nach ca. 15 bis 60 Minuten. </span><br>,Africaine Bentchikou,Unisex,,,,,,,https://cdn.shopify.com/s/files/1/0072/0646/9679/products/makla-africaine-bentchikou.png,,,,,5.00,,1,G,30,IN,3,3,3,,,,
,,MA-1000-1,Unisex,Title,Default Title,,,,,,,,,,5.00,,1,G,30,IN,3,3,3,,,Makla,Africaine Bentchikou
Soldat WP,"<meta charset=""utf-8"">
<div class=""item flex "">
<div class=""title""></div>
</div>
<div class=""item flex "">
<div class=""info"">
<p>Ein Snus mit klarem und frischem Geschmack. Er erhebt sich nicht, ist nicht aufdringlich und beeinträchtigt nicht Ihre Geschmacksknospen. Der Soldat ist da. Sicher, stabil und zur richtigen Zeit am richtigen Ort.</p>
</div>
<div class=""info"">
<div class=""info""></div>
</div>
</div>",Soldat WP,Unisex,,,,,,,https://cdn.shopify.com/s/files/1/0072/0646/9679/products/soldat-white-portion.png,,,,,3.90,,1,G,30,IN,3,3,3,,,,
,,SO-1005-1,Unisex,Title,Default Title,,,,,,,,,,3.90,,1,G,30,IN,3,3,3,,,Soldat,Soldat WP
Morgondagg WP,"<meta charset=""utf-8"">
<div class=""item flex "">
<div class=""title""></div>
</div>
<div class=""item flex "">
<div class=""info"">
<p>Im Kurbits Morgondagg (Morgentau) finden wir die Düfte und Erwartungen eines milden Mittsommermorgens. Blumen, Süße, Lakritz und eine vertraute Kühle von einem Morgen, der nicht wirklich von den Sonnenstrahlen erwärmt wurde. Der Tabak wurde gemischt und verarbeitet, um sich leicht, ansprechend und frisch anzufühlen.</p>
</div>
<div class=""info"">
<div class=""info""></div>
</div>
</div>",Morgondagg WP,Unisex,,,,,,,https://cdn.shopify.com/s/files/1/0072/0646/9679/products/kurbits-morgondagg-white-portion.png,,,,,3.90,,1,G,30,IN,3,3,3,,,,
,,KU-1005-1,Unisex,Title,Default Title,,,,,,,,,,3.90,,1,G,30,IN,3,3,3,,,Kurbits,Morgondagg WP
Cold Extreme WDP - Slim,"<meta charset=""utf-8"">
<div class=""item flex "">
<div class=""title""></div>
</div>
<div class=""item flex "">
<div class=""info"">
<div class=""info"">
<p>Oden's Extreme Cold Dry ist ein eiskalter Portionssnus mit einer minzigen Frische. Ganz besonders tritt ein Geschmack von Spearmint aus dem ansonsten traditionellen, erdnahen Tabakgeschmack hervor. Oden's Cold Dry ist ein sogenannter trockener Portionssnus, der nicht rinnt und ein noch erfrischenderes Gefühl bietet als andere Snus dieser Serie. Oden‘s zählt zusammen mit Siberia zu den beliebtesten Snusmarken der Schweiz.</p>
</div>
<div class=""info"">
<div class=""info"">
<div class=""item flex ""></div>
</div>
</div>
</div>
<div class=""info"">
<div class=""item flex ""></div>
</div>
</div>",Cold Extreme WDP - Slim,Unisex,,,,,,,https://cdn.shopify.com/s/files/1/0072/0646/9679/products/odens-cold-extreme-white-dry-slim-portion.png,,,,,4.60,,1,G,30,IN,3,3,3,,,,
,,OD-1015-1,Unisex,Title,Default Title,,,,,,,,,,4.60,,1,G,30,IN,3,3,3,,,Oden's,Cold Extreme WDP - Slim
Fäbodsnus WP,"<meta charset=""utf-8"">
<div class=""item flex "">
<div class=""title""></div>
</div>
<div class=""item flex "">
<div class=""info"">
<p>Der Kurbits Fäbodsnus (Bauernhof-Snus) vereint die traditionellen Aromen und Düfte der Älteren Generationen des Snushandwerks. Ein klarer Geschmack aus rustikalem Tabak trifft auf sonnenverwöhnte Blumenwiesen und klare Noten von Süsse und Vanille. Die nüchternen, aber auch praktischen Gegebenheiten der Landwirtschaft und ihre abegehärteten Besitzer geben die Inspiration für einen Snus mit einem sehr ausgeprägten Geschmack und Geruch.</p>
</div>
<div class=""info"">
<div class=""info""></div>
</div>
</div>",Fäbodsnus WP,Unisex,,,,,,,https://cdn.shopify.com/s/files/1/0072/0646/9679/products/kurbits-fabodsnus-white-portion.png,,,,,3.90,,1,G,30,IN,3,3,3,,,,
,,KU-2005-1,Unisex,Title,Default Title,,,,,,,,,,3.90,,1,G,30,IN,3,3,3,,,Kurbits,Fäbodsnus WP
White Fox Full Charge AW,"<meta charset=""utf-8"">
<div class=""item flex "">
<div class=""title"">
<div class=""info"">
<div class=""info"">
<p>Unter der Marke White Fox vertreibt der Produzent von <a href=""https://snushus.ch/collections/odens"" title=""Oden's"">Oden's</a> und <a href=""https://snushus.ch/collections/siberia"" title=""Siberia"">Siberia </a>(GN Tobacco) seine All White Portionsbeutel. Der White Fox Full Charge kommt mit einem eisigen Minzgeschmack im grossen Beutel.</p>
<p> </p>
<p> <span>Auf aromatisierter Zellulosebasis und völlig frei von Tabak kommen auch die</span><span> White Fox </span><span>Beutel im Slim Format. Ohne Tabak bedeutet ohne gewöhnungsbedürftigen Tabakgeruch sowie ohne jegliche Tabakschadstoffe - aktuell gibt es weltweit keine weniger schädliche Art, Nikotin zu konsumieren. All White Snus / Nicotine Pouches bietet sich deshalb vor allem Rauchern an, welche mit Rauchentwöhnung wie Nikotinpflaster, Nikotinkaugummi oder Nikotinspray nichts anfangen können.</span></p>
</div>
</div>
</div>
</div>
<div class=""item flex ""></div>",White Fox Full Charge AW,Unisex,,,,,,,https://cdn.shopify.com/s/files/1/0072/0646/9679/products/white-fox-full-charge-all-white.png,,,,,5.20,,1,G,30,IN,3,3,3,,,,
,,WF-2005-1,Unisex,Title,Default Title,,,,,,,,,,5.20,,1,G,30,IN,3,3,3,,,White Fox,White Fox Full Charge AW
Ettan OP,"<meta charset=""utf-8"">
<div class=""item flex "">
<div class=""title""></div>
</div>
<div class=""item flex "">
<div class=""info"">
<p><span>ETTAN - DAS ORIGINAL. Ettan Original Portion kommt mit traditionellem Tabakgeschmack. Voll, robust und leicht rauchig. Die Portionen sind geschmacksgefüllt aber aussenrum trocken und bieten langanhaltende Geschmacksfreisetzung. </span></p>
<p><span>Ettan ist Tradition und </span>eine der ältesten Snusmarken Schwedens. Das Rezept wurde <span>seit 1822 im Grossen und Ganzen nicht verändert. Der traditionelle Tabak-Geschmack ist hier etwas milder, weshalb die rauchigen Aromen gut zur Geltung kommen, des Weiteren können Einschläge von Heu, Teer und Malz und auch ein Hauch dunkler Schokolade erahnt werden. </span></p>
</div>
<div class=""info"">
<div class=""info""> </div>
</div>
</div>",Ettan OP,Unisex,,,,,,,https://cdn.shopify.com/s/files/1/0072/0646/9679/products/ettan-original-portion.png,,,,,5.90,0.00,1,G,30,IN,3,3,3,,,,
,,ET-1005-1,Unisex,Title,Default Title,,,,,,,,,,5.90,0.00,1,G,30,IN,3,3,3,,,Ettan,Ettan OP
Super White Red Rhuby #3 AW,"<meta charset=""utf-8"">
<div class=""item flex "">
<div class=""title""></div>
</div>
<div class=""item flex "">
<div class=""info"">
<p>Auf aromatisierter Zellulosebasis und völlig frei von Tabak kommen auch die Skruf Super White Beutel im Slim Format. Ohne Tabak bedeutet ohne gewöhnungsbedürftigen Tabakgeruch sowie ohne jegliche Tabakschadstoffe - aktuell gibt es weltweit keine weniger schädliche Art, Nikotin zu konsumieren. All White Snus / Nicotine Pouches bietet sich deshalb vor allem Rauchern an, welche mit Rauchentwöhnung wie Nikotinpflaster, Nikotinkaugummi oder Nikotinspray nichts anfangen können.<br></p>
</div>
<div class=""info"">
<div class=""info"">
<div class=""item flex "">
<div class=""title"">
<p> </p>
<p>Der Skruf Super White Red Rhuby<span> schmeckt nach frischem Rhabarber </span>und hat einen durchschnittlichen<span> </span>Nikotingehalt.</p>
</div>
<div class=""title""><br></div>
</div>
</div>
</div>
</div>",Super White Red Rhuby #3 AW,Unisex,,,,,,,https://cdn.shopify.com/s/files/1/0072/0646/9679/products/skruf-red-rhuby-3-super-white.png,,,,,5.20,,1,G,30,IN,3,3,3,,,,
,,SK-5005-1,Unisex,Title,Default Title,,,,,,,,,,5.20,,1,G,30,IN,3,3,3,,,Skruf,Super White Red Rhuby #3 AW
Black -80 Degrees OP,"<meta charset=""utf-8"">
<div class=""item flex"">
<div class=""title"">
<div class=""info"">
<p>NEU! Den beliebten Siberia gibt es nun auch in schwarz - schöne Dose und ein gewohnt starker Nikotinkick. Siberia Black -80 Degrees Original Portion ist ein Portionssnus mit einem sehr deutlichen Tabakgeschmack. Dieser Snus hat einen extrem hohen Nikotingehalt und eine Portion enthält mehr als fünfmal so viel Nikotin wie normal starker Snus (8 mg/g). Wird Menschen, die Nikotin gegenüber empfindlich sind, weniger empfohlen. Siberia zählt zusammen mit <a href=""https://snushus.ch/collections/odens"" title=""Odens"">Oden‘s</a> zu den beliebtesten Snusmarken der Schweiz. <span>Bei Fragen, Wünschen oder Anregungen </span><span>kannst du </span><span>uns </span><span>gerne auf der </span><span></span><a href=""https://snushus.ch/pages/kontakt"" title=""Kontakt"">Kontaktseite</a><span> s</span><span>chreiben</span><span>.</span></p>
</div>
</div>
</div>
<div class=""item flex""></div>",Black -80 Degrees OP,Unisex,,,,,,,https://cdn.shopify.com/s/files/1/0072/0646/9679/products/siberia-black-original-portion.png,,,,,5.20,,1,G,30,IN,3,3,3,,,,
,,SI-3005-1,Unisex,Title,Default Title,,,,,,,,,,5.20,,1,G,30,IN,3,3,3,,,Siberia,Black -80 Degrees OP
Original,"<meta charset=""utf-8"">
<div class=""item flex "">
<div class=""title"">
<div class=""info"">
<p><span>Ein rauchloses Tabakprodukt aus Dänemark. Geeignet als Ersatzprodukt für Zigaretten. Die kleinen Oliver Twist Tabakdragees entfalten ihre Wirkung unter der Lippe und stillen die Lust zu Rauchen.</span></p>
</div>
</div>
</div>
<div class=""item flex ""></div>",Original,Unisex,,,,,,,https://cdn.shopify.com/s/files/1/0072/0646/9679/products/original.png,,,,,6.40,,1,G,30,IN,3,3,3,,,,
,,OT-1000-1,Unisex,Menge auswählen,1 Dose à 6.40,,,,,,,,,,6.40,,1,G,30,IN,3,3,3,,,Oliver Twist,Original
General Extra Strong OP,"<meta charset=""utf-8"">
<div class=""item flex "">
<div class=""title"">
<div class=""info"">
<p><span>General Extra Stark Original Portion ist ein starker Snus mit kräftigem Tabakgeschmack. Dazu gesellt sich ein leichter Hauch von Citrus sowie Bergamotte und Tee. Als Teil der General-Serie ist dieser Snus ein absoluter Klassiker - hergestellt vom Marktführer Swedish Match.</span></p>
</div>
</div>
</div>
<div class=""item flex ""></div>",General Extra Strong OP,Unisex,,,,,,,https://cdn.shopify.com/s/files/1/0072/0646/9679/products/general-extra-strong-portion-gold-can.png,,,,,5.20,,1,G,300,IN,3,3,3,,,,
,,GE-1005-1,Unisex,Title,Default Title,,,,,,,,,,5.20,,1,G,300,IN,3,3,3,,,General,General Extra Strong OP
Cold Extreme WP - Slim,"<meta charset=""utf-8"">
<div class=""item flex"">
<div class=""title""></div>
</div>
<div class=""item flex"">
<div class=""info"">
<div class=""info"">
<p><span>Odens Cold Extreme Slim White Portion ist ein kraftvoller und starker Snus mit kühlen Aromen von echten Minzölen. Der Nikotingehalt beträgt 22 mg / g und die schlanken Portionen sind etwas kleiner und schmecken lange.</span></p>
</div>
<div class=""info"">
<div class=""info"">
<div class=""item flex""></div>
</div>
</div>
</div>
<div class=""info"">
<div class=""item flex""></div>
</div>
</div>",Cold Extreme WP - Slim,Unisex,,,,,,,https://cdn.shopify.com/s/files/1/0072/0646/9679/products/odens-white-slim-portion.png,,,,,4.60,,1,G,20,IN,3,3,3,,,,
,,OD-2015-1,Unisex,Title,Default Title,,,,,,,,,,4.60,,1,G,20,IN,3,3,3,,,Oden's,Cold Extreme WP - Slim
Double Mint Extreme WDP - Slim,"<meta charset=""utf-8"">
<div class=""item flex "">
<div class=""title""></div>
</div>
<div class=""item flex "">
<div class=""info"">
<div class=""info"">
<p>Odens Double Mint Extreme White Dry Portion Slim ist ein sogenannter ""White Dry"" Portionssnus. Die Portionen sind, wie der Name schon sagt, trockener als andere Sorten und haben einen hohen Nikotingehalt. Der Geschmack von Odens Double Mint ist von scharfer Natur mit überzeugenden Pfefferminzakzenten.</p>
</div>
<div class=""info"">
<div class=""info"">
<div class=""item flex ""></div>
</div>
</div>
</div>
<div class=""info"">
<div class=""item flex ""></div>
</div>
</div>",Double Mint Extreme WDP - Slim,Unisex,,,,,,,https://cdn.shopify.com/s/files/1/0072/0646/9679/products/odens-double-mint-white-dry-slim-portion.png,,,,,4.60,,1,G,30,IN,3,3,3,,,,
,,OD-5015-1,Unisex,Title,Default Title,,,,,,,,,,4.60,,1,G,30,IN,3,3,3,,,Oden's,Double Mint Extreme WDP - Slim
Melon WP - Slim,"<meta charset=""utf-8"">
<div class=""item flex "">
<div class=""title""></div>
</div>
<div class=""item flex "">
<div class=""info"">
<div class=""info"">
<p>Jakobssons Melon Slim White Dry Portion Snus ist ein geschmacksintensiver Snus, der trotz trockener, weisser Beutel durch seinen aromatischen Melonen-Geschmack überzeugt. Durch seinen niedrigen Feuchtigkeitsgehalt und dem hohen Nikotingehalt von 14 mg/g, ist er ein wahres Snus Erlebnis. Eine Dose beinhaltet 20 Beutel.</p>
</div>
<div class=""info"">
<div class=""info"">
<div class=""item flex ""></div>
</div>
</div>
</div>
<div class=""info"">
<div class=""item flex ""></div>
</div>
</div>",Melon WP - Slim,Unisex,,,,,,,https://cdn.shopify.com/s/files/1/0072/0646/9679/products/jakobssons-melon-white-slim-portion.png,,,,,4.60,,1,G,30,IN,3,3,3,,,,
,,JK-1015-1,Unisex,Title,Default Title,,,,,,,,,,4.60,,1,G,30,IN,3,3,3,,,Jakobssons,Melon WP - Slim
General Loose Extra Strong,"<meta charset=""utf-8"">
<div class=""item flex"">
<div class=""title"">
<div class=""info"">
<p>General Extra Stark Lös Snus / Loose Snus ist DAS ursprüngliche Snusprodukt, welches seit mehr als 200 Jahren produziert wird. Der kräftige Tabakgeschmack mit Spuren von Zitrusfrüchten, Bergamotte, Tee, getrockneten Gräser und Leder überzeugt durch seine natürliche Art. Ein Lös Snus, der einfach zu kneten ist und als absoluter Klassiker jedem Snus-Connoisseur zu empfehlen ist!</p>
</div>
</div>
</div>
<div class=""item flex""></div>",General Loose Extra Strong,Unisex,,,,,,,https://cdn.shopify.com/s/files/1/0072/0646/9679/products/general-extra-strong-loose.png,,,,,5.90,0.00,1,G,300,IN,3,3,3,,,,
,,GE-4005-1,Unisex,Title,Default Title,,,,,,,,,,5.90,0.00,1,G,300,IN,3,3,3,,,General,General Loose Extra Strong
Black -80 Degrees WDP,"<meta charset=""utf-8"">
<div class=""item flex"">
<div class=""title"">
<div class=""info"">
<p>Den beliebten schwarzen Siberia gibt es nun auch als White Dry Portion - schöne Dose und ein gewohnt starker Nikotinkick, einfach ohne Minz-/Mentholgeschmack. Siberia Black -80 Degrees White Dry Portion ist ein trockener Portionssnus mit einem sehr deutlichen Tabakgeschmack. Dieser Snus hat einen extrem hohen Nikotingehalt und eine Portion enthält mehr als fünfmal so viel Nikotin wie normal starker Snus (8 mg/g). Wird Menschen, die Nikotin gegenüber empfindlich sind, weniger empfohlen. Siberia zählt zusammen mit Oden‘s zu den beliebtesten Snusmarken der Schweiz. </p>
</div>
</div>
</div>
<div class=""item flex""></div>",Black -80 Degrees WDP,Unisex,,,,,,,https://cdn.shopify.com/s/files/1/0072/0646/9679/products/siberia-black-white-dry-portion.png,,,,,5.20,,1,G,30,IN,3,3,3,,,,
,,SI-4005-1,Unisex,Title,Default Title,,,,,,,,,,5.20,,1,G,30,IN,3,3,3,,,Siberia,Black -80 Degrees WDP
Black -80 Degrees WDP Slim,"<meta charset=""utf-8"">
<div class=""item flex"">
<div class=""title"">
<div class=""info"">
<p>Den beliebten schwarzen Siberia gibt es nun auch als White Dry Portion - schöne Dose und ein gewohnt starker Nikotinkick, einfach ohne Minz-/Mentholgeschmack.</p>
</div>
</div>
</div>
<div class=""item flex""></div>",Black -80 Degrees WDP Slim,Unisex,,,,,,,https://cdn.shopify.com/s/files/1/0072/0646/9679/products/siberia-black-white-dry-slim-portion.png,,,,,5.20,,1,G,30,IN,3,3,3,,,,
,,SI-4015-1,Unisex,Title,Default Title,,,,,,,,,,5.20,,1,G,30,IN,3,3,3,,,Siberia,Black -80 Degrees WDP Slim
Double Mint Extreme OP,"Odens Double Mint Extreme Original Portion ist ein Produkt für traditionelle Snuser.<br data-mce-fragment=""1"">Durch die feuchten Beutel kommt der Nikotingehalt noch besser zur Wirkung als bei vergleichbaren Oden's Produkten.<br data-mce-fragment=""1"">Bereits beim Öffnen der Dose macht sich der intensive Minz Geschmack bemerkbar - unter der Lippe wird dieser zusätzlich verstärkt. Ein perfektes Produkt für Minz-Liebhaber!",Double Mint Extreme OP,Unisex,,,,,,,https://cdn.shopify.com/s/files/1/0072/0646/9679/products/odens-double-mint-original-portion.png,,,,,4.80,0.00,1,G,30,IN,3,3,3,,,,
,,OD-6005-1,Unisex,Title,Default Title,,,,,,,,,,4.80,0.00,1,G,30,IN,3,3,3,,,Oden's,Double Mint Extreme OP
Peppermint AW,"<meta charset=""utf-8"">
<div class=""item flex"">
<div class=""title"">
<div class=""info"">
<div class=""info"">
<p>Unter der Marke White Fox vertreibt der Produzent von <a href=""https://snushus.ch/collections/odens"" title=""Oden's"">Oden's</a> und <a href=""https://snushus.ch/collections/siberia"" title=""Siberia"">Siberia </a>(GN Tobacco) seine All White Portionsbeutel. Der White Fox kommt mit einem eisigen Minzgeschmack im Slim Beutel.</p>
<p> </p>
<p>Auf aromatisierter Zellulosebasis und völlig frei von Tabak kommen auch die White Fox Beutel im Slim Format. Ohne Tabak bedeutet ohne gewöhnungsbedürftigen Tabakgeruch sowie ohne jegliche Tabakschadstoffe - aktuell gibt es weltweit keine weniger schädliche Art, Nikotin zu konsumieren. All White Snus / Nicotine Pouches bietet sich deshalb vor allem Rauchern an, welche mit Rauchentwöhnung wie Nikotinpflaster, Nikotinkaugummi oder Nikotinspray nichts anfangen können.</p>
</div>
</div>
</div>
</div>
<div class=""item flex""></div>",Peppermint AW,Unisex,,,,,,,https://cdn.shopify.com/s/files/1/0072/0646/9679/products/fe93b5a36240d50c4d88c4598d1928d1.jpg,,,,,5.20,0.00,1,G,30000,IN,3,3,3,,,,
,,WF-4005-1,Unisex,Title,Default Title,,,,,,,,,,5.20,0.00,1,G,30000,IN,3,3,3,,,White Fox,Peppermint AW
Blueberry Extra Strong AW,<span>Killa Blueberry Extra Strong Slim All White - schlanke Portionen mit süssem Heidelbeeraroma.</span>,Blueberry Extra Strong AW,Unisex,,,,,,,https://cdn.shopify.com/s/files/1/0072/0646/9679/products/2b2751bc8fc359606f682460463ded3a.jpg,,,,,5.20,0.00,1,G,28000,IN,3,3,3,,,,
,,KI-2005-1,Unisex,Title,Default Title,,,,,,,,,,5.20,0.00,1,G,28000,IN,3,3,3,,,Killa,Blueberry Extra Strong AW
Cold Mint Extra Strong AW,<span>Killa Cold Mint Extra Strong Slim All White - schlanke Portionen mit kühlendem Minzgeschmack.</span>,Cold Mint Extra Strong AW,Unisex,,,,,,,https://cdn.shopify.com/s/files/1/0072/0646/9679/products/c3a9d8486e1d81d69a40a5851c68db83.jpg,,,,,5.20,0.00,1,G,28000,IN,3,3,3,,,,
,,KI-1005-1,Unisex,Title,Default Title,,,,,,,,,,5.20,0.00,1,G,28000,IN,3,3,3,,,Killa,Cold Mint Extra Strong AW
Rot -80 Degrees WDP,"<meta charset=""utf-8"">
<div class=""item flex"">
<div class=""title"">
<div class=""info"">
<p>Siberia White Dry ist ein Portionssnus mit einem sehr deutlichen Minzgeschmack und erscheint in trockenen Portionen mit niedrigerem Feuchtigkeitsgehalt, weshalb er auch weniger rinnt. Dieser Snus hat einen extrem hohen Nikotingehalt und eine Portion enthält mehr als fünfmal so viel Nikotin wie normal starker Snus (8 mg/g). Wird Menschen, die Nikotin gegenüber empfindlich sind, weniger empfohlen. Siberia zählt zusammen mit <a href=""https://snushus.ch/collections/odens"" title=""Odens"">Oden‘s</a> zu den beliebtesten Snusmarken der Schweiz. <span>Bei Fragen, Wünschen oder Anregungen </span><span>kannst du </span><span>uns </span><span>gerne auf der </span><span></span><a href=""https://snushus.ch/pages/kontakt"" title=""Kontakt"">Kontaktseite</a><span> s</span><span>chreiben</span><span>.</span></p>
</div>
</div>
</div>
<div class=""item flex""></div>",Rot -80 Degrees WDP,Unisex,,,,,,,https://cdn.shopify.com/s/files/1/0072/0646/9679/products/siberia-red-white-dry-portion.png,,,,,5.20,,1,G,30,IN,3,3,3,,,,
,,SI-1005-1,Unisex,Title,Default Title,,,,,,,,,,5.20,,1,G,30,IN,3,3,3,,,Siberia,Rot -80 Degrees WDP
Rot -80 Degrees WDP - Slim,"<div class=""info"">
<div class=""info"">
<p>Siberia White Dry ist ein Portionssnus mit einem sehr deutlichen Minzgeschmack und erscheint in trockenen Portionen mit niedrigerem Feuchtigkeitsgehalt, weshalb er auch weniger rinnt. Dieser Snus hat einen extrem hohen Nikotingehalt und eine Portion enthält mehr als fünfmal so viel Nikotin wie normal starker Snus (8 mg/g). Wird Menschen, die Nikotin gegenüber empfindlich sind, weniger empfohlen. Siberia zählt zusammen mit <a href=""https://snushus.ch/collections/odens"" title=""Oden´s"">Oden‘s</a> zu den beliebtesten Snusmarken der Schweiz.<span> Bei Fragen, Wünschen oder Anregungen kannst du uns gerne auf der </span><span></span><a href=""https://snushus.ch/pages/kontakt"" title=""Kontakt"">Kontaktseite<span> </span></a><span>schreiben. </span></p>
</div>
<div class=""info"">
<div class=""info"">
<div class=""item flex ""></div>
</div>
</div>
</div>
<div class=""info"">
<div class=""info"">
<div class=""item flex ""></div>
</div>
</div>",Rot -80 Degrees WDP - Slim,Unisex,,,,,,,https://cdn.shopify.com/s/files/1/0072/0646/9679/products/siberia-red-white-dry-slim-portion.png,,,,,5.20,,1,G,30,IN,3,3,3,,,,
,,SI-1015-1,Unisex,Title,Default Title,,,,,,,,,,5.20,,1,G,30,IN,3,3,3,,,Siberia,Rot -80 Degrees WDP - Slim
Cold Extreme WDP,"<meta charset=""utf-8"">
<div class=""item flex "">
<div class=""title""></div>
</div>
<div class=""item flex "">
<div class=""info"">
<p>Oden's Cold Extreme WDP (<strong>White Dry Portion</strong>) ist ein eiskalter Portionssnus mit einer minzigen Frische. Ganz besonders tritt ein Geschmack von Spearmint aus dem ansonsten traditionellen, erdnahen Tabakgeschmack hervor. Oden's Cold Dry ist ein sogenannter trockener Portionssnus, der nicht rinnt und ein noch erfrischenderes Gefühl bietet als andere Snus dieser Serie. Odens zählt zusammen mit <a href=""https://snushus.ch/collections/siberia"" title=""Siberia"">Siberia </a>zu den beliebtesten Snusmarken der Schweiz. Bei Fragen, Wünschen oder Anregungen kannst du uns gerne auf der <a href=""https://snushus.ch/pages/kontakt"" title=""Kontakt"">Kontaktseite</a> schreiben.</p>
</div>
<div class=""info""></div>
<div class=""info"">
<div class=""info"">
<div class=""item flex ""></div>
</div>
</div>
</div>",Cold Extreme WDP,Unisex,,,,,,,https://cdn.shopify.com/s/files/1/0072/0646/9679/products/odens-cold-extreme-white-dry-portion.png,,,,,4.80,,1,G,30,IN,3,3,3,,,,
,,OD-1005-1,Unisex,Title,Default Title,,,,,,,,,,4.80,,1,G,30,IN,3,3,3,,,Oden's,Cold Extreme WDP
Freeze X-Strong AW,"<p>Auf aromatisierter Zellulosebasis und völlig frei von Tabak kommen auch die<span> VELO </span>Beutel im Slim Format. Ohne Tabak bedeutet ohne gewöhnungsbedürftigen Tabakgeruch sowie ohne jegliche Tabakschadstoffe - aktuell gibt es weltweit keine weniger schädliche Art, Nikotin zu konsumieren. All White Snus / Nicotine Pouches bietet sich deshalb vor allem Rauchern an, welche mit Rauchentwöhnung wie Nikotinpflaster, Nikotinkaugummi oder Nikotinspray nichts anfangen können.</p>
<div class=""info"">
<div class=""info"">
<div class=""item flex"">
<div class=""title"">
<p>Der VELO Freeze X-Strong kommt mit kühlendem Minzgeschmack und hohem Nikotingehalt.</p>
<p> </p>
<p>EPOK, LYFT oder VELO? <a href=""https://snushus.ch/blogs/snusbuch/epok-und-lyft-werden-ersetzt-mit-velo"">Hier findest Du alle Informationen zu diesem Thema!</a></p>
</div>
</div>
</div>
</div>",Freeze X-Strong AW,Unisex,,,,,,,https://cdn.shopify.com/s/files/1/0072/0646/9679/products/velo-freeze-x-strong-aw-se.png,,,,,5.20,,1,G,14,IN,3,3,3,,,,
,,VE-1005-1,Unisex,Title,Default Title,,,,,,,,,,5.20,,1,G,14,IN,3,3,3,,,VELO (SE),Freeze X-Strong AW
Rot -80 Degrees WDP 500g Box,"<meta charset=""utf-8"">
<div class=""item flex "">
<div class=""title"">
<div class=""info"">
<span>Siberia White Dry ist ein Portionssnus mit einem sehr deutlichen Minzgeschmack und erscheint in trockenen Portionen mit niedrigerem Feuchtigkeitsgehalt, weshalb er auch weniger rinnt. Dieser Snus hat einen extrem hohen Nikotingehalt und eine Portion enthält mehr als fünfmal so viel Nikotin wie normal starker Snus (8 mg/g). Wird Menschen, die Nikotin gegenüber empfindlich sind, weniger empfohlen. Siberia zählt zusammen mit </span><a href=""https://snushus.ch/collections/odens"" title=""Odens"">Oden‘s</a><span> zu den beliebtesten Snusmarken der Schweiz. </span><span>Bei Fragen, Wünschen oder Anregungen </span><span>kannst du </span><span>uns </span><span>gerne auf der </span><span></span><a href=""https://snushus.ch/pages/kontakt"" title=""Kontakt"">Kontaktseite</a><span> s</span><span>chreiben</span><span>.</span><br>
</div>
<div class=""info"">
<div class=""info"">
<div class=""item flex "">
<div class=""title""><br></div>
</div>
</div>
</div>
</div>
</div>
<div class=""item flex ""></div>",Rot -80 Degrees WDP 500g Box,Unisex,,,,,,,https://cdn.shopify.com/s/files/1/0072/0646/9679/products/siberia-red-white-dry-portion-box_cb63d63a-d779-4241-9616-ad928ef5f2c2.png,,,,,129.00,0.00,1,G,600,IN,3,3,3,,,,
,,SI-1025-1,Unisex,Title,Default Title,,,,,,,,,,129.00,0.00,1,G,600,IN,3,3,3,,,Siberia,Rot -80 Degrees WDP 500g Box
COLD,"<p>Der edel COLD ist das bisher stärkste All White Produkt auf dem Schweizer Markt. Diese einzigartige Minz-Menthol Mischung mit Frischebooster und 20 mg/g Nikotin wurde explizit für die Vorlieben der heimischen Konsumenten entwickelt. Mit der Kraft vom COLD kann kommen was wolle - immer und überall.</p>
<p><a title=""edelweiss All White Snus im Snushus kaufen! Schweizer Qualität, direkt aus der Schweiz versendet."" href=""https://snushus.ch/collections/edel-weiss-snus"">Hier findest Du sämtliche Varianten der edelweiss Linie</a><br></p>",COLD,Unisex,,,,,,,https://cdn.shopify.com/s/files/1/0072/0646/9679/products/edel-cold-all-white.png,,,,,6.90,,1,G,14,IN,3,3,3,,,,
,,ED-1010-1,Unisex,Title,Default Title,,,,,,,,,,6.90,,1,G,14,IN,3,3,3,,,Edel,COLD
Ice Cool Strong AW,"<p>Auf aromatisierter Zellulosebasis und völlig frei von Tabak kommen auch die<span> VELO</span> Beutel im Slim Format. Ohne Tabak bedeutet ohne gewöhnungsbedürftigen Tabakgeruch sowie ohne jegliche Tabakschadstoffe - aktuell gibt es weltweit keine weniger schädliche Art, Nikotin zu konsumieren. All White Snus / Nicotine Pouches bietet sich deshalb vor allem Rauchern an, welche mit Rauchentwöhnung wie Nikotinpflaster, Nikotinkaugummi oder Nikotinspray nichts anfangen können.<br></p>
<div class=""info"">
<div class=""info"">
<div class=""item flex"">
<div class=""title"">
<p>Der VELO Ice Cool Strong bietet mit intensivem Minzgeschmack eine kühlende Wirkung und mit 14 mg/g einen etwas höheren Nikotingehalt.</p>
<p><span>EPOK, LYFT oder VELO? </span><a href=""https://snushus.ch/blogs/snusbuch/epok-und-lyft-werden-ersetzt-mit-velo"">Hier findest Du alle Informationen zu diesem Thema!</a></p>
</div>
</div>
</div>
</div>",Ice Cool Strong AW,Unisex,,,,,,,https://cdn.shopify.com/s/files/1/0072/0646/9679/products/velo-ice-cool-strong-aw-se.png,,,,,5.20,,1,G,14,IN,3,3,3,,,,
,,VE-6005-1,Unisex,Title,Default Title,,,,,,,,,,5.20,,1,G,14,IN,3,3,3,,,VELO (SE),Ice Cool Strong AW
Cold Extreme WDP - Slim,"<meta charset=""utf-8"">
<div class=""item flex "">
<div class=""title""></div>
</div>
<div class=""item flex "">
<div class=""info"">
<div class=""info"">
<p>Oden's Extreme Cold Dry ist ein eiskalter Portionssnus mit einer minzigen Frische. Ganz besonders tritt ein Geschmack von Spearmint aus dem ansonsten traditionellen, erdnahen Tabakgeschmack hervor. Oden's Cold Dry ist ein sogenannter trockener Portionssnus, der nicht rinnt und ein noch erfrischenderes Gefühl bietet als andere Snus dieser Serie. Oden‘s zählt zusammen mit Siberia zu den beliebtesten Snusmarken der Schweiz.</p>
</div>
<div class=""info"">
<div class=""info"">
<div class=""item flex ""></div>
</div>
</div>
</div>
<div class=""info"">
<div class=""item flex ""></div>
</div>
</div>",Cold Extreme WDP - Slim,Unisex,,,,,,,https://cdn.shopify.com/s/files/1/0072/0646/9679/products/odens-cold-extreme-white-dry-slim-portion.png,,,,,4.60,,1,G,30,IN,3,3,3,,,,
,,OD-1015-1,Unisex,Title,Default Title,,,,,,,,,,4.60,,1,G,30,IN,3,3,3,,,Oden's,Cold Extreme WDP - Slim
Cold Extreme WDP 500g Box,"<meta charset=""utf-8"">
<div class=""item flex "">
<div class=""title"">
<div class=""info"">
<span>Oden's Cold Extreme WDP (</span><strong>White Dry Portion</strong><span>) ist ein eiskalter Portionssnus mit einer minzigen Frische. Ganz besonders tritt ein Geschmack von Spearmint aus dem ansonsten traditionellen, erdnahen Tabakgeschmack hervor. Oden's Cold Dry ist ein sogenannter trockener Portionssnus, der nicht rinnt und ein noch erfrischenderes Gefühl bietet als andere Snus dieser Serie. Odens zählt zusammen mit </span><a href=""https://snushus.ch/collections/siberia"" title=""Siberia"">Siberia<span> </span></a><span>zu den beliebtesten Snusmarken der Schweiz. Bei Fragen, Wünschen oder Anregungen kannst du uns gerne auf der </span><a href=""https://snushus.ch/pages/kontakt"" title=""Kontakt"">Kontaktseite</a><span> schreiben.</span>
</div>
<div class=""info"">
<div class=""info"">
<div class=""item flex ""></div>
</div>
</div>
</div>
</div>
<div class=""item flex ""></div>",Cold Extreme WDP 500g Box,Unisex,,,,,,,https://cdn.shopify.com/s/files/1/0072/0646/9679/products/odens-cold-extreme-white-dry-portion-box_0a9600d7-7d68-43ea-83dd-0cdfa830332f.png,,,,,119.00,0.00,1,G,600,IN,3,3,3,,,,
,,OD-1025-1,Unisex,Title,Default Title,,,,,,,,,,119.00,0.00,1,G,600,IN,3,3,3,,,Oden's,Cold Extreme WDP 500g Box
MELON,"<p>Falls du zur Abwechslung gerne was neues probieren möchtest, verzaubert der edel MELON deine Sinne. Neben dem Nikotinkick von 15mg/g vitalisiert er mit seinem einzigartigen Aroma den Mund und Körper. Kaugummis waren gestern!</p>
<p><a href=""https://snushus.ch/collections/edel-weiss-snus"" title=""edelweiss All White Snus im Snushus kaufen! Schweizer Qualität, direkt aus der Schweiz versendet."">Hier findest Du sämtliche Varianten der edelweiss Linie</a></p>",MELON,Unisex,,,,,,,https://cdn.shopify.com/s/files/1/0072/0646/9679/products/edel-melon-all-white.png,,,,,6.90,,1,G,14,IN,3,3,3,,,,
,,ED-3010-1,Unisex,Title,Default Title,,,,,,,,,,6.90,,1,G,14,IN,3,3,3,,,Edel,MELON
Africaine Bentchikou,<span>Makla Kautabake werden alle ohne künstliche Aroma- und Zusatzstoffe nach traditionellen Rezepturen hergestellt. Nimm mit den Fingern eine Portion heraus und kneten es zu einer kleinen Kugel. Platziere die Kugel dann unter Deiner Oberlippe. Der Makla Kautabak entfaltet seine volle Wirkung nach ca. 15 bis 60 Minuten. </span><br>,Africaine Bentchikou,Unisex,,,,,,,https://cdn.shopify.com/s/files/1/0072/0646/9679/products/makla-africaine-bentchikou.png,,,,,5.00,,1,G,30,IN,3,3,3,,,,
,,MA-1000-1,Unisex,Title,Default Title,,,,,,,,,,5.00,,1,G,30,IN,3,3,3,,,Makla,Africaine Bentchikou
Freeze X-Strong AW,"<p>Dürfen wir vorstellen: VELO Freeze X-Strong. Hier werden prickelnde Pfefferminze und eiskaltes Menthol zu einem intensiven Geschmackserlebnis. Im SLIM Format &amp; mittlerer Nikotinintensität.</p>
<p><span>EPOK, LYFT oder VELO? </span><span>Weitere Informationen dazu findest Du in </span><a href=""https://snushus.ch/blogs/snusbuch/was-ist-all-white-snus"" target=""_blank"">unserem Blog</a><span>.</span></p>",Freeze X-Strong AW,Unisex,,,,,,,https://cdn.shopify.com/s/files/1/0072/0646/9679/products/velo-freeze-x-strong-aw_a5a6c1fa-c069-4a16-b82d-80fe227b95c2.png,,,,,8.50,0.00,1,G,34800,IN,3,3,3,,,,
,,VL-4105-1,Unisex,Title,Default Title,,,,,,,,,,8.50,0.00,1,G,34800,IN,3,3,3,,,VELO (CH),Freeze X-Strong AW
Mint AW,"<p>Auf aromatisierter Zellulosebasis und völlig frei von Tabak kommen auch die LYFT Beutel im Slim Format. Ohne Tabak bedeutet ohne gewöhnungsbedürftigen Tabakgeruch sowie ohne jegliche Tabakschadstoffe - aktuell gibt es weltweit keine weniger schädliche Art, Nikotin zu konsumieren. All White Snus / Nicotine Pouches bietet sich deshalb vor allem Rauchern an, welche mit Rauchentwöhnung wie Nikotinpflaster, Nikotinkaugummi oder Nikotinspray nichts anfangen können.<br></p>
<div class=""info"">
<div class=""info"">
<div class=""item flex"">
<div class=""title"">
<p>Der Lyft Mint kommt mit kühlendem Minzgeschmack und gemässigtem Nikotingehalt.</p>
<p><span>EPOK, LYFT oder VELO? </span><a href=""https://snushus.ch/blogs/snusbuch/epok-und-lyft-werden-ersetzt-mit-velo"">Hier findest Du alle Informationen zu diesem Thema!</a></p>
</div>
</div>
</div>
</div>",Mint AW,Unisex,,,,,,,https://cdn.shopify.com/s/files/1/0072/0646/9679/products/velo-mint-aw-se.png,,,,,5.20,,1,G,14,IN,3,3,3,,,,
,,VE-7005-1,Unisex,Title,Default Title,,,,,,,,,,5.20,,1,G,14,IN,3,3,3,,,VELO (SE),Mint AW
Rot -80 Degrees WDP Slim 500g Box,"<meta charset=""utf-8"">
<div class=""item flex"">
<div class=""title"">
<div class=""info"">
<span>Siberia White Dry ist ein Portionssnus mit einem sehr deutlichen Minzgeschmack und erscheint in trockenen Portionen mit niedrigerem Feuchtigkeitsgehalt, weshalb er auch weniger rinnt. Dieser Snus hat einen extrem hohen Nikotingehalt und eine Portion enthält mehr als fünfmal so viel Nikotin wie normal starker Snus (8 mg/g). Wird Menschen, die Nikotin gegenüber empfindlich sind, weniger empfohlen. Siberia zählt zusammen mit </span><a href=""https://snushus.ch/collections/odens"" title=""Odens"">Oden‘s</a><span> zu den beliebtesten Snusmarken der Schweiz. </span><br>
</div>
<div class=""info"">
<div class=""info"">
<div class=""item flex"">
<div class=""title""><br></div>
</div>
</div>
</div>
</div>
</div>
<div class=""item flex""></div>",Rot -80 Degrees WDP Slim 500g Box,Unisex,,,,,,,https://cdn.shopify.com/s/files/1/0072/0646/9679/products/siberia-red-white-dry-portion-slim-box_b7645fc1-d0e2-4d9d-8616-daf0786a6c6a.png,,,,,139.00,0.00,1,G,500,IN,3,3,3,,,,
,,SI-1125-1,Unisex,Title,Default Title,,,,,,,,,,139.00,0.00,1,G,500,IN,3,3,3,,,Siberia,Rot -80 Degrees WDP Slim 500g Box
Ice Cool Strong AW,"<p>Probiere VELO Ice Cool und erlebe den Geschmack von prickelnder Pfefferminze in Kombination mit dem süssen Aroma von Polei-Minze.</p>
<p><span>EPOK, LYFT oder VELO? </span><span>Weitere Informationen dazu findest Du in </span><a href=""https://snushus.ch/blogs/snusbuch/was-ist-all-white-snus"" target=""_blank"">unserem Blog</a><span>.</span></p>",Ice Cool Strong AW,Unisex,,,,,,,https://cdn.shopify.com/s/files/1/0072/0646/9679/products/velo-ice-cool-strong-aw.png,,,,,8.50,0.00,1,G,34800,IN,3,3,3,,,,
,,VL-3605-1,Unisex,Title,Default Title,,,,,,,,,,8.50,0.00,1,G,34800,IN,3,3,3,,,VELO (CH),Ice Cool Strong AW
CITRUS,"<p>Diese Zitrusmischung wird dich begeistern! Suchst du nach einer neuen, erfrischender Art deinen Nikotinkick zu geniessen? Mit 15mg/g wirst du nicht mehr zur Zigarette greifen müssen. Alle edel Beutel kommen im Slim Format und passen auch den Ladies unter die Lippe.</p>
<p><a href=""https://snushus.ch/collections/edel-weiss-snus"" title=""edelweiss All White Snus im Snushus kaufen! Schweizer Qualität, direkt aus der Schweiz versendet."">Hier findest Du sämtliche Varianten der edelweiss Linie</a></p>",CITRUS,Unisex,,,,,,,https://cdn.shopify.com/s/files/1/0072/0646/9679/products/edel-citrus-all-white.png,,,,,6.90,,1,G,14,IN,3,3,3,,,,
,,ED-2010-1,Unisex,Title,Default Title,,,,,,,,,,6.90,,1,G,14,IN,3,3,3,,,Edel,CITRUS
Cold Extreme WP,"<meta charset=""utf-8"">
<div class=""item flex "">
<div class=""title""></div>
</div>
<div class=""item flex "">
<div class=""info"">
<p>Oden's Cold Extreme White Portion ist ein Portionssnus mit einem süssen Minzgeschmack und viel Nikotin. Das Tabakaroma ist hervorstechend und verleiht dem Snus einen traditionellen Geschmack, zusammen mit der Minze. <span>Zusammen mit </span><a href=""https://snushus.ch/collections/siberia"" title=""Siberia"">Siberia<span> </span></a><span>gehört Oden´s zu den beliebtesten Snus-Marken. </span><span>Bei Fragen, Wünschen oder Anregungen </span><span>kannst du </span><span>uns </span><span>gerne auf der </span><span></span><a href=""https://snushus.ch/pages/kontakt"" title=""Kontakt"">Kontaktseite</a><span> s</span><span>chreiben</span><span>.</span></p>
</div>
<div class=""info"">
<div class=""info"">
<div class=""item flex "">
<div class=""title""></div>
<div class=""title""></div>
</div>
</div>
</div>
</div>",Cold Extreme WP,Unisex,,,,,,,https://cdn.shopify.com/s/files/1/0072/0646/9679/products/odens-white-portion.png,,,,,4.80,,1,G,30,IN,3,3,3,,,,
,,OD-2005-1,Unisex,Title,Default Title,,,,,,,,,,4.80,,1,G,30,IN,3,3,3,,,Oden's,Cold Extreme WP
CBD MINT,"<p>Um dem Druck der modernen Gesellschaft nicht zu erliegen, darf die Entspannung nicht fehlen. Mit dem edel CBD MINT aus der ""edel weiss""-Reihe wird deshalb voller Stolz der weltweit erste CBD ALL WHITE Snus präsentiert. Diese Minz-Mischung enthält kein Nikotin. Die darin enthaltenen Cannabinoide (12mg/g CBD) verleihen dir ein nicht betäubendes Gefühl der Unbeschwertheit ohne Belastung deiner Lunge (THC-frei).</p>
<p><a href=""https://snushus.ch/collections/edel-weiss-snus"" title=""edelweiss All White Snus im Snushus kaufen! Schweizer Qualität, direkt aus der Schweiz versendet."">Hier findest Du sämtliche Varianten der edelweiss Linie</a></p>",CBD MINT,Unisex,,,,,,,https://cdn.shopify.com/s/files/1/0072/0646/9679/products/edel-cbd-mint-all-white.png,,,,,9.20,,1,G,14,IN,3,3,3,,,,
,,ED-5010-1,Unisex,Title,Default Title,,,,,,,,,,9.20,,1,G,14,IN,3,3,3,,,Edel,CBD MINT
Berry Frost X-Strong AW,"<p>VELO Berryfrost lässt Sommer und Winter aufeinandertreffen: Hier verschmilzt der Geschmack von saftigen Himbeeren, Blaubeeren und Brombeeren mit frischer Minze und eiskaltem Menthol. Im SLIM Format &amp; mittlerer Nikotinintensität.</p>
<p><span>EPOK, LYFT oder VELO? </span><span>Weitere Informationen dazu findest Du in </span><a href=""https://snushus.ch/blogs/snusbuch/was-ist-all-white-snus"" target=""_blank"">unserem Blog</a><span>.</span></p>",Berry Frost X-Strong AW,Unisex,,,,,,,https://cdn.shopify.com/s/files/1/0072/0646/9679/products/velo-berry-frost-x-strong-aw_66b72f9b-cb39-4be7-b93e-87ce1eb0121e.png,,,,,8.50,0.00,1,G,34800,IN,3,3,3,,,,
,,VL-4205-1,Unisex,Title,Default Title,,,,,,,,,,8.50,0.00,1,G,34800,IN,3,3,3,,,VELO (CH),Berry Frost X-Strong AW
ONYX,"Saftige Bergkräutermischung mit einem Hauch von Eukalyptus – nochmal deutlich mehr Kick als der beliebte edel COLD. Onyx ist nichts für schwache Gemüter, aber trotzdem unglaublich lecker.  Bist du bereit für den Kick? Feel Unique und tauche ein in die Welt von edel",ONYX,Unisex,,,,,,,https://cdn.shopify.com/s/files/1/0072/0646/9679/products/edel-onyx-all-white.png,,,,,6.90,0.00,1,G,28000,IN,3,3,3,,,,
,,ED-9010-1,Unisex,Title,Default Title,,,,,,,,,,6.90,0.00,1,G,28000,IN,3,3,3,,,edel,ONYX
Berry Frost X-Strong AW,"<p>Kühlender Geschmack von süssen Himbeeren, Heidelbeeren und Brombeeren mit leicht würzigen Tönen.</p>
<p>EPOK, LYFT oder VELO?! <br>Weitere Informationen dazu findest Du in <a href=""https://snushus.ch/blogs/snusbuch/was-ist-all-white-snus"" target=""_blank"" rel=""noopener noreferrer"">unserem Blog</a>.</p>",Berry Frost X-Strong AW,Unisex,,,,,,,https://cdn.shopify.com/s/files/1/0072/0646/9679/products/velo-berry-frost-x-strong-aw.png,,,,,6.90,,1,G,14,IN,3,3,3,,,,
,,VE-4205-1,Unisex,Title,Default Title,,,,,,,,,,6.90,,1,G,14,IN,3,3,3,,,VELO (SK),Berry Frost X-Strong AW
BERRY,Fruchtiger geht nicht. Bist du auf der Suche nach einem intensiven und lang anhaltenden Geschmackserlebnis? Dann wirst du den edel BERRY lieben. Mit gemässigten 10mg/g Nikotin erfüllt dieses Produkt auch Einsteigerwünsche.,BERRY,Unisex,,,,,,,https://cdn.shopify.com/s/files/1/0072/0646/9679/products/edel-berry-all-white.png,,,,,6.90,0.00,1,G,14000,IN,3,3,3,,,,
,,ED-4010-1,Unisex,Title,Default Title,,,,,,,,,,6.90,0.00,1,G,14000,IN,3,3,3,,,edel,BERRY
Cold Extreme WP - Slim,"<meta charset=""utf-8"">
<div class=""item flex"">
<div class=""title""></div>
</div>
<div class=""item flex"">
<div class=""info"">
<div class=""info"">
<p><span>Odens Cold Extreme Slim White Portion ist ein kraftvoller und starker Snus mit kühlen Aromen von echten Minzölen. Der Nikotingehalt beträgt 22 mg / g und die schlanken Portionen sind etwas kleiner und schmecken lange.</span></p>
</div>
<div class=""info"">
<div class=""info"">
<div class=""item flex""></div>
</div>
</div>
</div>
<div class=""info"">
<div class=""item flex""></div>
</div>
</div>",Cold Extreme WP - Slim,Unisex,,,,,,,https://cdn.shopify.com/s/files/1/0072/0646/9679/products/odens-white-slim-portion.png,,,,,4.60,,1,G,20,IN,3,3,3,,,,
,,OD-2015-1,Unisex,Title,Default Title,,,,,,,,,,4.60,,1,G,20,IN,3,3,3,,,Oden's,Cold Extreme WP - Slim
Super White Fresh Mint No.54 AW,"<meta charset=""utf-8"">
<div class=""item flex"">
<div class=""title""></div>
</div>
<div class=""item flex"">
<div class=""info"">
<p> </p>
<div class=""info"">
<p><span>Auf aromatisierter Zellulosebasis und völlig frei von Tabak kommen auch die Skruf Super White Beutel im Slim Format. Ohne Tabak bedeutet ohne gewöhnungsbedürftigen Tabakgeruch sowie ohne jegliche Tabakschadstoffe - aktuell gibt es weltweit keine weniger schädliche Art, Nikotin zu konsumieren. All White Snus / Nicotine Pouches bietet sich deshalb vor allem Rauchern an, welche mit Rauchentwöhnung wie Nikotinpflaster, Nikotinkaugummi oder Nikotinspray nichts anfangen können.<br></span></p>
<p> </p>
<p>Der Skruf Super White Fresh schmeckt nach frischer Minze und hat einen hohen Nikotingehalt - den höchsten der Skruf Super White Linie.</p>
<p> </p>
</div>
<div class=""info"">
<div class=""info"">
<div class=""item flex"">
<div class=""title""></div>
</div>
</div>
</div>
</div>
<div class=""info"">
<div class=""info"">
<div class=""item flex"">
<div class=""title"">
<div class=""info"">
<p>Der Artikel erscheint in einem neuen Design, hat jedoch die selbe Rezeptur wie der alt bekannte Skruf Super White Fresh #4 AW</p>
</div>
<div class=""info"">
<div class=""info"">
<div class=""item flex"">
<div class=""title""></div>
</div>
</div>
</div>
</div>
<div class=""title""><br></div>
</div>
</div>
</div>
</div>",Super White Fresh Mint No.54 AW,Unisex,,,,,,,https://cdn.shopify.com/s/files/1/0072/0646/9679/products/Skruf_Superwhite_no54_xtra.jpg,,,,,5.20,,1,G,30,IN,3,3,3,,,,
,,SK-1005-1,Unisex,Title,Default Title,,,,,,,,,,5.20,,1,G,30,IN,3,3,3,,,Skruf,Super White Fresh Mint No.54 AW
Mint AW,"<p>Nimm dir einen Moment Zeit und geniesse die erfrischende Kombination aus süsser Minze und kühlem Menthol. Im SLIM Format &amp; leichter Nikotinintensität.</p>
<p><span>EPOK, LYFT oder VELO? </span><span>Weitere Informationen dazu findest Du in </span><a href=""https://snushus.ch/blogs/snusbuch/was-ist-all-white-snus"" target=""_blank"">unserem Blog</a><span>.</span></p>",Mint AW,Unisex,,,,,,,https://cdn.shopify.com/s/files/1/0072/0646/9679/products/velo-mint-aw.png,,,,,8.50,0.00,1,G,34800,IN,3,3,3,,,,
,,VL-3705-1,Unisex,Title,Default Title,,,,,,,,,,8.50,0.00,1,G,34800,IN,3,3,3,,,VELO (CH),Mint AW
No.5 Ice Tea Peach,"Après No.5 Ice Tea Peach ist ein köstlicher, vollmundiger Eistee mit einem Geschmack von süssem Pfirsich mit einem Hauch von schwarzem Tee. Fast so, als hätten Sie eine grosse Karaffe direkt in einen weichen kleinen Beutel gegossen.",No.5 Ice Tea Peach,Unisex,,,,,,,https://cdn.shopify.com/s/files/1/0072/0646/9679/products/apres-no-5-ice-tea-peach-aw.png,,,,,5.20,0.00,1,G,1,IN,3,3,3,,,,
,,AP-5005-1,Unisex,Title,Default Title,,,,,,,,,,5.20,0.00,1,G,1,IN,3,3,3,,,Après,No.5 Ice Tea Peach
Soldat Extreme WDP,"<meta charset=""utf-8"">
<div class=""item flex"">
<div class=""title""></div>
</div>
<div class=""item flex"">
<div class=""info"">
<p>Soldat Extreme - für die langen Tage auf dem Feld!<br><br>Mit seinen unglaublichen 45 mg/g Nikotingehalt gibt er jedem Snuser einen unverwechselbaren, lang anhaltenden Kick. Unter der Lippe fühlen sich die Beutel sehr geschmeidig an und der Minz/Menthol Geschmack kommt angenehm zur Geltung. Ideal für lange Einsätze im Militär oder für Siberia-Snuser, die gerne mal etwas Neues probieren möchten...</p>
<p> </p>
</div>
<div class=""info"">
<div class=""info""></div>
</div>
</div>",Soldat Extreme WDP,Unisex,,,,,,,https://cdn.shopify.com/s/files/1/0072/0646/9679/products/soldat-black-extreme-white-dry-portion.png,,,,,3.90,,1,G,30,IN,3,3,3,,,,
,,SO-3005-1,Unisex,Title,Default Title,,,,,,,,,,3.90,,1,G,30,IN,3,3,3,,,Soldat,Soldat Extreme WDP
Berry Frost Mini AW,"<p>VELO Berryfrost lässt Sommer und Winter aufeinandertreffen: Hier verschmilzt der Geschmack von saftigen Himbeeren, Blaubeeren und Brombeeren mit frischer Minze und eiskaltem Menthol. Im MINI Format &amp; leichter Nikotinintensität.</p>
<p> </p>
<p><span>EPOK, LYFT oder VELO? </span><span>Weitere Informationen dazu findest Du in </span><a href=""https://snushus.ch/blogs/snusbuch/was-ist-all-white-snus"" target=""_blank"">unserem Blog</a><span>.</span></p>",Berry Frost Mini AW,Unisex,,,,,,,https://cdn.shopify.com/s/files/1/0072/0646/9679/products/velo-mini-berry-frost-medium-aw.png,,,,,6.90,0.00,1,G,20000,IN,3,3,3,,,,
,,VL-1205-1,Unisex,Title,Default Title,,,,,,,,,,6.90,0.00,1,G,20000,IN,3,3,3,,,VELO (CH),Berry Frost Mini AW
Mini Easy Mint AW,"<p>Auf aromatisierter Zellulosebasis und völlig frei von Tabak kommen die VELO Beutel neu auch im Mini Format. Ohne Tabak bedeutet ohne gewöhnungsbedürftigen Tabakgeruch sowie ohne jegliche Tabakschadstoffe - aktuell gibt es weltweit keine weniger schädliche Art, Nikotin zu konsumieren. All White Snus / Nicotine Pouches bietet sich deshalb vor allem Rauchern an, welche mit Rauchentwöhnung wie Nikotinpflaster, Nikotinkaugummi oder Nikotinspray nichts anfangen können.<br></p>
<div class=""info"">
<div class=""info"">
<div class=""item flex"">
<div class=""title"">
<p>Der VELO Easy Mint Mini kommt mit süssem Minzgeschmack und tiefem Nikotingehalt.</p>
<p><span>EPOK, LYFT oder VELO? </span><a href=""https://snushus.ch/blogs/snusbuch/epok-und-lyft-werden-ersetzt-mit-velo"">Hier findest Du alle Informationen zu diesem Thema!</a></p>
</div>
</div>
</div>
</div>",Mini Easy Mint AW,Unisex,,,,,,,https://cdn.shopify.com/s/files/1/0072/0646/9679/products/velo-Mini-easy-mint-AW.png,,,,,5.20,,1,G,10,IN,3,3,3,,,,
,,VE-9005-1,Unisex,Title,Default Title,,,,,,,,,,5.20,,1,G,10,IN,3,3,3,,,VELO (SE),Mini Easy Mint AW
Mini Royal Purple AW,"<p>Auf aromatisierter Zellulosebasis und völlig frei von Tabak kommen auch die<span> VELO </span>Beutel im Slim Format. Ohne Tabak bedeutet ohne gewöhnungsbedürftigen Tabakgeruch sowie ohne jegliche Tabakschadstoffe - aktuell gibt es weltweit keine weniger schädliche Art, Nikotin zu konsumieren. All White Snus / Nicotine Pouches bietet sich deshalb vor allem Rauchern an, welche mit Rauchentwöhnung wie Nikotinpflaster, Nikotinkaugummi oder Nikotinspray nichts anfangen können.<br></p>
<div class=""info"">
<div class=""info"">
<div class=""item flex"">
<div class=""title"">
<p>Der VELO Mini Royal Purple ist das neuste Produkt von VELO mit Geschmack von roten Trauben und kommt in extra kleinen Beuteln (Mini) für eine noch diskretere Anwendung.</p>
<p><span>EPOK, LYFT oder VELO? </span><a href=""https://snushus.ch/blogs/snusbuch/epok-und-lyft-werden-ersetzt-mit-velo"">Hier findest Du alle Informationen zu diesem Thema!</a></p>
</div>
</div>
</div>
</div>",Mini Royal Purple AW,Unisex,,,,,,,https://cdn.shopify.com/s/files/1/0072/0646/9679/products/velo-Mini-Royal-Purple-AW.png,,,,,5.20,,1,G,10,IN,3,3,3,,,,
,,VE-1405-1,Unisex,Title,Default Title,,,,,,,,,,5.20,,1,G,10,IN,3,3,3,,,VELO (SE),Mini Royal Purple AW
No.4 Cola,"<p>Après No.4 Cola ist ab sofort dein neuer Favorit. Ein Geschmack, der die Nostalgie von Cola verspricht, wie wir sie alle kennen und lieben. Ein sinnliches Erlebnis, welches am liebsten niemehr enden sollte.</p>
<p> </p>
<p><strong>ÜBER APRÈS</strong><br>Après ist eine Premiummarke aus Stockholm, Schweden, die bestrebt ist, einzigartige und raffinierte Aromen in einem zeitlosen Design zu entwickeln. <br>Unsere Produkte strahlen Innovation, Schönheit und Qualität aus.<br><br>Die Mission ist es, Gefühle und Erinnerungen mit Stil einzufangen und sich deutlich von anderen Alternativen zu unterscheiden. Alles, um Ihnen ein optimales Erlebnis zu bieten und gleichzeitig die Umwelt zu schonen. Unsere Produkte und Verpackungen werden aus pflanzlichen Materialien hergestellt.<br><br>Alle <a href=""http://snushus.ch/collections/apres"">Après-Produkte</a> werden in Stockholm, Schweden, entwickelt und produziert.<br><br>Wir haben Après als Premiummarke geschaffen, bei der wir uns bemühen, einzigartige und raffinierte Aromen in einem zeitlosen Design zu entwickeln. Innovation, Ästhetik und Qualität sind die Werte, die uns leiten.</p>",No.4 Cola,Unisex,,,,,,,https://cdn.shopify.com/s/files/1/0072/0646/9679/products/apres-no-4-cola-aw.png,,,,,5.20,0.00,1,G,1,IN,3,3,3,,,,
,,AP-4005-1,Unisex,Title,Default Title,,,,,,,,,,5.20,0.00,1,G,1,IN,3,3,3,,,Après,No.4 Cola
Tropic Breeze X-Strong AW,"<p>Aromatisiert mit exotischer Mandarine, Passionsfrucht und Mango, die an den Sommer erinnern.</p>
<p>EPOK, LYFT oder VELO?! <br>Weitere Informationen dazu findest Du in <a href=""https://snushus.ch/blogs/snusbuch/was-ist-all-white-snus"" target=""_blank"" rel=""noopener noreferrer"">unserem Blog</a>.</p>",Tropic Breeze X-Strong AW,Unisex,,,,,,,https://cdn.shopify.com/s/files/1/0072/0646/9679/products/velo-tropic-breeze-x-strong-aw.png,,,,,6.90,,1,G,14,IN,3,3,3,,,,
,,VE-4805-1,Unisex,Title,Default Title,,,,,,,,,,6.90,,1,G,14,IN,3,3,3,,,VELO (SK),Tropic Breeze X-Strong AW
White Fox Double Mint AW,"<meta charset=""utf-8"">
<div class=""item flex "">
<div class=""title"">
<div class=""info"">
<div class=""info"">
<p>Unter der Marke White Fox vertreibt der Produzent von <a href=""https://snushus.ch/collections/odens"" title=""Oden's"">Oden's</a> und <a href=""https://snushus.ch/collections/siberia"" title=""Siberia"">Siberia </a>(GN Tobacco) seine All White Portionsbeutel. Der White Fox Double Mint kommt mit einem frischen Geschmack nach Minze und Menthol im Slim Beutel.</p>
<p> </p>
<p><span>Auf aromatisierter Zellulosebasis und völlig frei von Tabak kommen auch die</span><span> White Fox </span><span>Beutel im Slim Format. Ohne Tabak bedeutet ohne gewöhnungsbedürftigen Tabakgeruch sowie ohne jegliche Tabakschadstoffe - aktuell gibt es weltweit keine weniger schädliche Art, Nikotin zu konsumieren. All White Snus / Nicotine Pouches bietet sich deshalb vor allem Rauchern an, welche mit Rauchentwöhnung wie Nikotinpflaster, Nikotinkaugummi oder Nikotinspray nichts anfangen können.</span></p>
</div>
</div>
</div>
</div>
<div class=""item flex ""></div>",White Fox Double Mint AW,Unisex,,,,,,,https://cdn.shopify.com/s/files/1/0072/0646/9679/products/white-fox-double-mint-all-white.png,,,,,5.20,,1,G,30,IN,3,3,3,,,,
,,WF-3005-1,Unisex,Title,Default Title,,,,,,,,,,5.20,,1,G,30,IN,3,3,3,,,White Fox,White Fox Double Mint AW
Rot -80 Degrees WDP - Mini,"<div class=""info"">
<div class=""info""><p>Siberia White Dry ist ein Portionssnus mit einem sehr deutlichen Minzgeschmack und erscheint in trockenen Portionen mit niedrigerem Feuchtigkeitsgehalt, weshalb er auch weniger rinnt. Dieser Snus hat einen extrem hohen Nikotingehalt und eine Portion enthält mehr als fünfmal so viel Nikotin wie normal starker Snus (8 mg/g). Wird Menschen, die Nikotin gegenüber empfindlich sind, weniger empfohlen. Siberia zählt zusammen mit <a href=""https://snushus.ch/collections/odens"" title=""Oden´s"">Oden‘s</a> zu den beliebtesten Snusmarken der Schweiz.<span> Bei Fragen, Wünschen oder Anregungen kannst du uns gerne auf der </span><span></span><a href=""https://snushus.ch/pages/kontakt"" title=""Kontakt"">Kontaktseite<span> </span></a><span>schreiben. </span></p></div>
<div class=""info""><div class=""info""><div class=""item flex ""></div></div></div>
</div><div class=""info""><div class=""info""><div class=""item flex ""></div></div></div>",Rot -80 Degrees WDP - Mini,Unisex,,,,,,,https://cdn.shopify.com/s/files/1/0072/0646/9679/products/siberia-red-white-dry-portion-mini.png,,,,,4.90,0.00,1,G,9,IN,3,3,3,,,,
,,SI-1115-1,Unisex,Title,Default Title,,,,,,,,,,4.90,0.00,1,G,9,IN,3,3,3,,,Siberia,Rot -80 Degrees WDP - Mini
Polar Mint Easy Mini AW,"<p>Nimm dir einen Moment Zeit und geniesse die erfrischende Kombination aus süsser Minze und kühlem Menthol. Im MINI Format &amp; mit der leichtesten Nikotinintensität.</p>
<p><span>EPOK, LYFT oder VELO? </span><span>Weitere Informationen dazu findest Du in </span><a href=""https://snushus.ch/blogs/snusbuch/was-ist-all-white-snus"" target=""_blank"">unserem Blog</a><span>.</span></p>",Polar Mint Easy Mini AW,Unisex,,,,,,,https://cdn.shopify.com/s/files/1/0072/0646/9679/products/velo-polar-mint-mini-aw.png,,,,,6.90,0.00,1,G,20000,IN,3,3,3,,,,
,,VL-1305-1,Unisex,Title,Default Title,,,,,,,,,,6.90,0.00,1,G,20000,IN,3,3,3,,,VELO (CH),Polar Mint Easy Mini AW
MINT,Der wohl beliebteste Snus-Geschmack Minze ist ab sofort in der edelweiss-Linie des Schweizer Snus Brands edelsnus auch mit tieferem Nikotingehalt vertreten!<br>Der edel Mint All White kommt mit angenehmen 10 mg/g Nikotin und ist damit ein perfekter Alltags-Snus.,MINT,Unisex,,,,,,,https://cdn.shopify.com/s/files/1/0072/0646/9679/products/edel-mint-all-white.png,,,,,6.90,0.00,1,G,1,IN,3,3,3,,,,
,,ED-7010-1,Unisex,Title,Default Title,,,,,,,,,,6.90,0.00,1,G,1,IN,3,3,3,,,edel,MINT
Winterchill X-Strong AW,"<p>Auf aromatisierter Zellulosebasis und völlig frei von Tabak kommen auch die VELO Beutel im Slim Format. Ohne Tabak bedeutet ohne gewöhnungsbedürftigen Tabakgeruch sowie ohne jegliche Tabakschadstoffe - aktuell gibt es weltweit keine weniger schädliche Art, Nikotin zu konsumieren. All White Snus / Nicotine Pouches bietet sich deshalb vor allem Rauchern an, welche mit Rauchentwöhnung wie Nikotinpflaster, Nikotinkaugummi oder Nikotinspray nichts anfangen können.<br></p>
<div class=""info"">
<div class=""info"">
<div class=""item flex"">
<div class=""title"">
<p>Der VELO Winterchill X-Strong kommt mit kühlendem Geschmack von Wintergreen und erhöhtem Nikotingehalt.</p>
<p><span>EPOK, LYFT oder VELO? </span><a href=""https://snushus.ch/blogs/snusbuch/epok-und-lyft-werden-ersetzt-mit-velo"">Hier findest Du alle Informationen zu diesem Thema!</a></p>
</div>
</div>
</div>
</div>",Winterchill X-Strong AW,Unisex,,,,,,,https://cdn.shopify.com/s/files/1/0072/0646/9679/products/velo-winterchill-x-strong-aw.png,,,,,5.20,,1,G,14,IN,3,3,3,,,,
,,VE-2005-1,Unisex,Title,Default Title,,,,,,,,,,5.20,,1,G,14,IN,3,3,3,,,VELO (SE),Winterchill X-Strong AW
Traube-Minze AW,"La Fruteria - Traube Minze wurde kreiert um den beliebtesten Shisha Geschmack in einen Pouch zu packen. Ganz nach dem Gusto von allen Wasserpfeifen Liebhabern. Frisch und trotzdem fruchtig, dazu sehr stark - ohne dass das Produkt gleichzeitig gefährlich ist wie zum Beispiel <a href=""https://snushus.ch/blogs/snusbuch/supreme-snus-co-nikotingehalt-erklart-das-problem-im-uberblick"">Supreme Snus</a>, da es in der Schweiz produziert wird",Traube-Minze AW,Unisex,,,,,,,https://cdn.shopify.com/s/files/1/0072/0646/9679/products/la-fruteria-traube-minze-aw.png,,,,,7.90,0.00,1,G,14,IN,3,3,3,,,,
,,LF-1000-1,Unisex,Title,Default Title,,,,,,,,,,7.90,0.00,1,G,14,IN,3,3,3,,,La Fruteria,Traube-Minze AW
Black -80 Degrees OP,"<meta charset=""utf-8"">
<div class=""item flex"">
<div class=""title"">
<div class=""info"">
<p>NEU! Den beliebten Siberia gibt es nun auch in schwarz - schöne Dose und ein gewohnt starker Nikotinkick. Siberia Black -80 Degrees Original Portion ist ein Portionssnus mit einem sehr deutlichen Tabakgeschmack. Dieser Snus hat einen extrem hohen Nikotingehalt und eine Portion enthält mehr als fünfmal so viel Nikotin wie normal starker Snus (8 mg/g). Wird Menschen, die Nikotin gegenüber empfindlich sind, weniger empfohlen. Siberia zählt zusammen mit <a href=""https://snushus.ch/collections/odens"" title=""Odens"">Oden‘s</a> zu den beliebtesten Snusmarken der Schweiz. <span>Bei Fragen, Wünschen oder Anregungen </span><span>kannst du </span><span>uns </span><span>gerne auf der </span><span></span><a href=""https://snushus.ch/pages/kontakt"" title=""Kontakt"">Kontaktseite</a><span> s</span><span>chreiben</span><span>.</span></p>
</div>
</div>
</div>
<div class=""item flex""></div>",Black -80 Degrees OP,Unisex,,,,,,,https://cdn.shopify.com/s/files/1/0072/0646/9679/products/siberia-black-original-portion.png,,,,,5.20,,1,G,30,IN,3,3,3,,,,
,,SI-3005-1,Unisex,Title,Default Title,,,,,,,,,,5.20,,1,G,30,IN,3,3,3,,,Siberia,Black -80 Degrees OP
Arctic Blast AW,"<p>VID ist die neuste Kreation vom Hause Kurbits Snus AB - kräftige Schweizer Aromen treffen auf schwedisches Snus Know How. Die Arctiv Blast Nikotinbeutel bestechen mit ihrem frischen Menthol, Minze Geschmack und einem hohen Nikotingehalt von 20 mg/g! Die Slim Beutel fühlen sich angenehm unter der Lippe an und können helfen, die Zigarette zu vergessen. ;-)</p>
<p>Auf aromatisierter Zellulosebasis und völlig frei von Tabak kommen auch die VID Beutel im Slim Format. Ohne Tabak bedeutet ohne gewöhnungsbedürftigen Tabakgeruch sowie ohne jegliche Tabakschadstoffe - aktuell gibt es weltweit keine weniger schädliche Art, Nikotin zu konsumieren. All White Snus / Nicotine Pouches bietet sich deshalb vor allem Rauchern an, welche mit Rauchentwöhnung wie Nikotinpflaster, Nikotinkaugummi oder Nikotinspray nichts anfangen können.</p>",Arctic Blast AW,Unisex,,,,,,,https://cdn.shopify.com/s/files/1/0072/0646/9679/products/VID-Arctic-Blast-AW.png,,,,,3.90,,1,G,1,IN,3,3,3,,,,
,,VI-1005-1,Unisex,Title,Default Title,,,,,,,,,,3.90,,1,G,1,IN,3,3,3,,,VID,Arctic Blast AW
Watermelon AW,"<p>VID ist die neuste Kreation vom Hause Kurbits Snus AB - kräftige Schweizer Aromen treffen auf schwedisches Snus Know How. Herrliches Sommerfeeling verleiht der VID Watermelon All White mit einem fruchtigen Aroma von Wassermelone.</p>
<p>Auf aromatisierter Zellulosebasis und völlig frei von Tabak kommen auch die VID Beutel im Slim Format. Ohne Tabak bedeutet ohne gewöhnungsbedürftigen Tabakgeruch sowie ohne jegliche Tabakschadstoffe - aktuell gibt es weltweit keine weniger schädliche Art, Nikotin zu konsumieren. All White Snus / Nicotine Pouches bietet sich deshalb vor allem Rauchern an, welche mit Rauchentwöhnung wie Nikotinpflaster, Nikotinkaugummi oder Nikotinspray nichts anfangen können.</p>
<div class=""info"">
<div class=""info"">
<div class=""item flex"">
<div class=""title""></div>
</div>
</div>
</div>",Watermelon AW,Unisex,,,,,,,https://cdn.shopify.com/s/files/1/0072/0646/9679/products/VID-Watermelon-AW.png,,,,,3.90,,1,G,1,IN,3,3,3,,,,
,,VI-2005-1,Unisex,Title,Default Title,,,,,,,,,,3.90,,1,G,1,IN,3,3,3,,,VID,Watermelon AW
Frosted WDP - Slim,"<meta charset=""utf-8"">
<div class=""item flex "">
<div class=""title"">
<div class=""info"">
<p><span>Thunder Frosted Slim White Dry Portion ist ein kraftvoller Snus, wie die meisten der Thunder Serie. Im Slim Format liegt er angenehm unter der Lippe und als White Dry Portion rinnt er sehr wenig. Hergestellt wird dieser Snus von V2 in Dänemark.</span></p>
</div>
</div>
</div>
<div class=""item flex ""></div>",Frosted WDP - Slim,Unisex,,,,,,,https://cdn.shopify.com/s/files/1/0072/0646/9679/products/thunder-frosted-slim-white-dry-portion.png,,,,,4.80,,1,G,30,IN,3,3,3,,,,
,,TH-4005-1,Unisex,Title,Default Title,,,,,,,,,,4.80,,1,G,30,IN,3,3,3,,,Thunder,Frosted WDP - Slim
X WDP - Slim,"<meta charset=""utf-8"">
<div class=""item flex "">
<div class=""title"">
<div class=""info"">
<p>Thunder X Slim White Dry Portion ist, wie die meisten der Thunder Produkte, ein sehr starker Snus und rinnt als White Dry Portion sehr wenig. Mit klassischem Minzgeschmack und seinem hohen Nikotingehalt ist dieser Snus nur erfahrenen Snuser zu empfehlen.</p>
</div>
</div>
</div>
<div class=""item flex ""></div>",X WDP - Slim,Unisex,,,,,,,https://cdn.shopify.com/s/files/1/0072/0646/9679/products/thunder-x-slim-white-dry-portion.png,,,,,4.80,,1,G,30,IN,3,3,3,,,,
,,TH-3005-1,Unisex,Title,Default Title,,,,,,,,,,4.80,,1,G,30,IN,3,3,3,,,Thunder,X WDP - Slim
Hugo X-Strong AW,"<p>Der perfekte Mix aus reichhaltiger Holunderblüte und erfrischender Minze. Im Slim-Format &amp; mittlerer Nikotinintensität.</p>
<p><span>EPOK, LYFT oder VELO? </span><span>Weitere Informationen dazu findest Du in </span><a href=""https://snushus.ch/blogs/snusbuch/was-ist-all-white-snus"" target=""_blank"">unserem Blog</a><span>.</span></p>",Hugo X-Strong AW,Unisex,,,,,,,https://cdn.shopify.com/s/files/1/0072/0646/9679/products/velo-hugo-x-strong-aw.png,,,,,8.50,0.00,1,G,34800,IN,3,3,3,,,,
,,VL-4905-1,Unisex,Title,Default Title,,,,,,,,,,8.50,0.00,1,G,34800,IN,3,3,3,,,VELO (CH),Hugo X-Strong AW
Original Portion,"<meta charset=""utf-8"">
<div class=""item flex"">
<div class=""title""></div>
</div>
<div class=""item flex"">
<div class=""info"">
<p>Göteborgs Rapé ist ein absoluter Klassiker aus Schweden und wird dort seit mehr als 100 Jahren hergestellt. Heller Tabakgeschmack mit Spuren von Citrus und Lavendel tragen zum unverwechselbaren Geschmack dieses Produkts bei. Als Original Portion ist dieser Snus feucht und erlaubt somit ein intensiveres Geschmackserlebnis.</p>
</div>
<div class=""info""></div>
</div>",Original Portion,Unisex,,,,,,,https://cdn.shopify.com/s/files/1/0072/0646/9679/products/goteborgs-rape-original-portion.png,,,,,5.90,,1,G,30,IN,3,3,3,,,,
,,GR-1005-1,Unisex,Title,Default Title,,,,,,,,,,5.90,,1,G,30,IN,3,3,3,,,Göteborgs Rapé,Original Portion
Super White Fresh Mint No.55 AW,"<meta charset=""utf-8"">
<div class=""item flex"">
<div class=""title""></div>
</div>
<div class=""item flex"">
<div class=""info"">
<p> Auf aromatisierter Zellulosebasis und völlig frei von Tabak kommen auch die Skruf Super White Beutel im Slim Format. Ohne Tabak bedeutet ohne gewöhnungsbedürftigen Tabakgeruch sowie ohne jegliche Tabakschadstoffe - aktuell gibt es weltweit keine weniger schädliche Art, Nikotin zu konsumieren. All White Snus / Nicotine Pouches bietet sich deshalb vor allem Rauchern an, welche mit Rauchentwöhnung wie Nikotinpflaster, Nikotinkaugummi oder Nikotinspray nichts anfangen können.</p>
<div class=""info"">
<p> </p>
<p>Der Skruf Super White Fresh #5 schmeckt nach frischer Minze und hat den höchsten Nikotingehalt in der Super White Reihe von Skruf. Unglaubliche 26 mg/g Nikotin!</p>
<p> <br></p>
<div class=""info"">
<p>Der Artikel erscheint in einem neuen Design, hat jedoch die selbe Rezeptur wie der alt bekannte Skruf Super White Fresh #5 AW</p>
</div>
<div class=""info"">
<div class=""info"">
<div class=""item flex"">
<div class=""title""></div>
</div>
</div>
</div>
</div>
</div>
<div class=""info"">
<div class=""info"">
<div class=""item flex"">
<div class=""title""><br></div>
</div>
</div>
</div>
</div>",Super White Fresh Mint No.55 AW,Unisex,,,,,,,https://cdn.shopify.com/s/files/1/0072/0646/9679/products/Skruf_Superwhite_no55_Ultra.jpg,,,,,5.20,0.00,1,G,1,IN,3,3,3,,,,
,,SK-1205-1,Unisex,Title,Default Title,,,,,,,,,,5.20,0.00,1,G,1,IN,3,3,3,,,Skruf,Super White Fresh Mint No.55 AW
X WDP,"<meta charset=""utf-8"">
<div class=""item flex "">
<div class=""title"">
<div class=""info"">
<p><span>Offroad X ist wahrscheinlich der stärkste Snus der Welt: unglaubliche 45mg/g. Als White Dry Portion rinnt der Snus sehr wenig und überzeugt durch einen prominenten Minz-Menthol Geschmack. </span></p>
<p><br><br></p>
</div>
</div>
</div>
<div class=""item flex ""></div>",X WDP,Unisex,,,,,,,https://cdn.shopify.com/s/files/1/0072/0646/9679/products/offroad-arctic-xplorer-white-dry-portion.png,,,,,4.80,,1,G,30,IN,3,3,3,,,,
,,OF-1005-1,Unisex,Title,Default Title,,,,,,,,,,4.80,,1,G,30,IN,3,3,3,,,Offroad,X WDP
White Fox AW,"<meta charset=""utf-8"">
<div class=""item flex "">
<div class=""title"">
<div class=""info"">
<div class=""info"">
<p>Unter der Marke White Fox vertreibt der Produzent von <a href=""https://snushus.ch/collections/odens"" title=""Oden's"">Oden's</a> und <a href=""https://snushus.ch/collections/siberia"" title=""Siberia"">Siberia </a>(GN Tobacco) seine All White Portionsbeutel. Der White Fox kommt mit einem eisigen Minzgeschmack im Slim Beutel.</p>
<p> </p>
<p>Auf aromatisierter Zellulosebasis und völlig frei von Tabak kommen auch die White Fox Beutel im Slim Format. Ohne Tabak bedeutet ohne gewöhnungsbedürftigen Tabakgeruch sowie ohne jegliche Tabakschadstoffe - aktuell gibt es weltweit keine weniger schädliche Art, Nikotin zu konsumieren. All White Snus / Nicotine Pouches bietet sich deshalb vor allem Rauchern an, welche mit Rauchentwöhnung wie Nikotinpflaster, Nikotinkaugummi oder Nikotinspray nichts anfangen können.</p>
</div>
</div>
</div>
</div>
<div class=""item flex ""></div>",White Fox AW,Unisex,,,,,,,https://cdn.shopify.com/s/files/1/0072/0646/9679/products/white-fox-all-white.png,,,,,5.20,,1,G,30,IN,3,3,3,,,,
,,WF-1005-1,Unisex,Title,Default Title,,,,,,,,,,5.20,,1,G,30,IN,3,3,3,,,White Fox,White Fox AW
Melon WP - Slim,"<meta charset=""utf-8"">
<div class=""item flex "">
<div class=""title""></div>
</div>
<div class=""item flex "">
<div class=""info"">
<div class=""info"">
<p>Jakobssons Melon Slim White Dry Portion Snus ist ein geschmacksintensiver Snus, der trotz trockener, weisser Beutel durch seinen aromatischen Melonen-Geschmack überzeugt. Durch seinen niedrigen Feuchtigkeitsgehalt und dem hohen Nikotingehalt von 14 mg/g, ist er ein wahres Snus Erlebnis. Eine Dose beinhaltet 20 Beutel.</p>
</div>
<div class=""info"">
<div class=""info"">
<div class=""item flex ""></div>
</div>
</div>
</div>
<div class=""info"">
<div class=""item flex ""></div>
</div>
</div>",Melon WP - Slim,Unisex,,,,,,,https://cdn.shopify.com/s/files/1/0072/0646/9679/products/jakobssons-melon-white-slim-portion.png,,,,,4.60,,1,G,30,IN,3,3,3,,,,
,,JK-1015-1,Unisex,Title,Default Title,,,,,,,,,,4.60,,1,G,30,IN,3,3,3,,,Jakobssons,Melon WP - Slim
Mint Strong Mini AW,"<p>Nimm dir einen Moment Zeit und geniesse die erfrischende Kombination aus süsser Minze und kühlem Menthol. In MINI Format &amp; mittlerer Nikotinintensität.</p>
<p><span>EPOK, LYFT oder VELO? </span><span>Weitere Informationen dazu findest Du in </span><a href=""https://snushus.ch/blogs/snusbuch/was-ist-all-white-snus"" target=""_blank"">unserem Blog</a><span>.</span></p>",Mint Strong Mini AW,Unisex,,,,,,,https://cdn.shopify.com/s/files/1/0072/0646/9679/products/velo-mint-strong-mini-aw.png,,,,,6.90,0.00,1,G,20000,IN,3,3,3,,,,
,,VL-2705-1,Unisex,Title,Default Title,,,,,,,,,,6.90,0.00,1,G,20000,IN,3,3,3,,,VELO (CH),Mint Strong Mini AW
Blau -80 Degrees WP - Slim,"<meta charset=""utf-8"">
<div class=""item flex "">
<div class=""title"">
<div class=""info"">
<div class=""info"">
<p>Siberia White Portion ist ein starker Snus mit hohem Nikotingehalt und Minzgeschmack. Der Snus hat einen Nikotingehalt von 24 mg/g und es gibt ihn nun auch in der Portionsform zu kaufen. Der Snus hat einen würzigen Geschmack nach Minze, der lange anhält. Der hohe Nikotingehalt wird durch einen hohen Feuchtigkeitsgehalt von 45 % ausgeglichen, was unüblich ist für starke Snus-Sorten. Wie auch <a href=""https://snushus.ch/collections/odens"" title=""Oden´s"">Oden´s</a> gehört Siberia zu den beliebtesten Marken auf dem Markt. Bei Fragen, Wünschen oder Anregungen kannst du uns gerne auf der <a href=""https://snushus.ch/pages/kontakt"" title=""Kontakt"">Kontaktseite </a>schreiben. </p>
</div>
<div class=""info"">
<div class=""info"">
<div class=""item flex "">
<div class=""title""></div>
</div>
</div>
</div>
</div>
</div>
</div>",Blau -80 Degrees WP - Slim,Unisex,,,,,,,https://cdn.shopify.com/s/files/1/0072/0646/9679/products/siberia-blue-white-slim-portion.png,,,,,5.20,0.00,1,G,30,IN,3,3,3,,,,
,,SI-2015-1,Unisex,Title,Default Title,,,,,,,,,,5.20,0.00,1,G,30,IN,3,3,3,,,Siberia,Blau -80 Degrees WP - Slim
Black -80 Degrees WDP,"<meta charset=""utf-8"">
<div class=""item flex"">
<div class=""title"">
<div class=""info"">
<p>Den beliebten schwarzen Siberia gibt es nun auch als White Dry Portion - schöne Dose und ein gewohnt starker Nikotinkick, einfach ohne Minz-/Mentholgeschmack. Siberia Black -80 Degrees White Dry Portion ist ein trockener Portionssnus mit einem sehr deutlichen Tabakgeschmack. Dieser Snus hat einen extrem hohen Nikotingehalt und eine Portion enthält mehr als fünfmal so viel Nikotin wie normal starker Snus (8 mg/g). Wird Menschen, die Nikotin gegenüber empfindlich sind, weniger empfohlen. Siberia zählt zusammen mit Oden‘s zu den beliebtesten Snusmarken der Schweiz. </p>
</div>
</div>
</div>
<div class=""item flex""></div>",Black -80 Degrees WDP,Unisex,,,,,,,https://cdn.shopify.com/s/files/1/0072/0646/9679/products/siberia-black-white-dry-portion.png,,,,,5.20,,1,G,30,IN,3,3,3,,,,
,,SI-4005-1,Unisex,Title,Default Title,,,,,,,,,,5.20,,1,G,30,IN,3,3,3,,,Siberia,Black -80 Degrees WDP
LYCHEE,"Der edel Lychee All White Snus ist Teil der zweiten Generation der edelweiss Linie des Schweizer Snus Herstellers edelsnus. Angenehme Slim Beutel, kombiniert mit einem aufregenden Litschi Aroma mit einem hauch von Rosen und dezentem Nikotingehalt verleihen diesem Snus die perfekte Balance.",LYCHEE,Unisex,,,,,,,https://cdn.shopify.com/s/files/1/0072/0646/9679/products/edel-lychee-all-white.png,,,,,6.90,0.00,1,G,1,IN,3,3,3,,,,
,,ED-8010-1,Unisex,Title,Default Title,,,,,,,,,,6.90,0.00,1,G,1,IN,3,3,3,,,edel,LYCHEE
Mint Mini AW,"<p>Nimm dir einen Moment Zeit und geniesse die erfrischende Kombination aus süsser Minze und kühlem Menthol. Im MINI Format &amp; leichter Nikotinintensität.</p>
<p><span>EPOK, LYFT oder VELO? </span><span>Weitere Informationen dazu findest Du in </span><a href=""https://snushus.ch/blogs/snusbuch/was-ist-all-white-snus"" target=""_blank"">unserem Blog</a><span>.</span></p>",Mint Mini AW,Unisex,,,,,,,https://cdn.shopify.com/s/files/1/0072/0646/9679/products/velo-mint-mini-aw.png,,,,,6.90,0.00,1,G,20000,IN,3,3,3,,,,
,,VL-1705-1,Unisex,Title,Default Title,,,,,,,,,,6.90,0.00,1,G,20000,IN,3,3,3,,,VELO (CH),Mint Mini AW
Extreme WDP Slim,"Soldat Extreme WDP Slim für die langen Tage auf dem Feld! Mit seinen unglaublichen 45 mg/g Nikotingehalt, gibt er jedem Snuser einen unverwechselbaren Kick welcher lange anhält. Unter der Lippe fühlen sich die Beutel sehr geschmeidig an und der Minz/Menthol Geschmack kommt angenehm zur Geltung.",Extreme WDP Slim,Unisex,,,,,,,https://cdn.shopify.com/s/files/1/0072/0646/9679/products/soldat-black-extreme-white-dry-portion-slim.png,,,,,3.90,0.00,1,G,1,IN,3,3,3,,,,
,,SO-3015-1,Unisex,Title,Default Title,,,,,,,,,,3.90,0.00,1,G,1,IN,3,3,3,,,Soldat,Extreme WDP Slim
Deep Freeze AW Slim,"<p>Der G.4 Deep Freeze von Swedish Match hat einen hellen, würzigen Charakter mit deutlichen Noten von Eukalyptus und Menthol. Ein langer schlanker All White Beutel mit optimierter Passform, aussen trocken mit einem feuchten Inhalt für lang anhaltende Geschmacksentfaltung und geringem Rinnen.<br></p>",Deep Freeze AW Slim,Unisex,,,,,,,https://cdn.shopify.com/s/files/1/0072/0646/9679/products/1647421618622566_g4-deep-freeze-aw.jpg,,,,,5.55,0.00,1,G,40000,IN,3,3,3,,,,
,,G4-1005-1,Unisex,Title,Default Title,,,,,,,,,,5.55,0.00,1,G,40000,IN,3,3,3,,,G.4,Deep Freeze AW Slim
Fruit Fusion AW,"<p>VID ist die neuste Kreation vom Hause Kurbits Snus AB - kräftige Schweizer Aromen treffen auf schwedisches Snus Know How. Ein Beeren Aroma wie frisch aus dem Wald gepflückt! Die Nikotinbeutel von VID sind im Slim Format und sorgen für eine diskrete Anwendung.</p>
<p>Auf aromatisierter Zellulosebasis und völlig frei von Tabak kommen auch die VID Beutel im Slim Format. Ohne Tabak bedeutet ohne gewöhnungsbedürftigen Tabakgeruch sowie ohne jegliche Tabakschadstoffe - aktuell gibt es weltweit keine weniger schädliche Art, Nikotin zu konsumieren. All White Snus / Nicotine Pouches bietet sich deshalb vor allem Rauchern an, welche mit Rauchentwöhnung wie Nikotinpflaster, Nikotinkaugummi oder Nikotinspray nichts anfangen können.</p>",Fruit Fusion AW,Unisex,,,,,,,https://cdn.shopify.com/s/files/1/0072/0646/9679/products/VID-Fruit-Fusion-AW.png,,,,,3.90,,1,G,1,IN,3,3,3,,,,
,,VI-3005-1,Unisex,Title,Default Title,,,,,,,,,,3.90,,1,G,1,IN,3,3,3,,,VID,Fruit Fusion AW
XRANGE Strong WP Slim,"<meta charset=""utf-8"">
<div class=""item flex"">
<div class=""title""></div>
</div>
<div class=""item flex"">
<div class=""info"">
<p>Göteborgs Rapé ist ein absoluter Klassiker aus Schweden und wird dort seit mehr als 100 Jahren hergestellt. Heller Tabakgeschmack mit Spuren von Citrus und Lavendel tragen zum unverwechselbaren Geschmack dieses Produkts bei. Als neu entwickelte White Slim Portion ist dieser Snus trocken und rinnt wenig - ohne dabei an Geschmack einzubüssen.</p>
</div>
<div class=""info""></div>
</div>",XRANGE Strong WP Slim,Unisex,,,,,,,https://cdn.shopify.com/s/files/1/0072/0646/9679/products/goteborgs-rape-xrange-strong-white-portion.png,,,,,5.20,,1,G,30,IN,3,3,3,,,,
,,GR-2015-1,Unisex,Title,Default Title,,,,,,,,,,5.20,,1,G,30,IN,3,3,3,,,Göteborgs Rapé,XRANGE Strong WP Slim
X-Freeze Max AW,"<p>Dürfen wir vorstellen: VELO's stärkster Flavour X-Freeze Max. Hier werden prickelnde Pfefferminze und eiskaltes Menthol zu einem extrastarken Geschmackserlebnis.</p>
<p><span>EPOK, LYFT oder VELO? </span><span>Weitere Informationen dazu findest Du in </span><a href=""https://snushus.ch/blogs/snusbuch/was-ist-all-white-snus"" target=""_blank"">unserem Blog</a><span>.</span></p>",X-Freeze Max AW,Unisex,,,,,,,https://cdn.shopify.com/s/files/1/0072/0646/9679/products/velo-x-freeze-max-aw.png,,,,,8.50,0.00,1,G,41600,IN,3,3,3,,,,
,,VL-6105-1,Unisex,Title,Default Title,,,,,,,,,,8.50,0.00,1,G,41600,IN,3,3,3,,,VELO (CH),X-Freeze Max AW
No.5 Ice Tea Peach X-Strong,"Après No.5 Ice Tea Peach X-Strong ist ein köstlicher, vollmundiger Eistee mit einem Geschmack von süssem Pfirsich mit einem Hauch von schwarzem Tee. Fast so, als hätten Sie eine grosse Karaffe direkt in einen weichen kleinen Beutel gegossen. Jetzt in der starken Variante mit 15 mg/g Nikotin erhältlich!",No.5 Ice Tea Peach X-Strong,Unisex,,,,,,,https://cdn.shopify.com/s/files/1/0072/0646/9679/products/apres-no-5-ice-tea-peach-x-strong-aw.png,,,,,5.20,0.00,1,G,26000,IN,3,3,3,,,,
,,AP-5105-1,Unisex,Title,Default Title,,,,,,,,,,5.20,0.00,1,G,26000,IN,3,3,3,,,Après,No.5 Ice Tea Peach X-Strong
White Fox Full Charge AW,"<meta charset=""utf-8"">
<div class=""item flex "">
<div class=""title"">
<div class=""info"">
<div class=""info"">
<p>Unter der Marke White Fox vertreibt der Produzent von <a href=""https://snushus.ch/collections/odens"" title=""Oden's"">Oden's</a> und <a href=""https://snushus.ch/collections/siberia"" title=""Siberia"">Siberia </a>(GN Tobacco) seine All White Portionsbeutel. Der White Fox Full Charge kommt mit einem eisigen Minzgeschmack im grossen Beutel.</p>
<p> </p>
<p> <span>Auf aromatisierter Zellulosebasis und völlig frei von Tabak kommen auch die</span><span> White Fox </span><span>Beutel im Slim Format. Ohne Tabak bedeutet ohne gewöhnungsbedürftigen Tabakgeruch sowie ohne jegliche Tabakschadstoffe - aktuell gibt es weltweit keine weniger schädliche Art, Nikotin zu konsumieren. All White Snus / Nicotine Pouches bietet sich deshalb vor allem Rauchern an, welche mit Rauchentwöhnung wie Nikotinpflaster, Nikotinkaugummi oder Nikotinspray nichts anfangen können.</span></p>
</div>
</div>
</div>
</div>
<div class=""item flex ""></div>",White Fox Full Charge AW,Unisex,,,,,,,https://cdn.shopify.com/s/files/1/0072/0646/9679/products/white-fox-full-charge-all-white.png,,,,,5.20,,1,G,30,IN,3,3,3,,,,
,,WF-2005-1,Unisex,Title,Default Title,,,,,,,,,,5.20,,1,G,30,IN,3,3,3,,,White Fox,White Fox Full Charge AW
Black -80 Degrees WDP Slim,"<meta charset=""utf-8"">
<div class=""item flex"">
<div class=""title"">
<div class=""info"">
<p>Den beliebten schwarzen Siberia gibt es nun auch als White Dry Portion - schöne Dose und ein gewohnt starker Nikotinkick, einfach ohne Minz-/Mentholgeschmack.</p>
</div>
</div>
</div>
<div class=""item flex""></div>",Black -80 Degrees WDP Slim,Unisex,,,,,,,https://cdn.shopify.com/s/files/1/0072/0646/9679/products/siberia-black-white-dry-slim-portion.png,,,,,5.20,,1,G,30,IN,3,3,3,,,,
,,SI-4015-1,Unisex,Title,Default Title,,,,,,,,,,5.20,,1,G,30,IN,3,3,3,,,Siberia,Black -80 Degrees WDP Slim
Cool Mint X-Strong WDP,"Der T45 Cool Mint ist ein alltägliches Produkt mit Menthol Geschmack für jeden Snuser, der auf der Suche nach einem Nikotinkick ist. Der T45 Cool Mint Snus vermittelt eine klare, lang anhaltende Frische, während die Aromen auch für eine lange Lebensdauer geschaffen wurden.",Cool Mint X-Strong WDP,Unisex,,,,,,,https://cdn.shopify.com/s/files/1/0072/0646/9679/products/t45-cool-mint-xstrong-white-dry-portion-front.png,,,,,3.90,,1,G,30,IN,3,3,3,,,,
,,T4-1005-1,Unisex,Title,Default Title,,,,,,,,,,3.90,,1,G,30,IN,3,3,3,,,T45,Cool Mint X-Strong WDP
General Extra Strong OP,"<meta charset=""utf-8"">
<div class=""item flex "">
<div class=""title"">
<div class=""info"">
<p><span>General Extra Stark Original Portion ist ein starker Snus mit kräftigem Tabakgeschmack. Dazu gesellt sich ein leichter Hauch von Citrus sowie Bergamotte und Tee. Als Teil der General-Serie ist dieser Snus ein absoluter Klassiker - hergestellt vom Marktführer Swedish Match.</span></p>
</div>
</div>
</div>
<div class=""item flex ""></div>",General Extra Strong OP,Unisex,,,,,,,https://cdn.shopify.com/s/files/1/0072/0646/9679/products/general-extra-strong-portion-gold-can.png,,,,,5.20,,1,G,300,IN,3,3,3,,,,
,,GE-1005-1,Unisex,Title,Default Title,,,,,,,,,,5.20,,1,G,300,IN,3,3,3,,,General,General Extra Strong OP
Ruby Berry AW,"<p>Auf aromatisierter Zellulosebasis und völlig frei von Tabak kommen auch die<span> VELO </span>Beutel im Slim Format. Ohne Tabak bedeutet ohne gewöhnungsbedürftigen Tabakgeruch sowie ohne jegliche Tabakschadstoffe - aktuell gibt es weltweit keine weniger schädliche Art, Nikotin zu konsumieren. All White Snus / Nicotine Pouches bietet sich deshalb vor allem Rauchern an, welche mit Rauchentwöhnung wie Nikotinpflaster, Nikotinkaugummi oder Nikotinspray nichts anfangen können.<br></p>
<div class=""info"">
<div class=""info"">
<div class=""item flex"">
<div class=""title"">
<p>Der VELO Ruby Berry hat einen Geschmack von süssen Erdbeeren und kommt wie die anderen VELO Produkte in Slim-Beuteln komplett ohne Tabak.</p>
<p><span>EPOK, LYFT oder VELO? </span><a href=""https://snushus.ch/blogs/snusbuch/epok-und-lyft-werden-ersetzt-mit-velo"">Hier findest Du alle Informationen zu diesem Thema!</a></p>
</div>
</div>
</div>
</div>",Ruby Berry AW,Unisex,,,,,,,https://cdn.shopify.com/s/files/1/0072/0646/9679/products/velo-ruby-berry-aw-se.png,,,,,5.20,0.00,1,G,14,IN,3,3,3,,,,
,,VE-1105-1,Unisex,Title,Default Title,,,,,,,,,,5.20,0.00,1,G,14,IN,3,3,3,,,VELO (SE),Ruby Berry AW
Strong Cola,"<meta charset=""utf-8"">
<div class=""item flex"">
<div class=""title""></div>
</div>
<div class=""item flex"">
<div class=""info"">
<div class=""info"">
<p>Mit einer Mischung von intensivem Cola-Geschmack und traditionellem Snus, bietet dieser Snus für alle Snus-Liebhaber etwas! Es ist ein trockener White Portion Snus und die Beutel kommen in dieser Variante im Slim Format. Mit gemässigten 14 mg/g Nikotin ist es ein angenehmer Snus für den alltäglichen Gebrauch.</p>
</div>
<div class=""info"">
<div class=""info"">
<div class=""item flex""></div>
</div>
</div>
</div>
<div class=""info"">
<div class=""item flex""></div>
</div>
</div>",Strong Cola,Unisex,,,,,,,https://cdn.shopify.com/s/files/1/0072/0646/9679/products/jakobssons-strong-cola-white-portion.png,,,,,4.60,,1,G,30,IN,3,3,3,,,,
,,JK-2015-1,Unisex,Title,Default Title,,,,,,,,,,4.60,,1,G,30,IN,3,3,3,,,Jakobssons,Strong Cola
Wintergreen Extreme WDP,"<meta charset=""utf-8"">
<div class=""item flex "">
<div class=""title""></div>
</div>
<div class=""item flex "">
<div class=""info"">
<p><span>Odens Wintergreen Extreme White Dry Portion ist ein starker Snus mit spürbarem Wintergreen-Geschmack. Intensive Geschmacksentfaltung und kühlender Effekt. </span></p>
</div>
<div class=""info""></div>
<div class=""info"">
<div class=""info"">
<div class=""item flex ""></div>
</div>
</div>
</div>",Wintergreen Extreme WDP,Unisex,,,,,,,https://cdn.shopify.com/s/files/1/0072/0646/9679/products/odens-wintergreen-white-dry-portion.png,,,,,4.80,,1,G,30,IN,3,3,3,,,,
,,OD-4005-1,Unisex,Title,Default Title,,,,,,,,,,4.80,,1,G,30,IN,3,3,3,,,Oden's,Wintergreen Extreme WDP
Soldat WP,"<meta charset=""utf-8"">
<div class=""item flex "">
<div class=""title""></div>
</div>
<div class=""item flex "">
<div class=""info"">
<p>Ein Snus mit klarem und frischem Geschmack. Er erhebt sich nicht, ist nicht aufdringlich und beeinträchtigt nicht Ihre Geschmacksknospen. Der Soldat ist da. Sicher, stabil und zur richtigen Zeit am richtigen Ort.</p>
</div>
<div class=""info"">
<div class=""info""></div>
</div>
</div>",Soldat WP,Unisex,,,,,,,https://cdn.shopify.com/s/files/1/0072/0646/9679/products/soldat-white-portion.png,,,,,3.90,,1,G,30,IN,3,3,3,,,,
,,SO-1005-1,Unisex,Title,Default Title,,,,,,,,,,3.90,,1,G,30,IN,3,3,3,,,Soldat,Soldat WP
Ettan OP,"<meta charset=""utf-8"">
<div class=""item flex "">
<div class=""title""></div>
</div>
<div class=""item flex "">
<div class=""info"">
<p><span>ETTAN - DAS ORIGINAL. Ettan Original Portion kommt mit traditionellem Tabakgeschmack. Voll, robust und leicht rauchig. Die Portionen sind geschmacksgefüllt aber aussenrum trocken und bieten langanhaltende Geschmacksfreisetzung. </span></p>
<p><span>Ettan ist Tradition und </span>eine der ältesten Snusmarken Schwedens. Das Rezept wurde <span>seit 1822 im Grossen und Ganzen nicht verändert. Der traditionelle Tabak-Geschmack ist hier etwas milder, weshalb die rauchigen Aromen gut zur Geltung kommen, des Weiteren können Einschläge von Heu, Teer und Malz und auch ein Hauch dunkler Schokolade erahnt werden. </span></p>
</div>
<div class=""info"">
<div class=""info""> </div>
</div>
</div>",Ettan OP,Unisex,,,,,,,https://cdn.shopify.com/s/files/1/0072/0646/9679/products/ettan-original-portion.png,,,,,5.90,0.00,1,G,30,IN,3,3,3,,,,
,,ET-1005-1,Unisex,Title,Default Title,,,,,,,,,,5.90,0.00,1,G,30,IN,3,3,3,,,Ettan,Ettan OP
Super White Polar #3 AW,"<meta charset=""utf-8"">
<div class=""item flex "">
<div class=""title""></div>
</div>
<div class=""item flex "">
<div class=""info"">
<p><span>Auf aromatisierter Zellulosebasis und völlig frei von Tabak kommen auch die Skruf Super White Beutel im Slim Format. Ohne Tabak bedeutet ohne gewöhnungsbedürftigen Tabakgeruch sowie ohne jegliche Tabakschadstoffe - aktuell gibt es weltweit keine weniger schädliche Art, Nikotin zu konsumieren. All White Snus / Nicotine Pouches bietet sich deshalb vor allem Rauchern an, welche mit Rauchentwöhnung wie Nikotinpflaster, Nikotinkaugummi oder Nikotinspray nichts anfangen können.<br></span></p>
<p> </p>
<p>Der Skruf Super White Polar<span> schmeckt nach Menthol sowie Eukalyptus </span>und hat einen durchschnittlichen<span> </span>Nikotingehalt.</p>
</div>
<div class=""info"">
<div class=""info"">
<div class=""item flex "">
<div class=""title""><br></div>
<div class=""title""><br></div>
</div>
</div>
</div>
</div>",Super White Polar #3 AW,Unisex,,,,,,,https://cdn.shopify.com/s/files/1/0072/0646/9679/products/skruf-super-white-polar-nr3.png,,,,,5.20,,1,G,30,IN,3,3,3,,,,
,,SK-2005-1,Unisex,Title,Default Title,,,,,,,,,,5.20,,1,G,30,IN,3,3,3,,,Skruf,Super White Polar #3 AW
X-Freeze Ultra Strong AW,"<p>Eisdurchdringender, intensiver Geschmack auf salziger Geschmacksbasis. Sie erinnern sich vielleicht unter dem ursprünglichen Namen LYFT Freeze daran.</p>
<p>EPOK, LYFT oder VELO?! <br>Weitere Informationen dazu findest Du in <a href=""https://snushus.ch/blogs/snusbuch/was-ist-all-white-snus"" target=""_blank"" rel=""noopener noreferrer"">unserem Blog</a>.</p>",X-Freeze Ultra Strong AW,Unisex,,,,,,,https://cdn.shopify.com/s/files/1/0072/0646/9679/products/velo-x-freeze-ultra-strong-aw.png,,,,,6.90,,1,G,1,IN,3,3,3,,,,
,,VE-5105-1,Unisex,Title,Default Title,,,,,,,,,,6.90,,1,G,1,IN,3,3,3,,,VELO (SK),X-Freeze Ultra Strong AW
Double Mint Extreme WP,"<meta charset=""utf-8"">
<div class=""item flex "">
<div class=""title""></div>
</div>
<div class=""item flex "">
<div class=""info"">
<div class=""info"">
<p>Oden's Double Mint Extreme Portion ist ein sehr hoher Nikotin-Snack. Der Geschmack, der während der Verwendung erscheint, ist scharf und der Pfefferminze zuliebe. Zusammen mit <a href=""https://snushus.ch/collections/siberia"" title=""Siberia"">Siberia </a>gehört Oden´s zu den beliebtesten Snus-Marken. <span>Bei Fragen, Wünschen oder Anregungen </span><span>kannst du </span><span>uns </span><span>gerne auf der </span><span></span><a href=""https://snushus.ch/pages/kontakt"" title=""Kontakt"">Kontaktseite</a><span> s</span><span>chreiben</span><span>.</span></p>
</div>
<div class=""info"">
<div class=""info"">
<div class=""item flex "">
<div class=""title""></div>
</div>
</div>
</div>
</div>
<div class=""info"">
<div class=""info""></div>
</div>
</div>",Double Mint Extreme WP,Unisex,,,,,,,https://cdn.shopify.com/s/files/1/0072/0646/9679/products/odens-double-mint-white-portion.png,,,,,4.80,,1,G,30,IN,3,3,3,,,,
,,OD-3005-1,Unisex,Title,Default Title,,,,,,,,,,4.80,,1,G,30,IN,3,3,3,,,Oden's,Double Mint Extreme WP
Wintergreen Extreme WDP - Slim,"<meta charset=""utf-8"">
<div class=""item flex "">
<div class=""title""></div>
</div>
<div class=""item flex "">
<div class=""info"">
<div class=""info"">
<p><span>Odens Wintergreen Extreme White Dry Portion ist ein starker Snus mit spürbarem Wintergreen-Geschmack. Intensive Geschmacksentfaltung und kühlender Effekt. </span></p>
</div>
<div class=""info"">
<div class=""info"">
<div class=""item flex ""></div>
</div>
</div>
</div>
<div class=""info"">
<div class=""item flex ""></div>
</div>
</div>",Wintergreen Extreme WDP - Slim,Unisex,,,,,,,https://cdn.shopify.com/s/files/1/0072/0646/9679/products/odens-wintergreen-white-dry-slim-portion.png,,,,,4.60,,1,G,30,IN,3,3,3,,,,
,,OD-4015-1,Unisex,Title,Default Title,,,,,,,,,,4.60,,1,G,30,IN,3,3,3,,,Oden's,Wintergreen Extreme WDP - Slim
Onyx WP,"<meta charset=""utf-8"">
<div class=""item flex "">
<div class=""title"">
<div class=""info"">
<p><span>General Onyx White Portion - ein absoluter Klassiker und Premium Snus. Der Name ist etwas verwirrend, da dieses Produkt zwar als White Portion gilt; die Beutel sind aber als einziges Produkt auf dem Markt komplett schwarz, weil anstelle von klassischem Papier ein schwarzes Papier verwendet wird. Ausser der optischen Auffälligkeit ergibt sich aber kein Unterschied zu normalen White Portion Snus.</span></p>
<p><span>Mit dem Design der Dose, dem rustikalen Tabakgeschmack und den ringförmig angeordneten Beutel gehört General Onyx zu den wahrscheinlich besten Snusprodukten auf dem Markt.</span></p>
</div>
</div>
</div>
<div class=""item flex ""></div>",Onyx WP,Unisex,,,,,,,https://cdn.shopify.com/s/files/1/0072/0646/9679/products/general-onyx-silver-white-portion.png,,,,,5.20,,1,G,30,IN,3,3,3,,,,
,,GE-2005-1,Unisex,Title,Default Title,,,,,,,,,,5.20,,1,G,30,IN,3,3,3,,,General,Onyx WP
Orange Jizz AW,"La Fruteria - Orange Jizz. Ein Geschmack, den es so noch nie in einem Pouch gegeben hat. Spritzige Orange und ein Schuss Blutorange für den Extra ""JIZZ"". Fruchtiger Frischekick und dazu sehr stark - ohne dass das Produkt gleichzeitig gefährlich ist wie zum Beispiel <a href=""https://snushus.ch/blogs/snusbuch/supreme-snus-co-nikotingehalt-erklart-das-problem-im-uberblick"">Supreme Snus</a>, da es in der Schweiz produziert wird.",Orange Jizz AW,Unisex,,,,,,,https://cdn.shopify.com/s/files/1/0072/0646/9679/products/la-fruteria-orange-jizz-aw.png,,,,,7.90,0.00,1,G,14,IN,3,3,3,,,,
,,LF-2000-1,Unisex,Title,Default Title,,,,,,,,,,7.90,0.00,1,G,14,IN,3,3,3,,,La Fruteria,Orange Jizz AW
No.2 Mint,"<p>Après No.2 Mint schmeckt so, wie eine Minze schmecken sollte. Süss, frisch und mit einem Hauch Pfefferminze, welches Ihnen ein anhaltendes Gefühl von Vitalität verleiht.</p>
<p><br><strong data-mce-fragment=""1"">ÜBER APRÈS</strong><br data-mce-fragment=""1""><span data-mce-fragment=""1"">Après ist eine Premiummarke aus Stockholm, Schweden, die bestrebt ist, einzigartige und raffinierte Aromen in einem zeitlosen Design zu entwickeln.</span><br data-mce-fragment=""1""><span data-mce-fragment=""1"">Unsere Produkte strahlen Innovation, Schönheit und Qualität aus.</span><br data-mce-fragment=""1""><br data-mce-fragment=""1""><span data-mce-fragment=""1"">Die Mission ist es, Gefühle und Erinnerungen mit Stil einzufangen und sich deutlich von anderen Alternativen zu unterscheiden. Alles, um Ihnen ein optimales Erlebnis zu bieten und gleichzeitig die Umwelt zu schonen. Unsere Produkte und Verpackungen werden aus pflanzlichen Materialien hergestellt.</span><br data-mce-fragment=""1""><br data-mce-fragment=""1""><span data-mce-fragment=""1"">Alle </span><a href=""http://snushus.ch/collections/apres"" data-mce-fragment=""1"" data-mce-href=""http://snushus.ch/collections/apres"">Après-Produkte</a><span data-mce-fragment=""1""> werden in Stockholm, Schweden, entwickelt und produziert.</span><br data-mce-fragment=""1""><br data-mce-fragment=""1""><span data-mce-fragment=""1"">Wir haben Après als Premiummarke geschaffen, bei der wir uns bemühen, einzigartige und raffinierte Aromen in einem zeitlosen Design zu entwickeln. Innovation, Ästhetik und Qualität sind die Werte, die uns leiten.</span><br></p>",No.2 Mint,Unisex,,,,,,,https://cdn.shopify.com/s/files/1/0072/0646/9679/products/apres-no-2-mint-aw.png,,,,,5.20,0.00,1,G,1,IN,3,3,3,,,,
,,AP-2005-1,Unisex,Title,Default Title,,,,,,,,,,5.20,0.00,1,G,1,IN,3,3,3,,,Après,No.2 Mint
Double Mint Extreme WDP - Slim,"<meta charset=""utf-8"">
<div class=""item flex "">
<div class=""title""></div>
</div>
<div class=""item flex "">
<div class=""info"">
<div class=""info"">
<p>Odens Double Mint Extreme White Dry Portion Slim ist ein sogenannter ""White Dry"" Portionssnus. Die Portionen sind, wie der Name schon sagt, trockener als andere Sorten und haben einen hohen Nikotingehalt. Der Geschmack von Odens Double Mint ist von scharfer Natur mit überzeugenden Pfefferminzakzenten.</p>
</div>
<div class=""info"">
<div class=""info"">
<div class=""item flex ""></div>
</div>
</div>
</div>
<div class=""info"">
<div class=""item flex ""></div>
</div>
</div>",Double Mint Extreme WDP - Slim,Unisex,,,,,,,https://cdn.shopify.com/s/files/1/0072/0646/9679/products/odens-double-mint-white-dry-slim-portion.png,,,,,4.60,,1,G,30,IN,3,3,3,,,,
,,OD-5015-1,Unisex,Title,Default Title,,,,,,,,,,4.60,,1,G,30,IN,3,3,3,,,Oden's,Double Mint Extreme WDP - Slim
XRANGE Strong WP Slim,"<meta charset=""utf-8"">
<div class=""item flex"">
<div class=""title"">
<div class=""info"">
<p>Der XRANGE General Slim Strong White ist ein Klassiker vom Hersteller Swedish Match, welcher immer für hohe Qualität steht. Dieser Snus ist hell und trocken auf der Aussenseite des Beutels und rinnt damit sehr wenig. Auf der Innenseite ist der Snus angenehm feucht und erlaubt damit die Wahrnehmung vom würzigen Tabakgeschmack mit Spuren von Citrus und Bergamotte sowie Tee. </p>
</div>
</div>
</div>
<div class=""item flex""></div>",XRANGE Strong WP Slim,Unisex,,,,,,,https://cdn.shopify.com/s/files/1/0072/0646/9679/products/general-xrange-strong-white-portion.png,,,,,5.20,,1,G,30,IN,3,3,3,,,,
,,GE-3015-1,Unisex,Title,Default Title,,,,,,,,,,5.20,,1,G,30,IN,3,3,3,,,General,XRANGE Strong WP Slim
No.3 Lemon,"<p>Après No.3 Lemon wurde entwickelt, um das Gefühl einer frisch, von den Feldern Argentiniens, gepflückter Zitrone einzufangen. Ein intensiver, frischer Duft direkt beim Öffnen, mit einer sensorischen Explosion, die Ihnen die perfekte Mischung aus süss und sauer verleiht. </p>
<p><strong>ÜBER APRÈS</strong><br><span>Après ist eine Premiummarke aus Stockholm, Schweden, die bestrebt ist, einzigartige und raffinierte Aromen in einem zeitlosen Design zu entwickeln.</span><br><span>Unsere Produkte strahlen Innovation, Schönheit und Qualität aus.</span><br><br><span>Die Mission ist es, Gefühle und Erinnerungen mit Stil einzufangen und sich deutlich von anderen Alternativen zu unterscheiden. Alles, um Ihnen ein optimales Erlebnis zu bieten und gleichzeitig die Umwelt zu schonen. Unsere Produkte und Verpackungen werden aus pflanzlichen Materialien hergestellt.</span><br><br><span>Alle </span><a href=""http://snushus.ch/collections/apres"">Après-Produkte</a><span> werden in Stockholm, Schweden, entwickelt und produziert.</span><br><br><span>Wir haben Après als Premiummarke geschaffen, bei der wir uns bemühen, einzigartige und raffinierte Aromen in einem zeitlosen Design zu entwickeln. Innovation, Ästhetik und Qualität sind die Werte, die uns leiten.</span></p>",No.3 Lemon,Unisex,,,,,,,https://cdn.shopify.com/s/files/1/0072/0646/9679/products/apres-no-3-lemon-curd-aw.png,,,,,5.20,0.00,1,G,1,IN,3,3,3,,,,
,,AP-3005-1,Unisex,Title,Default Title,,,,,,,,,,5.20,0.00,1,G,1,IN,3,3,3,,,Après,No.3 Lemon
Fresh Ultra Stark WP No.05 - Slim,"<meta charset=""utf-8"">
<div class=""item flex"">
<div class=""title""></div>
</div>
<div class=""item flex"">
<div class=""info"">
<p><span>Skruf Slim Fresh Ultra Stark White Portion ist ein starker Snus mit Minz-Geschmack; stärker als andere Skruf Produkte. Als Slim Beutel liegt er angenehm unter der Lippe und gibt so den klassischen Minz-Geschmack ab. Aufgrund der Stärke empfiehlt sich dieses Produkt weniger für empfindliche Snuser.</span><br><span></span></p>
</div>
<div class=""info"">
<div class=""info"">
<div class=""item flex"">
<div class=""title""><span>Der Artikel erscheint in einem neuen Design, hat jedoch die selbe Rezeptur wie der alt bekannte Fresh Ultra Stark WP - Slim</span></div>
</div>
</div>
</div>
</div>",Fresh Ultra Stark WP No.05 - Slim,Unisex,,,,,,,https://cdn.shopify.com/s/files/1/0072/0646/9679/products/FreshUltraStarkWP-Slim.png,,,,,5.20,,1,G,30,IN,3,3,3,,,,
,,SK-7005-1,Unisex,Title,Default Title,,,,,,,,,,5.20,,1,G,30,IN,3,3,3,,,Skruf,Fresh Ultra Stark WP No.05 - Slim
Super White Blackberry #2 AW,"<meta charset=""utf-8"">
<div class=""item flex"">
<div class=""title""></div>
</div>
<div class=""item flex"">
<div class=""info"">
<p><span></span><span>Auf aromatisierter Zellulosebasis und völlig frei von Tabak kommen auch die Skruf Super White Beutel im Slim Format. Ohne Tabak bedeutet ohne gewöhnungsbedürftigen Tabakgeruch sowie ohne jegliche Tabakschadstoffe - aktuell gibt es weltweit keine weniger schädliche Art, Nikotin zu konsumieren. All White Snus / Nicotine Pouches bietet sich deshalb vor allem Rauchern an, welche mit Rauchentwöhnung wie Nikotinpflaster, Nikotinkaugummi oder Nikotinspray nichts anfangen können.<br></span></p>
<p> </p>
<p>Der Skruf Super White Blackberry schmeckt nach süsser Brombeere und hat einen durchschnittlichen Nikotingehalt.</p>
</div>
<div class=""info"">
<div class=""info"">
<div class=""item flex"">
<div class=""title""><br></div>
<div class=""title""><br></div>
</div>
</div>
</div>
</div>",Super White Blackberry #2 AW,Unisex,,,,,,,https://cdn.shopify.com/s/files/1/0072/0646/9679/products/skruf-super-white-bjoernbaer-nr2.png,,,,,5.20,,1,G,30,IN,3,3,3,,,,
,,SK-3005-1,Unisex,Title,Default Title,,,,,,,,,,5.20,,1,G,30,IN,3,3,3,,,Skruf,Super White Blackberry #2 AW
Green Mint X-Strong WDP,"Der T45 Green Mint konzentriert sich auf frische Düfte und Aromen. Ein grosszügiger Mentholgeschmack wird mit blumigem Duft und Fruchtaromen ausgeglichen, um das Harte mit dem Weichen zu verbinden. Der T45 Green Mint Snus ist klassisch und gleichzeitig völlig innovativ.",Green Mint X-Strong WDP,Unisex,,,,,,,https://cdn.shopify.com/s/files/1/0072/0646/9679/products/t45-green-mint-xstrong-white-dry-portion-front.png,,,,,3.90,,1,G,30,IN,3,3,3,,,,
,,T4-2005-1,Unisex,Title,Default Title,,,,,,,,,,3.90,,1,G,30,IN,3,3,3,,,T45,Green Mint X-Strong WDP
Super White Fresh Mint MAX No.66 AW,"<meta charset=""utf-8"">
<div class=""item flex"">
<div class=""title""></div>
</div>
<div class=""item flex"">
<div class=""info"">
<p> Auf aromatisierter Zellulosebasis und völlig frei von Tabak kommen auch die Skruf Super White Beutel im Slim Format. Ohne Tabak bedeutet ohne gewöhnungsbedürftigen Tabakgeruch sowie ohne jegliche Tabakschadstoffe - aktuell gibt es weltweit keine weniger schädliche Art, Nikotin zu konsumieren. All White Snus / Nicotine Pouches bietet sich deshalb vor allem Rauchern an, welche mit Rauchentwöhnung wie Nikotinpflaster, Nikotinkaugummi oder Nikotinspray nichts anfangen können.</p>
<div class=""info"">
<p>Der Skruf Super White Fresh MAX #6 schmeckt nach frischer Minze und kommt in tradionellen, normal grossen Beuteln. Der schwarz verpackte All White Snus kommt mit starken 23 mg/g Nikotin!</p>
</div>
<div class=""info"">
<div class=""info"">
<div class=""item flex"">
<div class=""title""></div>
</div>
</div>
</div>
</div>
<div class=""info"">
<div class=""info"">
<div class=""item flex"">
<div class=""title""><br></div>
<div class=""title"">
<div class=""info"">
<p>Der Artikel erscheint in einem neuen Design, hat jedoch die selbe Rezeptur wie der alt bekannte Super White Fresh MAX #6 AW</p>
</div>
<div class=""info"">
<div class=""info"">
<div class=""item flex"">
<div class=""title""></div>
</div>
</div>
</div>
</div>
</div>
</div>
</div>
</div>",Super White Fresh Mint MAX No.66 AW,Unisex,,,,,,,https://cdn.shopify.com/s/files/1/0072/0646/9679/products/SkrufFreshMax_66.png,,,,,5.20,0.00,1,G,35,IN,3,3,3,,,,
,,SK-1305-1,Unisex,Title,Default Title,,,,,,,,,,5.20,0.00,1,G,35,IN,3,3,3,,,Skruf,Super White Fresh Mint MAX No.66 AW
Blau -80 Degrees WP,"<meta charset=""utf-8"">
<div class=""item flex"">
<div class=""title"">
<div class=""info"">
<div class=""info"">
<p>Siberia White Portion ist ein starker Snus mit hohem Nikotingehalt und Minzgeschmack. Der Snus hat einen Nikotingehalt von 24 mg/g und es gibt ihn nun auch in der Portionsform zu kaufen. Der Snus hat einen würzigen Geschmack nach Minze, der lange anhält. Der hohe Nikotingehalt wird durch einen hohen Feuchtigkeitsgehalt von 45 % ausgeglichen, was unüblich ist für starke Snus-Sorten. Siberia gehört zusammen zu <a title=""Oden´s"" href=""https://snushus.ch/collections/odens"">Oden´s</a> zu den beliebtesten Snus-Marken. <span>Bei Fragen, Wünschen oder Anregungen </span><span>kannst du </span><span>uns </span><span>gerne auf der </span><span></span><a title=""Kontakt"" href=""https://snushus.ch/pages/kontakt"">Kontaktseite</a><span> s</span><span>chreiben</span><span>.</span></p>
</div>
<div class=""info"">
<div class=""info"">
<div class=""item flex""></div>
</div>
</div>
</div>
<div class=""info""></div>
<div class=""info"">
<div class=""info"">
<div class=""item flex""></div>
</div>
</div>
</div>
</div>
<div class=""item flex""></div>",Blau -80 Degrees WP,Unisex,,,,,,,https://cdn.shopify.com/s/files/1/0072/0646/9679/products/siberia-blue-white-portion.png,,,,,5.20,,1,G,30,IN,3,3,3,,,,
,,SI-2005-1,Unisex,Title,Default Title,,,,,,,,,,5.20,,1,G,30,IN,3,3,3,,,Siberia,Blau -80 Degrees WP
Super White Cassice #2 AW,"<meta charset=""utf-8"">
<div class=""item flex "">
<div class=""title""></div>
</div>
<div class=""item flex "">
<div class=""info"">
<p> </p>
<p><span>Auf aromatisierter Zellulosebasis und völlig frei von Tabak kommen auch die Skruf Super White Beutel im Slim Format. Ohne Tabak bedeutet ohne gewöhnungsbedürftigen Tabakgeruch sowie ohne jegliche Tabakschadstoffe - aktuell gibt es weltweit keine weniger schädliche Art, Nikotin zu konsumieren. All White Snus / Nicotine Pouches bietet sich deshalb vor allem Rauchern an, welche mit Rauchentwöhnung wie Nikotinpflaster, Nikotinkaugummi oder Nikotinspray nichts anfangen können.<br></span></p>
<p> </p>
<p><span>Der Skruf Super White Cassice schmeckt nach Cassis sowie süsser Johannisbeere und hat einen durchschnittlichen Nikotingehalt.</span></p>
</div>
<div class=""info"">
<div class=""info"">
<div class=""item flex "">
<div class=""title""><br></div>
<div class=""title""><br></div>
</div>
</div>
</div>
</div>",Super White Cassice #2 AW,Unisex,,,,,,,https://cdn.shopify.com/s/files/1/0072/0646/9679/products/skruf-super-white-cassice-nr2.png,,,,,5.20,,1,G,30,IN,3,3,3,,,,
,,SK-4005-1,Unisex,Title,Default Title,,,,,,,,,,5.20,,1,G,30,IN,3,3,3,,,Skruf,Super White Cassice #2 AW
Fresh Cola AW,"<p>VID ist die neuste Kreation vom Hause Kurbits Snus AB - kräftige Schweizer Aromen treffen auf schwedisches Snus Know How. Eine Abwechslung zu allen Nikotinbeuteln welche es bisher gab: VID Fresh Cola ist, wie der Name schon sagt, ein All White Snus mit Cola Geschmack! Ein unbeschreibliches Geschmackserlebnis.</p>
<p>Auf aromatisierter Zellulosebasis und völlig frei von Tabak kommen auch die VID Beutel im Slim Format. Ohne Tabak bedeutet ohne gewöhnungsbedürftigen Tabakgeruch sowie ohne jegliche Tabakschadstoffe - aktuell gibt es weltweit keine weniger schädliche Art, Nikotin zu konsumieren. All White Snus / Nicotine Pouches bietet sich deshalb vor allem Rauchern an, welche mit Rauchentwöhnung wie Nikotinpflaster, Nikotinkaugummi oder Nikotinspray nichts anfangen können.</p>",Fresh Cola AW,Unisex,,,,,,,https://cdn.shopify.com/s/files/1/0072/0646/9679/products/VID-Fresh-Cola-AW.png,,,,,3.90,,1,G,1,IN,3,3,3,,,,
,,VI-5005-1,Unisex,Title,Default Title,,,,,,,,,,3.90,,1,G,1,IN,3,3,3,,,VID,Fresh Cola AW
Double Mint Extreme WDP,"<meta charset=""utf-8"">
<div class=""item flex "">
<div class=""title""></div>
</div>
<div class=""item flex "">
<div class=""info"">
<p>Odens Double Mint Extreme White Dry Portion ist ein sogenannter ""white dry"" Portionssnus. Die Portionen sind, wie der Name schon sagt, trockener als andere Sorten und haben einen hohen Nikotingehalt. <br>Der Geschmack ist von scharfer Natur mit überzeugenden Pfefferminzakzenten.</p>
</div>
<div class=""info""></div>
<div class=""info"">
<div class=""info"">
<div class=""item flex ""></div>
</div>
</div>
</div>",Double Mint Extreme WDP,Unisex,,,,,,,https://cdn.shopify.com/s/files/1/0072/0646/9679/products/odens-double-mint-white-dry-portion.png,,,,,4.80,,1,G,30,IN,3,3,3,,,,
,,OD-5005-1,Unisex,Title,Default Title,,,,,,,,,,4.80,,1,G,30,IN,3,3,3,,,Oden's,Double Mint Extreme WDP
No.6 Cactus Lime,"<p>Après No.6 Cactus Lime ist eine einzigartige Mischung aus zwei ganz besonderen Aromen, die eine perfekte Harmonie zwischen der Trockenheit der Wüste und der Feuchtigkeit des tropischen Waldes schafft. Die Mischung erzeugt ein Geschmackserlebnis, das in einem weichen kleinen Beutel geliefert wird.<br></p>",No.6 Cactus Lime,Unisex,,,,,,,https://cdn.shopify.com/s/files/1/0072/0646/9679/products/apres-no-6-cactus-lime-aw.png,,,,,5.20,0.00,1,G,1,IN,3,3,3,,,,
,,AP-6005-1,Unisex,Title,Default Title,,,,,,,,,,5.20,0.00,1,G,1,IN,3,3,3,,,Après,No.6 Cactus Lime
Hugo Mini AW,"<p>Der perfekte Mix aus reichhaltiger Holunderblüte und erfrischender Minze. Im Mini-Format &amp; leichter Nikotinintesität.</p>
<p><span>EPOK, LYFT oder VELO? </span><span>Weitere Informationen dazu findest Du in </span><a href=""https://snushus.ch/blogs/snusbuch/was-ist-all-white-snus"" target=""_blank"">unserem Blog</a><span>.</span></p>",Hugo Mini AW,Unisex,,,,,,,https://cdn.shopify.com/s/files/1/0072/0646/9679/products/velo-hugo-mini-aw.png,,,,,6.90,0.00,1,G,20000,IN,3,3,3,,,,
,,VL-1905-1,Unisex,Title,Default Title,,,,,,,,,,6.90,0.00,1,G,20000,IN,3,3,3,,,VELO (CH),Hugo Mini AW
Peppermint X-Strong WDP,"T45 Peppermint konzentriert sich auf den starken Geschmack von Pfefferminze, kommt aber gleichzeitig auch mit einem runden Geschmack von grüner Minze. Insgesamt sind sowohl Stärke als auch Weichheit in diesem Snus zu finden, der von jedem Snuser geschätzt werden kann, welcher auch einen Minz- statt nur einen reinem Pfefferminz Snus will.",Peppermint X-Strong WDP,Unisex,,,,,,,https://cdn.shopify.com/s/files/1/0072/0646/9679/products/t45-pepptermint-xstrong-white-dry-portion-front.png,,,,,3.90,,1,G,30,IN,3,3,3,,,,
,,T4-3005-1,Unisex,Title,Default Title,,,,,,,,,,3.90,,1,G,30,IN,3,3,3,,,T45,Peppermint X-Strong WDP
No.1 Mentol,"<p>Après No.1 Mentol ist das, wonach Sie suchen – Menthol, welches aufsteigt und ein frisches Gefühl auf Nase und Lippen hinterlässt. Klappen Sie den Deckel auf, lehnen Sie sich zurück und geniessen Sie die Kraft der Zermatter Bergwelt.<br><br><strong data-mce-fragment=""1"">ÜBER APRÈS</strong><br data-mce-fragment=""1""><span data-mce-fragment=""1"">Après ist eine Premiummarke aus Stockholm, Schweden, die bestrebt ist, einzigartige und raffinierte Aromen in einem zeitlosen Design zu entwickeln.</span><br data-mce-fragment=""1""><span data-mce-fragment=""1"">Unsere Produkte strahlen Innovation, Schönheit und Qualität aus.</span><br data-mce-fragment=""1""><br data-mce-fragment=""1""><span data-mce-fragment=""1"">Die Mission ist es, Gefühle und Erinnerungen mit Stil einzufangen und sich deutlich von anderen Alternativen zu unterscheiden. Alles, um Ihnen ein optimales Erlebnis zu bieten und gleichzeitig die Umwelt zu schonen. Unsere Produkte und Verpackungen werden aus pflanzlichen Materialien hergestellt.</span><br data-mce-fragment=""1""><br data-mce-fragment=""1""><span data-mce-fragment=""1"">Alle </span><a href=""http://snushus.ch/collections/apres"" data-mce-fragment=""1"" data-mce-href=""http://snushus.ch/collections/apres"">Après-Produkte</a><span data-mce-fragment=""1""> werden in Stockholm, Schweden, entwickelt und produziert.</span><br data-mce-fragment=""1""><br data-mce-fragment=""1""><span data-mce-fragment=""1"">Wir haben Après als Premiummarke geschaffen, bei der wir uns bemühen, einzigartige und raffinierte Aromen in einem zeitlosen Design zu entwickeln. Innovation, Ästhetik und Qualität sind die Werte, die uns leiten.</span><br></p>
<div class=""info"">
<div class=""info"">
<div class=""item flex"">
<div class=""title""></div>
</div>
</div>
</div>",No.1 Mentol,Unisex,,,,,,,https://cdn.shopify.com/s/files/1/0072/0646/9679/products/apres-no-1-mentol-aw.png,,,,,5.20,0.00,1,G,1,IN,3,3,3,,,,
,,AP-1005-1,Unisex,Title,Default Title,,,,,,,,,,5.20,0.00,1,G,1,IN,3,3,3,,,Après,No.1 Mentol
Cold Mint Extreme WDP,"Diese Ergänzung zum T45-Trio basiert auf Spearmint-Geschmack und wird von Pfefferminznoten vervollständigt. Mit seiner erheblichen Stärke ist dieses Produkt perfekt für einen Snuser, der sich starke, hochqualitative Minzprodukte und einen ordentlichen Nikotinkick gewöhnt ist.<br data-mce-fragment=""1""><br data-mce-fragment=""1"">T45 Cold Mint Extreme gibt dir nicht nur ein erfrischendes Geschmackserlebnis und einen ordentlichen Nikotinkick, sondern auch dieses unverwechselbare Frische-Gefühl, welches von einem gekühlten Snus ausgeht, ohne dass die Geschmäcker dabei durch eine Kühlung beeinträchtigt werden.",Cold Mint Extreme WDP,Unisex,,,,,,,https://cdn.shopify.com/s/files/1/0072/0646/9679/products/t45-cold-mint-extreme-white-dry-portion-front.png,,,,,3.90,0.00,1,G,1,IN,3,3,3,,,,
,,T4-4005-1,Unisex,Title,Default Title,,,,,,,,,,3.90,0.00,1,G,1,IN,3,3,3,,,T45,Cold Mint Extreme WDP
Kräuter Mix X-Strong AW,"<p>Ein frischer Mix aus Kräutern kombiniert zu einem unglaublichen Geschmackserlebnis, inspiriert von den Schweizer Alpen. Im Slim-Format &amp; mittlerer Nikotinintensität.</p>
<p><span>EPOK, LYFT oder VELO? </span><span>Weitere Informationen dazu findest Du in </span><a href=""https://snushus.ch/blogs/snusbuch/was-ist-all-white-snus"" target=""_blank"">unserem Blog</a><span>.</span></p>",Kräuter Mix X-Strong AW,Unisex,,,,,,,https://cdn.shopify.com/s/files/1/0072/0646/9679/products/velo-kraeuter-mix-x-strong-aw.png,,,,,8.50,0.00,1,G,34800,IN,3,3,3,,,,
,,VL-4115-1,Unisex,Title,Default Title,,,,,,,,,,8.50,0.00,1,G,34800,IN,3,3,3,,,VELO (CH),Kräuter Mix X-Strong AW
Cryo AW Slim,"<p>Der G.4 Cryo von Swedish Match hat einen hellen. würzigen Charakter mit deutlichen Noten von Pfefferminz und Eukalyptus, dazu Spuren von Vanille. Ein langer schlanker All White Beutel mit optimierter Passform, aussen trocken mit einem feuchten Inhalt für lang anhaltende Geschmacksentfaltung und geringem Rinnen.</p>",Cryo AW Slim,Unisex,,,,,,,https://cdn.shopify.com/s/files/1/0072/0646/9679/products/1647422021844617_g4-cryo-aw.jpg,,,,,5.55,0.00,1,G,40000,IN,3,3,3,,,,
,,G4-2005-1,Unisex,Title,Default Title,,,,,,,,,,5.55,0.00,1,G,40000,IN,3,3,3,,,G.4,Cryo AW Slim
Morgondagg WP,"<meta charset=""utf-8"">
<div class=""item flex "">
<div class=""title""></div>
</div>
<div class=""item flex "">
<div class=""info"">
<p>Im Kurbits Morgondagg (Morgentau) finden wir die Düfte und Erwartungen eines milden Mittsommermorgens. Blumen, Süße, Lakritz und eine vertraute Kühle von einem Morgen, der nicht wirklich von den Sonnenstrahlen erwärmt wurde. Der Tabak wurde gemischt und verarbeitet, um sich leicht, ansprechend und frisch anzufühlen.</p>
</div>
<div class=""info"">
<div class=""info""></div>
</div>
</div>",Morgondagg WP,Unisex,,,,,,,https://cdn.shopify.com/s/files/1/0072/0646/9679/products/kurbits-morgondagg-white-portion.png,,,,,3.90,,1,G,30,IN,3,3,3,,,,
,,KU-1005-1,Unisex,Title,Default Title,,,,,,,,,,3.90,,1,G,30,IN,3,3,3,,,Kurbits,Morgondagg WP
Coffee Caramel AW,"<p>Der VID Coffee Caramel All White Snus ist die neuste Kreation vom Hause Kurbits Snus AB und überzeugt geschmacklich mit einer perfekten Balance zwischen starken Arabica-Kaffeebohnen sowie karamellisierter Vanille. Mittelmässig süss und durchschnittlich stark sind diese Beutel etwas für Geniesser, die den Kaffeegeschmack lieben!</p>
<p><br>Auf aromatisierter Zellulosebasis und völlig frei von Tabak kommen auch die VID Beutel im Slim Format. Ohne Tabak bedeutet ohne gewöhnungsbedürftigen Tabakgeruch sowie ohne jegliche Tabakschadstoffe - aktuell gibt es weltweit keine weniger schädliche Art, Nikotin zu konsumieren. All White Snus / Nicotine Pouches bietet sich deshalb vor allem Rauchern an, welche mit Rauchentwöhnung wie Nikotinpflaster, Nikotinkaugummi oder Nikotinspray nichts anfangen können.</p>",Coffee Caramel AW,Unisex,,,,,,,https://cdn.shopify.com/s/files/1/0072/0646/9679/products/VID-Coffe-Caramel-AW.png,,,,,3.90,0.00,1,G,30000,IN,3,3,3,,,,
,,VI-7005-1,Unisex,Title,Default Title,,,,,,,,,,3.90,0.00,1,G,30000,IN,3,3,3,,,VID,Coffee Caramel AW
Cool Citrus AW,"<p>VID ist die neuste Kreation vom Hause Kurbits Snus AB - kräftige Schweizer Aromen treffen auf schwedisches Snus Know How. Ein kühles Zitrusaroma trifft auf 12 mg/g Nikotingehalt. Die Slim Nikotinbeutel stören kaum unter der Lippe. Ein perfektes Produkt für die Rauchentwöhnung! </p>
<p>Auf aromatisierter Zellulosebasis und völlig frei von Tabak kommen auch die VID Beutel im Slim Format. Ohne Tabak bedeutet ohne gewöhnungsbedürftigen Tabakgeruch sowie ohne jegliche Tabakschadstoffe - aktuell gibt es weltweit keine weniger schädliche Art, Nikotin zu konsumieren. All White Snus / Nicotine Pouches bietet sich deshalb vor allem Rauchern an, welche mit Rauchentwöhnung wie Nikotinpflaster, Nikotinkaugummi oder Nikotinspray nichts anfangen können.</p>",Cool Citrus AW,Unisex,,,,,,,https://cdn.shopify.com/s/files/1/0072/0646/9679/products/VID-Cool-Citrus-AW.png,,,,,3.90,,1,G,1,IN,3,3,3,,,,
,,VI-4005-1,Unisex,Title,Default Title,,,,,,,,,,3.90,,1,G,1,IN,3,3,3,,,VID,Cool Citrus AW
Super White Fresh Mint No.52 AW,"<meta charset=""utf-8"">
<div class=""item flex"">
<div class=""title""></div>
</div>
<div class=""item flex"">
<div class=""info"">
<p>Auf aromatisierter Zellulosebasis und völlig frei von Tabak kommen auch die Skruf Super White Beutel im Slim Format. Ohne Tabak bedeutet ohne gewöhnungsbedürftigen Tabakgeruch sowie ohne jegliche Tabakschadstoffe - aktuell gibt es weltweit keine weniger schädliche Art, Nikotin zu konsumieren. All White Snus / Nicotine Pouches bietet sich deshalb vor allem Rauchern an, welche mit Rauchentwöhnung wie Nikotinpflaster, Nikotinkaugummi oder Nikotinspray nichts anfangen können.</p>
<div class=""info"">
<p> </p>
<p>Der Skruf Super White Fresh #2 schmeckt nach frischer Minze und gleich wie der Skruf Super White Fresh #4 - einfach mit weniger Nikotin.</p>
</div>
<div class=""info"">
<div class=""info"">
<div class=""item flex"">
<div class=""title""><br></div>
</div>
</div>
</div>
</div>
<div class=""info"">
<div class=""info"">
<div class=""item flex"">
<div class=""title""><br></div>
<div class=""title"">
<span><span>Der Artikel erscheint in einem neuen Design, hat jedoch die selbe Rezeptur wie der alt bekannte Super White Fresh #2 AW</span></span>
<div class=""Polaris-Header-Title__TitleMetadata_19y17""></div>
</div>
</div>
</div>
</div>
</div>",Super White Fresh Mint No.52 AW,Unisex,,,,,,,https://cdn.shopify.com/s/files/1/0072/0646/9679/products/SuperWhiteSlimFresh_2.png,,,,,5.20,,1,G,30,IN,3,3,3,,,,
,,SK-1105-1,Unisex,Title,Default Title,,,,,,,,,,5.20,,1,G,30,IN,3,3,3,,,Skruf,Super White Fresh Mint No.52 AW
Cold Extreme OP,"Odens Cold Extreme Original Portion ist ein Produkt für traditionelle Snuser.<br data-mce-fragment=""1"">Durch die feuchten Beutel kommt der Nikotingehalt noch besser zur Wirkung als bei vergleichbaren Oden's Produkten.<br data-mce-fragment=""1"">Bereits beim Öffnen der Dose macht sich der intensive Minz Geschmack bemerkbar - unter der Lippe wird dieser zusätzlich verstärkt. Ein perfektes Produkt für Minz-Liebhaber!",Cold Extreme OP,Unisex,,,,,,,https://cdn.shopify.com/s/files/1/0072/0646/9679/products/1624966183962937_odens-cold-extreme-original-portion.jpg,,,,,4.80,,1,G,1,IN,3,3,3,,,,
,,OD-7005-1,Unisex,Title,Default Title,,,,,,,,,,4.80,,1,G,1,IN,3,3,3,,,Oden's,Cold Extreme OP
Xtra Stark WP No.24,"<meta charset=""utf-8"">
<div class=""item flex"">
<div class=""title""></div>
</div>
<div class=""item flex"">
<div class=""info"">
<p><span></span><span>Skruf Xtra Stark White Portion ist ein starker Snus mit klassischem Tabakgeschmack - und deshalb Liebhabern zu empfehlen. Hergestellt wird dieser Snus von Skruf in Schweden und gehört zu den beliebtesten Produkten des Konzerns.</span></p>
<p> </p>
<p><span>Der Artikel erscheint in einem neuen Design, hat jedoch die selbe Rezeptur wie der alt bekannte Skruf Xtra Stark WP</span></p>
</div>
<div class=""info"">
<div class=""info"">
<div class=""item flex"">
<div class=""title""><br></div>
</div>
</div>
</div>
</div>",Xtra Stark WP No.24,Unisex,,,,,,,https://cdn.shopify.com/s/files/1/0072/0646/9679/products/skrufXtraStarkWhite.png,,,,,5.20,,1,G,30,IN,3,3,3,,,,
,,SK-6005-1,Unisex,Title,Default Title,,,,,,,,,,5.20,,1,G,30,IN,3,3,3,,,Skruf,Xtra Stark WP No.24
Frosted OP,"<meta charset=""utf-8"">
<div class=""item flex "">
<div class=""title"">
<div class=""info"">
<p><span>Thunder Frosted Original Portion ist ein richtig starker Snus mit einem kräftigen und minzigen Geschmack - dazu gesellt sich die beachtliche Nikotinstärke wie bei den meisten der Thunder Produkte. Als spezielle Eigenschaft kommt die Dose mit einem Doppeldeckel für die gebrauchten Portionen.</span></p>
</div>
</div>
</div>
<div class=""item flex ""></div>",Frosted OP,Unisex,,,,,,,https://cdn.shopify.com/s/files/1/0072/0646/9679/products/thunder-frosted-original-portion.png,,,,,4.80,,1,G,30,IN,3,3,3,,,,
,,TH-1005-1,Unisex,Title,Default Title,,,,,,,,,,4.80,,1,G,30,IN,3,3,3,,,Thunder,Frosted OP
Extreme WDP Slim 500g Box,"<p>Soldat Extreme für die langen Tage auf dem Feld! Mit seinen unglaublichen 45 mg/g Nikotingehalt, gibt er jedem Snuser einen unverwechselbaren Kick welcher lange anhält. Unter der Lippe fühlen sich die Beutel sehr geschmeidig an und der Minz/Menthol Geschmack kommt angenehm zur Geltung. Jetzt auch in der beliebten 500g Box erhältlich!<br></p>",Extreme WDP Slim 500g Box,Unisex,,,,,,,https://cdn.shopify.com/s/files/1/0072/0646/9679/products/soldat-black-extreme-white-dry-portion-slim-500g-box.png,,,,,99.00,0.00,1,G,600000,IN,3,3,3,,,,
,,SO-3125-1,Unisex,Title,Default Title,,,,,,,,,,99.00,0.00,1,G,600000,IN,3,3,3,,,Soldat,Extreme WDP Slim 500g Box
Extreme WDP 500g Box,"<p>Soldat Extreme für die langen Tage auf dem Feld! Mit seinen unglaublichen 45 mg/g Nikotingehalt, gibt er jedem Snuser einen unverwechselbaren Kick welcher lange anhält. Unter der Lippe fühlen sich die Beutel sehr geschmeidig an und der Minz/Menthol Geschmack kommt angenehm zur Geltung. Jetzt auch in der beliebten 500g Box erhältlich!<br></p>",Extreme WDP 500g Box,Unisex,,,,,,,https://cdn.shopify.com/s/files/1/0072/0646/9679/products/soldat-black-extreme-white-dry-portion-500g-box.png,,,,,99.00,0.00,1,G,600000,IN,3,3,3,,,,
,,SO-3025-1,Unisex,Title,Default Title,,,,,,,,,,99.00,0.00,1,G,600000,IN,3,3,3,,,Soldat,Extreme WDP 500g Box
Black -80 Degrees OP Slim,"<meta charset=""utf-8"">
<div class=""item flex"">
<div class=""title"">
<div class=""info"">
<p>Den beliebten Siberia gibt es nun auch in schwarz - schöne Dose und ein gewohnt starker Nikotinkick. Siberia Black -80 Degrees Original Portion ist ein Portionssnus mit einem sehr deutlichen Tabakgeschmack. Dieser Snus hat einen extrem hohen Nikotingehalt und eine Portion enthält mehr als fünfmal so viel Nikotin wie normal starker Snus (8 mg/g). Wird Menschen, die Nikotin gegenüber empfindlich sind, weniger empfohlen. Siberia zählt zusammen mit <a href=""https://snushus.ch/collections/odens"" title=""Odens"">Oden‘s</a> zu den beliebtesten Snusmarken der Schweiz. <span>Bei Fragen, Wünschen oder Anregungen </span><span>kannst du </span><span>uns </span><span>gerne auf der </span><span></span><a href=""https://snushus.ch/pages/kontakt"" title=""Kontakt"">Kontaktseite</a><span> s</span><span>chreiben</span><span>.</span></p>
</div>
</div>
</div>
<div class=""item flex""></div>",Black -80 Degrees OP Slim,Unisex,,,,,,,https://cdn.shopify.com/s/files/1/0072/0646/9679/products/1631821498559209_siberia-black-original-portion-slim.jpg,,,,,5.20,0.00,1,G,1,IN,3,3,3,,,,
,,SI-3015-1,Unisex,Title,Default Title,,,,,,,,,,5.20,0.00,1,G,1,IN,3,3,3,,,Siberia,Black -80 Degrees OP Slim
Fäbodsnus WP,"<meta charset=""utf-8"">
<div class=""item flex "">
<div class=""title""></div>
</div>
<div class=""item flex "">
<div class=""info"">
<p>Der Kurbits Fäbodsnus (Bauernhof-Snus) vereint die traditionellen Aromen und Düfte der Älteren Generationen des Snushandwerks. Ein klarer Geschmack aus rustikalem Tabak trifft auf sonnenverwöhnte Blumenwiesen und klare Noten von Süsse und Vanille. Die nüchternen, aber auch praktischen Gegebenheiten der Landwirtschaft und ihre abegehärteten Besitzer geben die Inspiration für einen Snus mit einem sehr ausgeprägten Geschmack und Geruch.</p>
</div>
<div class=""info"">
<div class=""info""></div>
</div>
</div>",Fäbodsnus WP,Unisex,,,,,,,https://cdn.shopify.com/s/files/1/0072/0646/9679/products/kurbits-fabodsnus-white-portion.png,,,,,3.90,,1,G,30,IN,3,3,3,,,,
,,KU-2005-1,Unisex,Title,Default Title,,,,,,,,,,3.90,,1,G,30,IN,3,3,3,,,Kurbits,Fäbodsnus WP
Ice Cold AW,<span>Die Pablo-Nikotinbeutel sind auf dem europäischen Markt sehr beliebt und werden aufgrund ihrer starken Nikotinabgabe schon seit Jahren verwendet.</span>,Ice Cold AW,Unisex,,,,,,,https://cdn.shopify.com/s/files/1/0072/0646/9679/products/6d83f66db85a8b33b6183e2b94acd5f0.jpg,,,,,5.20,0.00,1,G,28000,IN,3,3,3,,,,
,,PA-1005-1,Unisex,Title,Default Title,,,,,,,,,,5.20,0.00,1,G,28000,IN,3,3,3,,,Pablo,Ice Cold AW
Kräuter Mix Mini AW,"<p>Ein frischer Mix aus Kräutern kombiniert zu einem unglaublichen Geschmackserlebnis, inspiriert von den Schweizer Alpen. Im Mini-Format &amp; leichter Nikotinintesität.</p>
<p><span>EPOK, LYFT oder VELO? </span><span>Weitere Informationen dazu findest Du in </span><a href=""https://snushus.ch/blogs/snusbuch/was-ist-all-white-snus"" target=""_blank"">unserem Blog</a><span>.</span></p>",Kräuter Mix Mini AW,Unisex,,,,,,,https://cdn.shopify.com/s/files/1/0072/0646/9679/products/velo-kraeuter-mix-mini-aw.png,,,,,6.90,0.00,1,G,20000,IN,3,3,3,,,,
,,VL-1115-1,Unisex,Title,Default Title,,,,,,,,,,6.90,0.00,1,G,20000,IN,3,3,3,,,VELO (CH),Kräuter Mix Mini AW
General Loose Extra Strong,"<meta charset=""utf-8"">
<div class=""item flex"">
<div class=""title"">
<div class=""info"">
<p>General Extra Stark Lös Snus / Loose Snus ist DAS ursprüngliche Snusprodukt, welches seit mehr als 200 Jahren produziert wird. Der kräftige Tabakgeschmack mit Spuren von Zitrusfrüchten, Bergamotte, Tee, getrockneten Gräser und Leder überzeugt durch seine natürliche Art. Ein Lös Snus, der einfach zu kneten ist und als absoluter Klassiker jedem Snus-Connoisseur zu empfehlen ist!</p>
</div>
</div>
</div>
<div class=""item flex""></div>",General Loose Extra Strong,Unisex,,,,,,,https://cdn.shopify.com/s/files/1/0072/0646/9679/products/general-extra-strong-loose.png,,,,,5.90,0.00,1,G,300,IN,3,3,3,,,,
,,GE-4005-1,Unisex,Title,Default Title,,,,,,,,,,5.90,0.00,1,G,300,IN,3,3,3,,,General,General Loose Extra Strong
Cold WDP,"<meta charset=""utf-8"">
<div class=""item flex"">
<div class=""title"">
<div class=""info"">
<p>Chainsaw wird in Dänemark von V2 hergestellt und ist als starker White Dry Portion mit eiskaltem Minzgeschmack mit Odens zu vergleichen. Die trockenen Beutel rinnen sehr wenig und liegen angenehm unter der Lippe.</p>
</div>
</div>
</div>
<div class=""item flex""></div>",Cold WDP,Unisex,,,,,,,https://cdn.shopify.com/s/files/1/0072/0646/9679/products/chainsaw-cold-wdp.png,,,,,4.60,,1,G,30,IN,3,3,3,,,,
,,CS-1005-1,Unisex,Title,Default Title,,,,,,,,,,4.60,,1,G,30,IN,3,3,3,,,Chainsaw,Cold WDP
Stockholm WP,"<meta charset=""utf-8"">
<div class=""item flex"">
<div class=""title""></div>
</div>
<div class=""item flex"">
<div class=""info"">
<p>NEU! Stockholm ist die neuste Kreation von Kurbits und besticht mit hochwertigen Rohstoffen - beim Tabak werden nur Premiumsorten verwendet die exklusiv mit schwedischen Citrus-, Blumen- und Lakritze-Aromen angereichert werden. Eine vollendete schwedische Snus-Kreation mit Zufriedenheitsgarantie für alle Snus-Feinschmecker!</p>
</div>
<div class=""info"">
<div class=""info""></div>
</div>
</div>",Stockholm WP,Unisex,,,,,,,https://cdn.shopify.com/s/files/1/0072/0646/9679/products/stockholm-white-portion.png,,,,,5.90,,1,G,30,IN,3,3,3,,,,
,,ST-1005-1,Unisex,Title,Default Title,,,,,,,,,,5.90,,1,G,30,IN,3,3,3,,,Stockholm,Stockholm WP
No.4 Cola X-Strong,"<p>Après No.4 Cola X-Strong ist ab sofort dein neuer Favorit. Ein Geschmack, der die Nostalgie von Cola verspricht, wie wir sie alle kennen und lieben. Ein sinnliches Erlebnis, welches am liebsten niemehr enden sollte. Jetzt in der starken Variante mit 15 mg/g Nikotin erhältlich!</p>
<p><strong>ÜBER APRÈS</strong><br data-mce-fragment=""1""><br data-mce-fragment=""1"">Après ist eine Premiummarke aus Stockholm, Schweden, die bestrebt ist, einzigartige und raffinierte Aromen in einem zeitlosen Design zu entwickeln. <br data-mce-fragment=""1"">Unsere Produkte strahlen Innovation, Schönheit und Qualität aus.<br data-mce-fragment=""1""><br data-mce-fragment=""1"">Die Mission ist es, Gefühle und Erinnerungen mit Stil einzufangen und sich deutlich von anderen Alternativen zu unterscheiden. Alles, um Ihnen ein optimales Erlebnis zu bieten und gleichzeitig die Umwelt zu schonen. Unsere Produkte und Verpackungen werden aus pflanzlichen Materialien hergestellt.<br data-mce-fragment=""1""><br data-mce-fragment=""1"">Alle Après-Produkte werden in Stockholm, Schweden, entwickelt und produziert.<br data-mce-fragment=""1""><br data-mce-fragment=""1"">Wir haben Après als Premiummarke geschaffen, bei der wir uns bemühen, einzigartige und raffinierte Aromen in einem zeitlosen Design zu entwickeln. Innovation, Ästhetik und Qualität sind die Werte, die uns leiten.</p>",No.4 Cola X-Strong,Unisex,,,,,,,https://cdn.shopify.com/s/files/1/0072/0646/9679/products/apres-no-4-cola-x-strong-aw.png,,,,,5.20,0.00,1,G,26000,IN,3,3,3,,,,
,,AP-4105-1,Unisex,Title,Default Title,,,,,,,,,,5.20,0.00,1,G,26000,IN,3,3,3,,,Après,No.4 Cola X-Strong
Apple Blossom (Limited Edition) AW,"Lebhaft, sauer und ausgewogen. Inspiriert von der Apfelblüte, verbindet diese Edition den süssen Geschmack des Apfels mit einem Hauch von frischen Noten, die an ein Cider erinnern. Im Slim-Format und mit mittlerer Nikotinstärke.<br data-mce-fragment=""1"">",Apple Blossom (Limited Edition) AW,Unisex,,,,,,,https://cdn.shopify.com/s/files/1/0072/0646/9679/products/velo-labs-apple-blossom-limited-edition-aw.jpg,,,,,9.50,0.00,1,G,1,IN,3,3,3,,,,
,,VL-L001-1,Unisex,Title,Default Title,,,,,,,,,,9.50,0.00,1,G,1,IN,3,3,3,,,VELO LABS,Apple Blossom (Limited Edition) AW
Soldat Vinter WP,"<meta charset=""utf-8"">
<div class=""item flex "">
<div class=""title""></div>
</div>
<div class=""item flex "">
<div class=""info"">
<p>Soldat Winter gibt ein cooles Gefühl, wird aber mit klaren und frischen Tönen aufgehellt. Sorgfältig ausgewählter Tabak, der die schwere Erdigkeit fernhält, wirkt mit einer sehr ausgewogenen Geschmackspalette und verleiht Ihnen ein außergewöhnliches Snuserlebnis</p>
</div>
<div class=""info"">
<div class=""info""></div>
</div>
</div>",Soldat Vinter WP,Unisex,,,,,,,https://cdn.shopify.com/s/files/1/0072/0646/9679/products/soldat-vinter-white-portion.png,,,,,3.90,,1,G,30,IN,3,3,3,,,,
,,SO-2005-1,Unisex,Title,Default Title,,,,,,,,,,3.90,,1,G,30,IN,3,3,3,,,Soldat,Soldat Vinter WP
Bouhlel Rouge Bentchikou,"Makla Bouhlel Rouge Bentchikou oder abgekürzt Makla Rouge genannt, ist der stärkste Sorte der Makla-Reihe. In Belgien hergestellt kommt dieser Kautabak mit einem kräfiten und vollen Aroma. Makla Kautabake werden alle ohne künstliche Aroma- und Zusatzstoffe nach traditionellen Rezepturen hergestellt. Nimm mit den Fingern eine Portion heraus und kneten es zu einer kleinen Kugel. Platziere die Kugel dann unter Deiner Oberlippe. Der Makla Kautabak entfaltet seine volle Wirkung nach ca. 15 bis 60 Minuten.",Bouhlel Rouge Bentchikou,Unisex,,,,,,,https://cdn.shopify.com/s/files/1/0072/0646/9679/products/makla-bouhlel-rouge-bentchicou.png,,,,,5.00,0.00,1,G,40000,IN,3,3,3,,,,
,,MA-2000-1,Unisex,Title,Default Title,,,,,,,,,,5.00,0.00,1,G,40000,IN,3,3,3,,,Makla,Bouhlel Rouge Bentchikou
Mini Cool Mint 3mg AW,"ZYN Mini Cool Mint ist treffend benannt - es liefert einen kühlenden Mentholgeschmack mit Noten von Pfefferminze. Die Beutel sind trocken und beginnen Geschmack und Nikotin zu liefern, sobald sie ein wenig feucht werden.",Mini Cool Mint 3mg AW,Unisex,,,,,,,https://cdn.shopify.com/s/files/1/0072/0646/9679/products/zyn-mini-cool-mint-3mg-aw-new.png,,,,,1.99,0.00,1,G,1,IN,3,3,3,,,,
,,ZY-1005-1,Unisex,Title,Default Title,,,,,,,,,,1.99,0.00,1,G,1,IN,3,3,3,,,ZYN,Mini Cool Mint 3mg AW
Cold Extreme WDP Mini,"<meta charset=""utf-8"">
<div class=""item flex"">
<div class=""title""></div>
</div>
<div class=""item flex"">
<div class=""info"">
<p>Oden's Cold Extreme WDP (White Dry Portion) ist ein eiskalter Portionssnus mit einer minzigen Frische. Ganz besonders tritt ein Geschmack von Spearmint aus dem ansonsten traditionellen, erdnahen Tabakgeschmack hervor. Oden's Cold Dry ist ein sogenannter trockener Portionssnus, der nicht rinnt und ein noch erfrischenderes Gefühl bietet als andere Snus dieser Serie. Odens zählt zusammen mit Siberia zu den beliebtesten Snusmarken der Schweiz. Ab sofort auch in der Mini Variante erhältlich!</p>
</div>
<div class=""info""></div>
<div class=""info"">
<div class=""info"">
<div class=""item flex""></div>
</div>
</div>
</div>",Cold Extreme WDP Mini,Unisex,,,,,,,https://cdn.shopify.com/s/files/1/0072/0646/9679/products/e8fd133ba81eb354ddf343e1b1b985b7.jpg,,,,,4.80,0.00,1,G,18000,IN,3,3,3,,,,
,,OD-1115-1,Unisex,Title,Default Title,,,,,,,,,,4.80,0.00,1,G,18000,IN,3,3,3,,,Oden's,Cold Extreme WDP Mini
Mini Cool Mint 9mg AW,"ZYN Mini Cool Mint ist treffend benannt - es liefert einen kühlenden Mentholgeschmack mit Noten von Pfefferminze. Die Beutel sind trocken und beginnen Geschmack und Nikotin zu liefern, sobald sie ein wenig feucht werden.",Mini Cool Mint 9mg AW,Unisex,,,,,,,https://cdn.shopify.com/s/files/1/0072/0646/9679/products/zyn-mini-cool-mint-9mg-aw.png,,,,,1.99,0.00,1,G,1,IN,3,3,3,,,,
,,ZY-1205-1,Unisex,Title,Default Title,,,,,,,,,,1.99,0.00,1,G,1,IN,3,3,3,,,ZYN,Mini Cool Mint 9mg AW
Gin & Tonic (Limited Edition) AW,"Leicht, hell und spritzig. Inspiriert vom klassischen Gin und Tonic, kombiniert dieser Geschmack lebendige Wacholder- und Zitrusaromen mit bittersüßen Tonic-Tönen.<br data-mce-fragment=""1"">Im Slim-Format &amp; mittlerer Nikotinintensität.<br data-mce-fragment=""1"">",Gin & Tonic (Limited Edition) AW,Unisex,,,,,,,https://cdn.shopify.com/s/files/1/0072/0646/9679/products/velo-labs-gin-tonic-limited-edition-aw.jpg,,,,,9.50,0.00,1,G,1,IN,3,3,3,,,,
,,VL-L003-1,Unisex,Title,Default Title,,,,,,,,,,9.50,0.00,1,G,1,IN,3,3,3,,,VELO LABS,Gin & Tonic (Limited Edition) AW
Black Edition AW,"<meta charset=""utf-8"">
<div class=""item flex"">
<div class=""title"">
<div class=""info"">
<div class=""info"">
<p>Unter der Marke White Fox vertreibt der Produzent von <a href=""https://snushus.ch/collections/odens"" title=""Oden's"">Oden's</a> und <a href=""https://snushus.ch/collections/siberia"" title=""Siberia"">Siberia </a>(GN Tobacco) seine All White Portionsbeutel. Der White Fox kommt mit einem eisigen Minzgeschmack im Slim Beutel.</p>
<p> </p>
<p>Auf aromatisierter Zellulosebasis und völlig frei von Tabak kommen auch die White Fox Beutel im Slim Format. Ohne Tabak bedeutet ohne gewöhnungsbedürftigen Tabakgeruch sowie ohne jegliche Tabakschadstoffe - aktuell gibt es weltweit keine weniger schädliche Art, Nikotin zu konsumieren. All White Snus / Nicotine Pouches bietet sich deshalb vor allem Rauchern an, welche mit Rauchentwöhnung wie Nikotinpflaster, Nikotinkaugummi oder Nikotinspray nichts anfangen können.</p>
</div>
</div>
</div>
</div>
<div class=""item flex""></div>",Black Edition AW,Unisex,,,,,,,https://cdn.shopify.com/s/files/1/0072/0646/9679/products/32d9dcfa3a31396d441e599e0cd7dd38.jpg,,,,,5.20,0.00,1,G,30000,IN,3,3,3,,,,
,,WF-5005-1,Unisex,Title,Default Title,,,,,,,,,,5.20,0.00,1,G,30000,IN,3,3,3,,,White Fox,Black Edition AW
Frosted AW Slim,"Thunder jetzt auch als ""All White"" Nikotinbeutel erhältlich! Eiskalt mit einem heißen Stechen und einem vertrauten Spearmint-Geschmack.",Frosted AW Slim,Unisex,,,,,,,https://cdn.shopify.com/s/files/1/0072/0646/9679/products/Thunder-Frosted-Slim-AW.png,,,,,5.55,,1,G,30,IN,3,3,3,,,,
,,TH-5005-1,Unisex,Title,Default Title,,,,,,,,,,5.55,,1,G,30,IN,3,3,3,,,Thunder,Frosted AW Slim
Blueberry Extra Strong AW,<span>Killa Blueberry Extra Strong Slim All White - schlanke Portionen mit süssem Heidelbeeraroma.</span>,Blueberry Extra Strong AW,Unisex,,,,,,,https://cdn.shopify.com/s/files/1/0072/0646/9679/products/2b2751bc8fc359606f682460463ded3a.jpg,,,,,5.20,0.00,1,G,28000,IN,3,3,3,,,,
,,KI-2005-1,Unisex,Title,Default Title,,,,,,,,,,5.20,0.00,1,G,28000,IN,3,3,3,,,Killa,Blueberry Extra Strong AW
Extremely Strong Slim AW,Der beliebteste Brand der Schweizer kommt nun auch mit einer All-White Variante daher! Der Siberia Extremely Strong AW kommt mit starken 33 mg/g Nikotin.,Extremely Strong Slim AW,Unisex,,,,,,,https://cdn.shopify.com/s/files/1/0072/0646/9679/products/Siberia-all-white-slim-sized600.jpg,,,,,6.90,,1,G,15,IN,3,3,3,,,,
,,SI-9015-1,Unisex,Title,Default Title,,,,,,,,,,6.90,,1,G,15,IN,3,3,3,,,Siberia,Extremely Strong Slim AW
Caribbean Spirit Strong AW,"<p>Sommer, Sonne, Snus: VELO Caribbean Spirit Strong bringt Dir den Sommer unter die Lippe! Das Aroma ist an den beliebten Drink Piña Colada angelehnt.</p>
<p>EPOK und LYFT heissen neu VELO!</p>
<p>Auf aromatisierter Zellulosebasis und völlig frei von Tabak kommen auch die<span> VELO </span>Beutel im Slim Format. Ohne Tabak bedeutet ohne gewöhnungsbedürftigen Tabakgeruch sowie ohne jegliche Tabakschadstoffe - aktuell gibt es weltweit keine weniger schädliche Art, Nikotin zu konsumieren. All White Snus / Nicotine Pouches bietet sich deshalb vor allem Rauchern an, welche mit Rauchentwöhnung wie Nikotinpflaster, Nikotinkaugummi oder Nikotinspray nichts anfangen können.</p>",Caribbean Spirit Strong AW,Unisex,,,,,,,https://cdn.shopify.com/s/files/1/0072/0646/9679/products/velo-caribbean-spirit-strong-aw-se.png,,,,,5.20,0.00,1,G,14,IN,3,3,3,,,,
,,VE-1605-1,Unisex,Title,Default Title,,,,,,,,,,5.20,0.00,1,G,14,IN,3,3,3,,,VELO (SE),Caribbean Spirit Strong AW
Racing Raspberry AW,"<p>﻿AT Racing Raspberry spielt mit unseren Sinnen und versetzt uns zurück in die Kindheitserinnerungen, die aus dem Himbeerduft an der Laube oder am Wasser bestehen. Gleichzeitig sind es Himbeeren, die in jedem Süßwarenladen die Obertöne geben. Mit klarem Himbeerduft und der Stärkung sonnengereifter Erdbeeren wagen wir zu behaupten, dass dies ein Nikotinbeutel ist, der den Sommer bei jedem Wetter hervorbringt.</p>
<p> </p>
<p>Wenn es um einen leichten und leckeren Nikotinbeutel geht, ist VID Racing Raspberry eine einfache Wahl. Ansprechender Geschmack mit frischem Duft macht diesen Nikotinbeutel bei vielen zum Favoriten. Die Auswahl der Aromen, die sich in der Tüte befinden, soll die natürliche Süße der Beeren hervorheben, damit es so schmeckt, wie ein Sommertraum schmecken sollte.</p>",Racing Raspberry AW,Unisex,,,,,,,https://cdn.shopify.com/s/files/1/0072/0646/9679/products/VID-Racing-Rasperry-AW.png,,,,,3.90,0.00,1,G,30000,IN,3,3,3,,,,
,,VI-1105-1,Unisex,Title,Default Title,,,,,,,,,,3.90,0.00,1,G,30000,IN,3,3,3,,,VID,Racing Raspberry AW
Peppermint AW,"<meta charset=""utf-8"">
<div class=""item flex"">
<div class=""title"">
<div class=""info"">
<div class=""info"">
<p>Unter der Marke White Fox vertreibt der Produzent von <a href=""https://snushus.ch/collections/odens"" title=""Oden's"">Oden's</a> und <a href=""https://snushus.ch/collections/siberia"" title=""Siberia"">Siberia </a>(GN Tobacco) seine All White Portionsbeutel. Der White Fox kommt mit einem eisigen Minzgeschmack im Slim Beutel.</p>
<p> </p>
<p>Auf aromatisierter Zellulosebasis und völlig frei von Tabak kommen auch die White Fox Beutel im Slim Format. Ohne Tabak bedeutet ohne gewöhnungsbedürftigen Tabakgeruch sowie ohne jegliche Tabakschadstoffe - aktuell gibt es weltweit keine weniger schädliche Art, Nikotin zu konsumieren. All White Snus / Nicotine Pouches bietet sich deshalb vor allem Rauchern an, welche mit Rauchentwöhnung wie Nikotinpflaster, Nikotinkaugummi oder Nikotinspray nichts anfangen können.</p>
</div>
</div>
</div>
</div>
<div class=""item flex""></div>",Peppermint AW,Unisex,,,,,,,https://cdn.shopify.com/s/files/1/0072/0646/9679/products/fe93b5a36240d50c4d88c4598d1928d1.jpg,,,,,5.20,0.00,1,G,30000,IN,3,3,3,,,,
,,WF-4005-1,Unisex,Title,Default Title,,,,,,,,,,5.20,0.00,1,G,30000,IN,3,3,3,,,White Fox,Peppermint AW
Super Strong Spearmint WP,"<meta charset=""utf-8"">
<div class=""item flex"">
<div class=""title"">
<div class=""info"">
<p>General Super Strong Spearmint WP - Ein moderner Klassiker mit würzigem Tabak und einem klaren Geschmack von Minze. Ein frisches, starkes und kompromissloses Tabakerlebnis, das auf stolzer Tradition und Handwerkskunst aufbaut. Ein weicher und würziger Tabakgeschmack mit deutlichen Noten von Minze, zusammen mit einem Hauch von grünen Kräutern und Eukalyptus.</p>
</div>
</div>
</div>
<div class=""item flex""></div>",Super Strong Spearmint WP,Unisex,,,,,,,https://cdn.shopify.com/s/files/1/0072/0646/9679/products/general-super-strong-spearmint-wp.png,,,,,7.90,0.00,1,G,35000,IN,3,3,3,,,,
,,GE-8005-1,Unisex,Title,Default Title,,,,,,,,,,7.90,0.00,1,G,35000,IN,3,3,3,,,General,Super Strong Spearmint WP
Mint WP Slim,"Am Gipfel angekommen erstreckt sich vor dir das atemberaubende Bergpanorama der Schweizer Alpen. Zu deinen Füssen liegt ein unberührter Tiefschneehang. Nur ein kleiner Drop und das rauschende Gefühl von Freiheit und purer Lebensfreude durchzieht deinen ganzen Körper. Inspiriert von Momenten wie diesen, hat die Leaf Bakery an einer Rezeptur gefeilt, welche die Frische der Schweizer Bergluft mit einem Hauch von Minze kombiniert. Mit dem TRIFT Mint intensivierst Du jedes deiner ganz persönlichen Abenteuer! Enjoy the ride!",Mint WP Slim,Unisex,,,,,,,https://cdn.shopify.com/s/files/1/0072/0646/9679/products/1639499460844876_trift-mint-white-portion-slim.jpg,,,,,7.90,6.90,1,G,1,IN,3,3,3,,,,
,,TR-2005-1,Unisex,Title,Default Title,,,,,,,,,,7.90,6.90,1,G,1,IN,3,3,3,,,TRIFT,Mint WP Slim
Lemon WP,"<meta charset=""utf-8"">
<div class=""item flex"">
<div class=""title""></div>
</div>
<div class=""item flex"">
<div class=""info"">
<p>GN Tobacco kann auch anders! Mit dem Oden's Lemon White Portion wird der Tabak ausgezeichnet mit einem Citrus-Aroma vermischt. Das Produkt kommt mit 9 mg/g Nikotin in normalgrossen Portionen.</p>
</div>
<div class=""info""></div>
<div class=""info"">
<div class=""info"">
<div class=""item flex""></div>
</div>
</div>
</div>",Lemon WP,Unisex,,,,,,,https://cdn.shopify.com/s/files/1/0072/0646/9679/products/odens-lemon-white-portion.png,,,,,4.80,0.00,1,G,1,IN,3,3,3,,,,
,,OD-8005-1,Unisex,Title,Default Title,,,,,,,,,,4.80,0.00,1,G,1,IN,3,3,3,,,Oden's,Lemon WP
Extremely Strong AW,"<span data-mce-fragment=""1"">Der beliebteste Brand der Schweizer kommt nun auch mit einer All-White Variante daher! Der Siberia Extremely Strong AW kommt mit starken 33 mg/g Nikotin.</span>",Extremely Strong AW,Unisex,,,,,,,https://cdn.shopify.com/s/files/1/0072/0646/9679/products/Siberia-all-white-regular-sized600.jpg,,,,,6.90,0.00,1,G,15,IN,3,3,3,,,,
,,SI-9005-1,Unisex,Title,Default Title,,,,,,,,,,6.90,0.00,1,G,15,IN,3,3,3,,,Siberia,Extremely Strong AW
Crushed Ice WP,"<meta charset=""utf-8"">
<div class=""item flex"">
<div class=""title"">
<div class=""info"">
<p>Der Klassiker schlechthin von Nick &amp; Johnny! Der Crushed Ice White Portion kommt mit einer Minz, Menthol-Frische welche in Schweden auf grossen Anklang stösst. Von Swedish Matach produziert kommt dieser White Portion Snus mit 12 mg/g Nikotin.</p>
</div>
</div>
</div>
<div class=""item flex""></div>",Crushed Ice WP,Unisex,,,,,,,https://cdn.shopify.com/s/files/1/0072/0646/9679/products/1636553557380422_nick-johnny-crushed-ice-xtra-strong-white-portion.jpg,,,,,5.90,0.00,1,G,1,IN,3,3,3,,,,
,,NJ-3005-1,Unisex,Title,Default Title,,,,,,,,,,5.90,0.00,1,G,1,IN,3,3,3,,,Nick & Johnny,Crushed Ice WP
Violet Velvet AW,"<p>VID ist die neuste Kreation vom Hause Kurbits Snus AB - kräftige Schweizer Aromen treffen auf schwedisches Snus Know How.</p>
<p>Violet Velvet ist eine verspielte Kombination aus Veilchen und süsser Lakritze. Die schnelle Nikotinfreisetzung und der süsse Geschmack haben sich zu einer Sensation im Segment der frischen und süssen Nikotinbeutel entwickelt. Die Entwickler wollten dem Produkt das Gefühl eines angenehmen Geschmacks geben, der der nordischen Geschmackstradition nahe steht.</p>",Violet Velvet AW,Unisex,,,,,,,https://cdn.shopify.com/s/files/1/0072/0646/9679/products/VID-Violet-Velvet-AW.png,,,,,3.90,0.00,1,G,30000,IN,3,3,3,,,,
,,VI-6005-1,Unisex,Title,Default Title,,,,,,,,,,3.90,0.00,1,G,30000,IN,3,3,3,,,VID,Violet Velvet AW
Double Mint Extreme OP,"Odens Double Mint Extreme Original Portion ist ein Produkt für traditionelle Snuser.<br data-mce-fragment=""1"">Durch die feuchten Beutel kommt der Nikotingehalt noch besser zur Wirkung als bei vergleichbaren Oden's Produkten.<br data-mce-fragment=""1"">Bereits beim Öffnen der Dose macht sich der intensive Minz Geschmack bemerkbar - unter der Lippe wird dieser zusätzlich verstärkt. Ein perfektes Produkt für Minz-Liebhaber!",Double Mint Extreme OP,Unisex,,,,,,,https://cdn.shopify.com/s/files/1/0072/0646/9679/products/odens-double-mint-original-portion.png,,,,,4.80,0.00,1,G,30,IN,3,3,3,,,,
,,OD-6005-1,Unisex,Title,Default Title,,,,,,,,,,4.80,0.00,1,G,30,IN,3,3,3,,,Oden's,Double Mint Extreme OP
Glögg & Kanel OP,"<meta charset=""utf-8"">
<div class=""item flex"">
<div class=""title""></div>
</div>
<div class=""item flex"">
<div class=""info"">
<div class=""info"">
<p>Weihnachtszeit ist Glühweinzeit und da darf der passende Snus nicht fehlen!<br></p>
<p>Jakobssons, bekannt für ihre intensive Aromen, bringen mit dem ""Glögg &amp; Kanel OP"" den perfekten Wintersnus. Übersetzt steht der Name für ""Glühwein &amp; Zimt"" und das beschreibt diesen Snus auch schon zu genügend.</p>
<p>Ein herrliches Aroma, mit feinstem Tabak gibt diesem Snus eine ausgezeichnete Note. </p>
</div>
<div class=""info"">
<div class=""info"">
<div class=""item flex""></div>
</div>
</div>
</div>
<div class=""info"">
<div class=""item flex""></div>
</div>
</div>",Glögg & Kanel OP,Unisex,,,,,,,https://cdn.shopify.com/s/files/1/0072/0646/9679/products/jakobssons-gloegg-kanel-original-portion.png,,,,,5.90,,1,G,1,IN,3,3,3,,,,
,,JK-3005-1,Unisex,Title,Default Title,,,,,,,,,,5.90,,1,G,1,IN,3,3,3,,,Jakobssons,Glögg & Kanel OP
Red AW,"<span>Pablo Red, der einzige Nikotinbeutel auf dem Markt mit gleichzeitig kühlender und brennender Wirkung! </span>",Red AW,Unisex,,,,,,,https://cdn.shopify.com/s/files/1/0072/0646/9679/products/PabloRedAW.png,,,,,6.90,0.00,1,G,28000,IN,3,3,3,,,,
,,PA-2005-1,Unisex,Title,Default Title,,,,,,,,,,6.90,0.00,1,G,28000,IN,3,3,3,,,Pablo,Red AW
Mini Citrus 6mg AW,"ZYN Mini Citrus hat einen köstlichen frischen Geschmack von sonnigen Zitrusfrüchten mit Noten von Orangen und Zitronengras. Die Beutel sind trocken und beginnen, Geschmack und Nikotin zu liefern, sobald sie ein wenig feucht werden.",Mini Citrus 6mg AW,Unisex,,,,,,,https://cdn.shopify.com/s/files/1/0072/0646/9679/products/zyn-mini-citrus-6mg-aw.png,,,,,1.99,0.00,1,G,1,IN,3,3,3,,,,
,,ZY-2105-1,Unisex,Title,Default Title,,,,,,,,,,1.99,0.00,1,G,1,IN,3,3,3,,,ZYN,Mini Citrus 6mg AW
Amaretto (Limited Edition) AW,"Süss, intensiv und leicht bitter. Inspiriert vom Amaretto-Likör, kombiniert diese Edition den nussigen Geschmack von Mandeln mit subtilen Kirschnuancen.<br data-mce-fragment=""1"">Im Slim-Format &amp; mittlerer Nikotinintensität.<br data-mce-fragment=""1"">",Amaretto (Limited Edition) AW,Unisex,,,,,,,https://cdn.shopify.com/s/files/1/0072/0646/9679/products/velo-labs-amaretto-limited-edition-aw.jpg,,,,,9.50,0.00,1,G,1,IN,3,3,3,,,,
,,VL-L002-1,Unisex,Title,Default Title,,,,,,,,,,9.50,0.00,1,G,1,IN,3,3,3,,,VELO LABS,Amaretto (Limited Edition) AW
Classic WP,"<meta charset=""utf-8"">
<div class=""item flex"">
<div class=""title"">
<div class=""info"">
<p>General Classic - Der original schwedische Snus seit 1866. Bauen Sie auf stolze Traditionen und Handwerkskunst. Dies ist die Nummer eins unter den Premium-Snus, hergestellt aus ausgewählten Tabakblättern, um die höchstmögliche Qualität zu erreichen. Ein würziger Tabakgeschmack mit Noten von Bergamotte und Anklängen von Tee, Heu und Leder.</p>
</div>
</div>
</div>
<div class=""item flex""></div>",Classic WP,Unisex,,,,,,,https://cdn.shopify.com/s/files/1/0072/0646/9679/products/general-classic-wp.png,,,,,7.90,0.00,1,G,40000,IN,3,3,3,,,,
,,GE-5005-1,Unisex,Title,Default Title,,,,,,,,,,7.90,0.00,1,G,40000,IN,3,3,3,,,General,Classic WP
Americana OP,"<meta charset=""utf-8"">
<div class=""item flex"">
<div class=""title"">
<div class=""info"">
<p>Eine aussergewöhnlichere Geschmacksmischung findet man wohl kaum auf dem Snusmarkt: Kirsche, Wintergrün und Zimt! Der Nick &amp; Johnny Americana erinnert, wie es der Name vermuten lässt, an Root Beer! Mit dem hohen Feuchtigkeitsanteil und seinen 14 mg/g Nikotin ist dieser Original Portion Snus etwas für Snuser die ein intensives Snus Erlebnis suchen!<br><br></p>
</div>
</div>
</div>
<div class=""item flex""></div>",Americana OP,Unisex,,,,,,,https://cdn.shopify.com/s/files/1/0072/0646/9679/products/1636553570015423_nick-johnny-americana-xtra-strong-portion.jpg,,,,,5.90,0.00,1,G,1,IN,3,3,3,,,,
,,NJ-4005-1,Unisex,Title,Default Title,,,,,,,,,,5.90,0.00,1,G,1,IN,3,3,3,,,Nick & Johnny,Americana OP
No.7 Tangerine,"<span data-mce-fragment=""1"">Après No.7 Tangerine wurde kreiert, um den Geschmack von frisch gepresstem Mandarinensaft einzufangen. Ein natürlicher, fruchtiger Geschmack einer Mischung aus Orangenfrüchten. Die Portionen kommen im Slim-Format.</span>",No.7 Tangerine,Unisex,,,,,,,https://cdn.shopify.com/s/files/1/0072/0646/9679/products/dacf1813cbeea861144bac265f2dbd9e.jpg,,,,,5.20,0.00,1,G,26000,IN,3,3,3,,,,
,,AP-7005-1,Unisex,Title,Default Title,,,,,,,,,,5.20,0.00,1,G,26000,IN,3,3,3,,,Après,No.7 Tangerine
Mini Espressino 6mg AW,"ZYN Mini Espressino ist für diejenigen, die die Kombination von frisch geröstetem Kaffee lieben, aber auch den Geschmack von Schokolade, Nougat und Vanille mögen. Der Charakter ist leicht cremig und etwas dunkler als andere Geschmacksrichtungen.",Mini Espressino 6mg AW,Unisex,,,,,,,https://cdn.shopify.com/s/files/1/0072/0646/9679/products/zyn-mini-espressino-6mg-aw.png,,,,,1.99,0.00,1,G,1,IN,3,3,3,,,,
,,ZY-3105-1,Unisex,Title,Default Title,,,,,,,,,,1.99,0.00,1,G,1,IN,3,3,3,,,ZYN,Mini Espressino 6mg AW
Super White Frozen Mint No.60 AW,"<meta charset=""utf-8"">
<div class=""item flex"">
<div class=""title""></div>
</div>
<div class=""item flex"">
<div class=""info"">
<p><span></span><span>Auf aromatisierter Zellulosebasis und völlig frei von Tabak kommen auch die Skruf Super White Beutel im Slim Format. Ohne Tabak bedeutet ohne gewöhnungsbedürftigen Tabakgeruch sowie ohne jegliche Tabakschadstoffe - aktuell gibt es weltweit keine weniger schädliche Art, Nikotin zu konsumieren. All White Snus / Nicotine Pouches bietet sich deshalb vor allem Rauchern an, welche mit Rauchentwöhnung wie Nikotinpflaster, Nikotinkaugummi oder Nikotinspray nichts anfangen können.<br></span></p>
<p> </p>
<p>Der Skruf Super White Blueberry schmeckt nach süsser Brombeere und hat einen durchschnittlichen Nikotingehalt.</p>
<p> </p>
<p>Der Artikel erscheint in einem neuen Design, hat jedoch die selbe Rezeptur wie der alt bekannte Skruf Frozen Shot #4 AW</p>
</div>
<div class=""info"">
<div class=""info"">
<div class=""item flex"">
<div class=""title""><br></div>
<div class=""title""><br></div>
</div>
</div>
</div>
</div>",Super White Frozen Mint No.60 AW,Unisex,,,,,,,https://cdn.shopify.com/s/files/1/0072/0646/9679/products/Skruf_Superwhite_frozen_mint_supeslim_no54_xtra.jpg,,,,,5.20,0.00,1,G,30000,IN,3,3,3,,,,
,,SK-1405-1,Unisex,Title,Default Title,,,,,,,,,,5.20,0.00,1,G,30000,IN,3,3,3,,,Skruf,Super White Frozen Mint No.60 AW
Mini Cool Mint 6mg AW,"ZYN Mini Cool Mint ist treffend benannt - es liefert einen kühlenden Mentholgeschmack mit Noten von Pfefferminze. Die Beutel sind trocken und beginnen Geschmack und Nikotin zu liefern, sobald sie ein wenig feucht werden.",Mini Cool Mint 6mg AW,Unisex,,,,,,,https://cdn.shopify.com/s/files/1/0072/0646/9679/products/zyn-mini-cool-mint-6mg-aw.png,,,,,1.99,0.00,1,G,1,IN,3,3,3,,,,
,,ZY-1105-1,Unisex,Title,Default Title,,,,,,,,,,1.99,0.00,1,G,1,IN,3,3,3,,,ZYN,Mini Cool Mint 6mg AW
Cold Extreme WDP Soft Pack,"<meta charset=""utf-8"">
<div class=""item flex"">
<div class=""title""></div>
</div>
<div class=""item flex"">
<div class=""info"">
<p>Oden's Cold Extreme WDP (White Dry Portion) ist ein eiskalter Portionssnus mit einer minzigen Frische. Ganz besonders tritt ein Geschmack von Spearmint aus dem ansonsten traditionellen, erdnahen Tabakgeschmack hervor. Oden's Cold Dry ist ein sogenannter trockener Portionssnus, der nicht rinnt und ein noch erfrischenderes Gefühl bietet als andere Snus dieser Serie. Odens zählt zusammen mit Siberia zu den beliebtesten Snusmarken der Schweiz. Ab sofort auch in den praktischen Soft Packs erhältlich!</p>
</div>
<div class=""info"">
<div class=""info"">
<div class=""item flex"">
<div class=""title""></div>
<div class=""title""></div>
</div>
</div>
</div>
</div>",Cold Extreme WDP Soft Pack,Unisex,,,,,,,https://cdn.shopify.com/s/files/1/0072/0646/9679/products/odens-cold-extreme-white-dry-portion-soft-packs.png,,,,,4.80,0.00,1,G,30000,IN,3,3,3,,,,
,,OD-1905-1,Unisex,Title,Default Title,,,,,,,,,,4.80,0.00,1,G,30000,IN,3,3,3,,,Oden's,Cold Extreme WDP Soft Pack
Deep Freeze AW Slim,"Thunder jetzt auch als ""All White"" Nikotinbeutel erhältlich!  Intensiver eisiger und frischer kühlender Charakter mit Noten von Eukalyptus und Menthol.",Deep Freeze AW Slim,Unisex,,,,,,,https://cdn.shopify.com/s/files/1/0072/0646/9679/products/Thunder-Deep-Freeze-Slim-AW.png,,,,,5.55,,1,G,30,IN,3,3,3,,,,
,,TH-6005-1,Unisex,Title,Default Title,,,,,,,,,,5.55,,1,G,30,IN,3,3,3,,,Thunder,Deep Freeze AW Slim
Blå WP,"Die One-Serie von Swedish Match soll die Klassiker ehren: Inspiert von Göteborgs Rapé wurde der ONE Blå White Portion entwickelt. Der Geschmack kommt mit einer Note von Wacholder, wobei der traditionelle Tabakgeschmack nicht zu kurz kommt. Dieser Snus hat eine Stärke von 13 mg/g Nikotin.",Blå WP,Unisex,,,,,,,https://cdn.shopify.com/s/files/1/0072/0646/9679/products/one-bla-white-portion.png,,,,,4.90,0.00,1,G,1,IN,3,3,3,,,,
,,OE-3005-1,Unisex,Title,Default Title,,,,,,,,,,4.90,0.00,1,G,1,IN,3,3,3,,,ONE,Blå WP
Perfect Pear AW,"<p>Der Sommer ist eine fantastische Zeit voller Sonne, Strand und eisigem Birneneis. Auch wenn wir nicht das ganze Jahr über sonnige Sommertage haben können, können wir dieses Gefühl überall hin mitnehmen. Sonnengereifte Birnen, die zusammen mit klaren Vanilletönen einen wunderbaren Geschmack und eine Weichheit erzeugen, die uns an Freizeit, Spiel und Wärme erinnern.</p>
<p> </p>
<p>Bei VID Perfect Pear wollten wir den Geschmack von köstlichem Birneneis hervorheben, einen Geschmack, den viele Menschen kennen und mögen. Die Aromen oszillieren zwischen Birnen-Vanille und Säure auf eine Weise, die herausfordernd ist, wenn es darum geht, was mit Aromen für Nikotinbeutel gemacht werden kann. Der weiche Geschmack und die angenehme Nikotinstärke machen VID Perfect Pear zum perfekten Produkt für diejenigen, die täglich Nikotinbeutel verwenden möchten, oder für diejenigen, die einen milden Nikotinbeutel wünschen, wenn das Verlangen nach Nikotin zu groß wird.</p>",Perfect Pear AW,Unisex,,,,,,,https://cdn.shopify.com/s/files/1/0072/0646/9679/products/VID-Perfect-Pear-AW.png,,,,,3.90,0.00,1,G,30000,IN,3,3,3,,,,
,,VI-8005-1,Unisex,Title,Default Title,,,,,,,,,,3.90,0.00,1,G,30000,IN,3,3,3,,,VID,Perfect Pear AW
Lavender WP Slim,"Sei es bei einem Aperitivo auf der Piazza Grande in Locarno bei Sonnenschein oder beim Faulenzen auf den heissen, rund geschliffenen Steinen des Verzascatals: Das dolce far niente südlich der Alpen hat etwas magisches. Diese Magie hat die Leaf Bakery in einem blumigen, fruchtigen und mit Kräutern angereicherten Snus einfangen. Der TRIFT Lavender verkörpert Leichtigkeit, puren Genuss und Lebensfreude. Ein Snus für die sonnigen Tage im Leben!",Lavender WP Slim,Unisex,,,,,,,https://cdn.shopify.com/s/files/1/0072/0646/9679/products/1639499494172943_trift-lavender-white-portion-slim.jpg,,,,,7.90,6.90,1,G,1,IN,3,3,3,,,,
,,TR-3005-1,Unisex,Title,Default Title,,,,,,,,,,7.90,6.90,1,G,1,IN,3,3,3,,,TRIFT,Lavender WP Slim
Super Strong Eucalyptus WP,"<meta charset=""utf-8"">
<div class=""item flex"">
<div class=""title"">
<div class=""info"">
<p>General Super Strong Eucalyptus WP - Ein moderner Klassiker mit würzigem Tabak und einem klaren Geschmack von Eukalyptus und Pfefferminze. Ein kompromissloses Tabakerlebnis, das auf stolzer Tradition und Handwerkskunst aufbaut. Ein milder und würziger Tabakgeschmack mit deutlichen Noten von Eukalyptus und Pfefferminze.</p>
</div>
</div>
</div>
<div class=""item flex""></div>",Super Strong Eucalyptus WP,Unisex,,,,,,,https://cdn.shopify.com/s/files/1/0072/0646/9679/products/general-super-strong-eucalyptus-wp.png,,,,,7.90,0.00,1,G,35000,IN,3,3,3,,,,
,,GE-7005-1,Unisex,Title,Default Title,,,,,,,,,,7.90,0.00,1,G,35000,IN,3,3,3,,,General,Super Strong Eucalyptus WP
Cold Mint Extra Strong AW,<span>Killa Cold Mint Extra Strong Slim All White - schlanke Portionen mit kühlendem Minzgeschmack.</span>,Cold Mint Extra Strong AW,Unisex,,,,,,,https://cdn.shopify.com/s/files/1/0072/0646/9679/products/c3a9d8486e1d81d69a40a5851c68db83.jpg,,,,,5.20,0.00,1,G,28000,IN,3,3,3,,,,
,,KI-1005-1,Unisex,Title,Default Title,,,,,,,,,,5.20,0.00,1,G,28000,IN,3,3,3,,,Killa,Cold Mint Extra Strong AW
Siberia Schwarz -80 Degrees WDP Mini,"<meta charset=""utf-8""><div class=""item flex""><div class=""title""><div class=""info""><p>Den beliebten schwarzen Siberia gibt es nun auch als White Dry Portion - schöne Dose und ein gewohnt starker Nikotinkick, einfach ohne Minz-/Mentholgeschmack. Siberia Black -80 Degrees White Dry Portion ist ein trockener Portionssnus mit einem sehr deutlichen Tabakgeschmack. Dieser Snus hat einen extrem hohen Nikotingehalt und eine Portion enthält mehr als fünfmal so viel Nikotin wie normal starker Snus (8 mg/g). Wird Menschen, die Nikotin gegenüber empfindlich sind, weniger empfohlen. Siberia zählt zusammen mit Oden‘s zu den beliebtesten Snusmarken der Schweiz. </p></div></div></div><div class=""item flex""></div>",Siberia Schwarz -80 Degrees WDP Mini,Unisex,,,,,,,https://cdn.shopify.com/s/files/1/0072/0646/9679/products/siberia-black-white-dry-mini-portion.png,,,,,4.90,0.00,1,G,18000,IN,3,3,3,,,,
,,SI-4115-1,Unisex,Title,Default Title,,,,,,,,,,4.90,0.00,1,G,18000,IN,3,3,3,,,Siberia,Siberia Schwarz -80 Degrees WDP Mini
Tropical Mango 150mg,"Mit CBD angereicherte Beutel mit kühler und subtiler Mango, die frisch, saftig aber nicht übermässig süss ist und an eine Reise auf eine exotische Insel erinnert. <span data-mce-fragment=""1"">Hergestellt mit allen natürlichen Zutaten (THC-Frei, Tabakfrei und Nikotinfrei). Rauchlos, diskret und schnell wirkend.</span><br>",Tropical Mango 150mg,Unisex,,,,,,,https://cdn.shopify.com/s/files/1/0072/0646/9679/products/cannadips-mango-cbd-pouches.png,,,,,12.90,,1,G,30,IN,3,3,3,,,,
,,CD-4000-1,Unisex,Title,Default Title,,,,,,,,,,12.90,,1,G,30,IN,3,3,3,,,Cannadips,Tropical Mango 150mg
Raw WP Slim,"<p>Bei diesem Snus hat sich die Leaf Bakery ganz an den traditionsreichen Rezepturen aus dem hohen Norden orientiert. Der Leaf Bakery ist es gelungen, einen hochqualitativen und traditionellen Snus mit hervorragendem Geschmack herzustellen. Wenn Du auf der Suche nach einer klassischen Snus-Variante bist, dann ist der TRIFT Raw genau das richtige für Dich. Trift Raw ist mit Sicherheit der beste Snus aus heimischer Produktion!<br></p>",Raw WP Slim,Unisex,,,,,,,https://cdn.shopify.com/s/files/1/0072/0646/9679/products/1639499405723941_trift-raw-white-portion-slim.jpg,,,,,7.90,6.90,1,G,1,IN,3,3,3,,,,
,,TR-1005-1,Unisex,Title,Default Title,,,,,,,,,,7.90,6.90,1,G,1,IN,3,3,3,,,TRIFT,Raw WP Slim
Grön WP,"<meta charset=""utf-8"">
<div class=""item flex"">
<div class=""title"">
<div class=""info"">
<p>Die One-Serie von Swedish Match soll die Klassiker ehren: Der ONE Grön White Portion Snus riecht nach feinen Früchten, Beeren, Kräutern und erinnert dabei an die schwedischen Wälder. Der ""Grüne"" der One-Serie ist dabei ebenfalls an den klassiker Göteborgs Rapé angelehnt und kommt mit 13 mg/g Nikotin.</p>
</div>
</div>
</div>
<div class=""item flex""></div>",Grön WP,Unisex,,,,,,,https://cdn.shopify.com/s/files/1/0072/0646/9679/products/one-gron-white-portion.png,,,,,4.90,0.00,1,G,1,IN,3,3,3,,,,
,,OE-4005-1,Unisex,Title,Default Title,,,,,,,,,,4.90,0.00,1,G,1,IN,3,3,3,,,ONE,Grön WP
Crushed Ice OP,"<meta charset=""utf-8"">
<div class=""item flex"">
<div class=""title"">
<div class=""info"">
<p>Die beliebteste Variante von Nick &amp; Johnny trifft auf tradionelles Snus Erlebnis: Der Nick &amp; Johnny Crushed Ice Xtra Strong Original Portion bietet ein Minz/Menthol Geschmackserlebnis in etwas feuchteren Beuteln. </p>
</div>
</div>
</div>
<div class=""item flex""></div>",Crushed Ice OP,Unisex,,,,,,,https://cdn.shopify.com/s/files/1/0072/0646/9679/products/1636553542143900_nick-johnny-crushed-ice-xtra-strong-portion.jpg,,,,,5.90,0.00,1,G,1,IN,3,3,3,,,,
,,NJ-2005-1,Unisex,Title,Default Title,,,,,,,,,,5.90,0.00,1,G,1,IN,3,3,3,,,Nick & Johnny,Crushed Ice OP
Cold Portion,"<meta charset=""utf-8"">
<div class=""item flex"">
<div class=""title""></div>
</div>
<div class=""item flex"">
<div class=""info"">
<p>Der Odens Cold bietet, wie der Name es bereits sagt, ein kaltes Gefühl. Der Tabak wird optimal mit dem Minzgeschmack ausgeglichen und mit seinen 9 mg/g Nikotin zählt dieser <a href=""https://snushus.ch/collections/original-portion"">Original Portion</a> Snus, zu den schwachen Sorten der Marke <a href=""https://snushus.ch/collections/odens"">Oden's</a>.</p>
</div>
<div class=""info""></div>
<div class=""info"">
<div class=""info"">
<div class=""item flex""></div>
</div>
</div>
</div>",Cold Portion,Unisex,,,,,,,https://cdn.shopify.com/s/files/1/0072/0646/9679/products/1636397421938446_odens-cold-portion.jpg,,,,,4.80,0.00,1,G,1,IN,3,3,3,,,,
,,OD-1105-1,Unisex,Title,Default Title,,,,,,,,,,4.80,0.00,1,G,1,IN,3,3,3,,,Oden's,Cold Portion
No.8 Raspberry Liqorice,"<p><span>Après No.8 Himbeer-Lakritz hat eine bewährte Geschmackskombination aus Himbeeren und Lakritz. Die Portionen sind im Slim-Format.</span></p>
<div class=""info"">
<div class=""info"">
<div class=""item flex"">
<div class=""title""></div>
</div>
</div>
</div>",No.8 Raspberry Liqorice,Unisex,,,,,,,https://cdn.shopify.com/s/files/1/0072/0646/9679/products/63b4e85f04bb64a309b30e0bd4b52c39.jpg,,,,,5.20,0.00,1,G,26000,IN,3,3,3,,,,
,,AP-8005-1,Unisex,Title,Default Title,,,,,,,,,,5.20,0.00,1,G,26000,IN,3,3,3,,,Après,No.8 Raspberry Liqorice
Explorer WP Slim,"<meta charset=""utf-8"">
<div class=""item flex"">
<div class=""title"">
<div class=""info"">
<p>General Explorer WP Slim - Ein vertrauter Geschmack in einer vertrauten Marke, die nur die hochwertigsten Zutaten verwendet. Ein weicher und würziger Tabakgeschmack mit deutlichen Noten von Lavendel und Wacholder, zusammen mit einem Hauch von Eiche und Zitrusfrüchten. Entdecken Sie die Geschichte der tapferen Seeleute, die Gewürze aus aller Welt mit nach Hause brachten.</p>
</div>
</div>
</div>
<div class=""item flex""></div>",Explorer WP Slim,Unisex,,,,,,,https://cdn.shopify.com/s/files/1/0072/0646/9679/products/general-explorer-wp-slim.png,,,,,7.90,0.00,1,G,35000,IN,3,3,3,,,,
,,GE-6005-1,Unisex,Title,Default Title,,,,,,,,,,7.90,0.00,1,G,35000,IN,3,3,3,,,General,Explorer WP Slim
Red Hot OP,"<meta charset=""utf-8"">
<div class=""item flex"">
<div class=""title"">
<div class=""info"">
<p>Wenn der Teufel einen Snus kreiert hätte, wäre es wohl der Nick &amp; Johnny Red Hot! Chilli, Zimt und Nelke wobei der Tabakgeschmack nicht zu kurz kommt. Eine Teufelsmischung.</p>
</div>
</div>
</div>
<div class=""item flex""></div>",Red Hot OP,Unisex,,,,,,,https://cdn.shopify.com/s/files/1/0072/0646/9679/products/1636553523511898_nick-johnny-red-hot-xtra-strong-portion.jpg,,,,,4.70,0.00,1,G,1,IN,3,3,3,,,,
,,NJ-1005-1,Unisex,Title,Default Title,,,,,,,,,,4.70,0.00,1,G,1,IN,3,3,3,,,Nick & Johnny,Red Hot OP
Ginger Lemon AW,"<p>Frisch geschälter Ingwer, frische Zitrone und Honig! Wer kann der bewährten Kombination widerstehen? Das Gewicht des Ingwers trifft auf die saure Zitrone und beide werden durch eine sanfte Süße verstärkt, die die Dreieinigkeit ergänzt, wenn es um den Hauptgeschmack der Entspannung geht. Die Aromen von VID Ginger Lemon wollen dir ein Gefühl von Pflege und Ruhe vermitteln – aber mit spürbarer Nikotinabgabe für lange Zeit.</p>
<p>Wenn etwas Sicheres und Umfassendes gefragt ist, ist VID Ginger Lemon die Antwort, wenn es um Nikotinbeutel geht. Die Aromen sind sauber und greifbar, ohne überwältigend zu sein, aber perfekt ausbalanciert für diejenigen, die einen erwachseneren Geschmack in ihrem Nikotinbeutel haben möchten.</p>",Ginger Lemon AW,Unisex,,,,,,,https://cdn.shopify.com/s/files/1/0072/0646/9679/products/VID-Ginger-Lemon-aw.png,,,,,3.90,0.00,1,G,30000,IN,3,3,3,,,,
,,VI-9005-1,Unisex,Title,Default Title,,,,,,,,,,3.90,0.00,1,G,30000,IN,3,3,3,,,VID,Ginger Lemon AW
Vit WP,"<meta charset=""utf-8"">
<div class=""item flex"">
<div class=""title"">
<div class=""info"">
<p>Die One-Serie von Swedish Match soll die Klassiker ehren: Der ONE Vit White Portion ist dabei von General inspiert und besticht mit seinem traditionellen Tabakgeschmack. Auch seine 13 mg/g Nikotin weichen dabei vom Konzept nicht ab. Eine tolle Homage!</p>
</div>
</div>
</div>
<div class=""item flex""></div>",Vit WP,Unisex,,,,,,,https://cdn.shopify.com/s/files/1/0072/0646/9679/products/one-vit-white-portion.png,,,,,4.90,0.00,1,G,1,IN,3,3,3,,,,
,,OE-1005-1,Unisex,Title,Default Title,,,,,,,,,,4.90,0.00,1,G,1,IN,3,3,3,,,ONE,Vit WP
Natural Mint 150mg,"CBD Portionsbeutelchen mit einem balancierten Geschmack von süsser und frischer Minze. <span data-mce-fragment=""1"">Hergestellt mit allen natürlichen Zutaten (THC-Frei, Tabakfrei und Nikotinfrei). Rauchlos, diskret und schnell wirkend.</span>",Natural Mint 150mg,Unisex,,,,,,,https://cdn.shopify.com/s/files/1/0072/0646/9679/products/cannadips-mint-cbd-pouches.png,,,,,12.90,,1,G,30,IN,3,3,3,,,,
,,CD-2000-1,Unisex,Title,Default Title,,,,,,,,,,12.90,,1,G,30,IN,3,3,3,,,Cannadips,Natural Mint 150mg
Gul WP,"<meta charset=""utf-8"">
<div class=""item flex"">
<div class=""title"">
<div class=""info"">
<p>Die One-Serie von Swedish Match soll die Klassiker ehren: Bei diesem Snus hat sich der Hersteller von General inspirieren lassen und dem traditionellen Tabakgeschmack eine Zitrus-Note hinzugegeben. Das Resultat ist der ONE Gul White Portion mit 13 mg/g Nikotin. Ein Produkt für Liebhaber!</p>
</div>
</div>
</div>
<div class=""item flex""></div>",Gul WP,Unisex,,,,,,,https://cdn.shopify.com/s/files/1/0072/0646/9679/products/one-gul-white-portion.png,,,,,4.90,0.00,1,G,1,IN,3,3,3,,,,
,,OE-2005-1,Unisex,Title,Default Title,,,,,,,,,,4.90,0.00,1,G,1,IN,3,3,3,,,ONE,Gul WP
Perfect Pear Strong AW,"Der Sommer ist eine fantastische Zeit voller Sonne, Strand und eisigem Birneneis. Auch wenn wir nicht das ganze Jahr über sonnige Sommertage haben können, können wir dieses Gefühl überall hin mitnehmen. Sonnengereifte Birnen, die zusammen mit klaren Vanilletönen einen wunderbaren Geschmack und eine Weichheit erzeugen, die uns an Freizeit, Spiel und Wärme erinnern.<br data-mce-fragment=""1""><br data-mce-fragment=""1""><br data-mce-fragment=""1"">Bei VID Perfect Pear Strong wollten wir den Geschmack von köstlichem Birneneis hervorheben, einen Geschmack, den viele Menschen kennen und mögen. Die Aromen oszillieren zwischen Birnen-Vanille und Säure auf eine Weise, die herausfordernd ist, wenn es darum geht, was mit Aromen für Nikotinbeutel gemacht werden kann. Der weiche Geschmack und die angenehme Nikotinstärke machen VID Perfect Pear zum perfekten Produkt für diejenigen, die täglich Nikotinbeutel verwenden möchten, oder für diejenigen, die einen milden Nikotinbeutel wünschen, wenn das Verlangen nach Nikotin zu groß wird.<br>",Perfect Pear Strong AW,Unisex,,,,,,,https://cdn.shopify.com/s/files/1/0072/0646/9679/products/VID_Perfect_Pear_Strong_dt.png,,,,,3.90,0.00,1,G,14,IN,3,3,3,,,,
,,VI-8105-1,Unisex,Title,Default Title,,,,,,,,,,3.90,0.00,1,G,14,IN,3,3,3,,,VID,Perfect Pear Strong AW
Fresh Wintergreen 150mg,"Mit CBD angereicherte Beutel mit erdigem und frisch schmeckendem Wintergrün, die sie zu einer Wanderung in einem kalifornischen Wald transportieren. <span data-mce-fragment=""1"">Hergestellt mit allen natürlichen Zutaten (THC-Frei, Tabakfrei und Nikotinfrei). Rauchlos, diskret und schnell wirkend. </span>",Fresh Wintergreen 150mg,Unisex,,,,,,,https://cdn.shopify.com/s/files/1/0072/0646/9679/products/cannadips-wintergreen-cbd-pouches.png,,,,,12.90,,1,G,30,IN,3,3,3,,,,
,,CD-5000-1,Unisex,Title,Default Title,,,,,,,,,,12.90,,1,G,30,IN,3,3,3,,,Cannadips,Fresh Wintergreen 150mg
Super White Nordic #4,"<meta charset=""utf-8""><div class=""item flex ""><div class=""title""></div></div><div class=""item flex "">
<div class=""info"">
<p><span></span><span>Auf aromatisierter Zellulosebasis und völlig frei von Tabak kommen auch die Skruf Super White Beutel im Slim Format. Ohne Tabak bedeutet ohne gewöhnungsbedürftigen Tabakgeruch sowie ohne jegliche Tabakschadstoffe - aktuell gibt es weltweit keine weniger schädliche Art, Nikotin zu konsumieren. All White Snus / Nicotine Pouches bietet sich deshalb vor allem Rauchern an, welche mit Rauchentwöhnung wie Nikotinpflaster, Nikotinkaugummi oder Nikotinspray nichts anfangen können.<br></span></p>
<p> </p>
<p>Der Skruf Super White Blueberry schmeckt nach süsser Brombeere und hat einen durchschnittlichen Nikotingehalt.</p>
</div>
<div class=""info""><div class=""info""><div class=""item flex "">
<div class=""title""><br></div>
<div class=""title""><br></div>
</div></div></div>
</div>",Super White Nordic #4,Unisex,,,,,,,https://cdn.shopify.com/s/files/1/0072/0646/9679/products/8c2dee2c2b977ab00f937715225e6eea.jpg,,,,,5.20,0.00,1,G,30000,IN,3,3,3,,,,
,,SK-1505-1,Unisex,Title,Default Title,,,,,,,,,,5.20,0.00,1,G,30000,IN,3,3,3,,,Skruf,Super White Nordic #4
Mint WP,"<meta charset=""utf-8"">
<div class=""item flex"">
<div class=""title""></div>
</div>
<div class=""item flex"">
<div class=""info"">
<p>Oden's Mint White Portion besticht mit seiner Minz-Note, wobei der Tabak nicht zu kurz kommt. Ein White Portion Snus mit 9 mg/g Nikotin. </p>
</div>
<div class=""info""></div>
<div class=""info"">
<div class=""info"">
<div class=""item flex""></div>
</div>
</div>
</div>",Mint WP,Unisex,,,,,,,https://cdn.shopify.com/s/files/1/0072/0646/9679/products/odens-mint-white-portion.png,,,,,4.80,0.00,1,G,1,IN,3,3,3,,,,
,,OD-9005-1,Unisex,Title,Default Title,,,,,,,,,,4.80,0.00,1,G,1,IN,3,3,3,,,Oden's,Mint WP
Classic Original WDP,"<p>Intensiver, kräftiger Snus mit frischem ""sibirischer"" Pfefferminze.</p>
<p>Bei den White Dry Portions von Royal Snus wird an der Stelle von Tabak eine Pflanzenart verwendet, die Damiana genannt wird. <br>Damiana ist eine Strauchpflanze, die zur Pflanzengattung der Safranmalven (turnera diffusa) gehört. Ihr natürliches Verbreitungsgebiet reicht vom südlichen Nordamerika bis nach Argentinien. Vorzugsweise gedeiht Damiana an trockenen, felsigen Standorten – etwa auf Klippen, auf Kalksteinen oder auch in Mischwäldern in Höhenlagen zwischen 500 Metern und 1950 Metern. Dazu wurde Damiana schon seit längerem auch in Mexiko als Tabakersatz verwendet.</p>",Classic Original WDP,Unisex,,,,,,,https://cdn.shopify.com/s/files/1/0072/0646/9679/products/royal-lifestyle-classic-original-wdp.jpg,,,,,7.90,0.00,1,G,36,IN,3,3,3,,,,
,,RL-1000-1,Unisex,Title,Default Title,,,,,,,,,,7.90,0.00,1,G,36,IN,3,3,3,,,Royal Lifestyle,Classic Original WDP
No.5 Après Ice Tea Peach Mini,"<p>Après No.5 Ice Tea Peach mini ist ein köstlicher, vollmundiger Eistee mit einem Geschmack von süssem Pfirsich mit einem Hauch von schwarzem Tee. Fast so, als hätten Sie eine grosse Karaffe direkt in einen weichen kleinen Beutel gegossen.</p>
<div class=""info"">
<div class=""info"">
<div class=""item flex"">
<div class=""title""></div>
</div>
</div>
</div>",No.5 Après Ice Tea Peach Mini,Unisex,,,,,,,https://cdn.shopify.com/s/files/1/0072/0646/9679/products/apres_no_5_ice_tea_peach_mini_aw_ff4ee7d2-b3b7-4500-a357-17e7d84bb260.jpg,,,,,5.20,0.00,1,G,26000,IN,3,3,3,,,,
,,AP-5019-1,Unisex,Title,Default Title,,,,,,,,,,5.20,0.00,1,G,26000,IN,3,3,3,,,Après,No.5 Après Ice Tea Peach Mini
Fresh Cola Strong AW,"VID ist die neuste Kreation vom Hause Kurbits Snus AB - kräftige Schweizer Aromen treffen auf schwedisches Snus Know How. Eine Abwechslung zu allen Nikotinbeuteln welche es bisher gab: VID Fresh Cola strong  ist, wie der Name schon sagt, ein All White Snus mit Cola Geschmack! Ein unbeschreibliches Geschmackserlebnis. Auf aromatisierter Zellulosebasis und völlig frei von Tabak kommen auch die VID Beutel im Slim Format. Ohne Tabak bedeutet ohne gewöhnungsbedürftigen Tabakgeruch sowie ohne jegliche Tabakschadstoffe - aktuell gibt es weltweit keine weniger schädliche Art, Nikotin zu konsumieren. All White Snus / Nicotine Pouches bietet sich deshalb vor allem Rauchern an, welche mit Rauchentwöhnung wie Nikotinpflaster, Nikotinkaugummi oder Nikotinspray nichts anfangen können.",Fresh Cola Strong AW,Unisex,,,,,,,https://cdn.shopify.com/s/files/1/0072/0646/9679/products/VID_Fresh_cola_Strong_dt.png,,,,,3.90,0.00,1,G,14,IN,3,3,3,,,,
,,VI-5105-1,Unisex,Title,Default Title,,,,,,,,,,3.90,0.00,1,G,14,IN,3,3,3,,,VID,Fresh Cola Strong AW
Tangy Citrus 150mg,"CBD Portionsbeutelchen mit scharfem Einschlag von säuerlicher Apfelsine und Zitrone. <span data-mce-fragment=""1"">Hergestellt mit allen natürlichen Zutaten (THC-Frei, Tabakfrei und Nikotinfrei). Rauchlos, diskret und schnell wirkend.</span>",Tangy Citrus 150mg,Unisex,,,,,,,https://cdn.shopify.com/s/files/1/0072/0646/9679/products/cannadips-citrus-cbd-pouches.png,,,,,12.90,,1,G,30,IN,3,3,3,,,,
,,CD-1000-1,Unisex,Title,Default Title,,,,,,,,,,12.90,,1,G,30,IN,3,3,3,,,Cannadips,Tangy Citrus 150mg
Super White Red Rhuby #3 AW,"<meta charset=""utf-8"">
<div class=""item flex "">
<div class=""title""></div>
</div>
<div class=""item flex "">
<div class=""info"">
<p>Auf aromatisierter Zellulosebasis und völlig frei von Tabak kommen auch die Skruf Super White Beutel im Slim Format. Ohne Tabak bedeutet ohne gewöhnungsbedürftigen Tabakgeruch sowie ohne jegliche Tabakschadstoffe - aktuell gibt es weltweit keine weniger schädliche Art, Nikotin zu konsumieren. All White Snus / Nicotine Pouches bietet sich deshalb vor allem Rauchern an, welche mit Rauchentwöhnung wie Nikotinpflaster, Nikotinkaugummi oder Nikotinspray nichts anfangen können.<br></p>
</div>
<div class=""info"">
<div class=""info"">
<div class=""item flex "">
<div class=""title"">
<p> </p>
<p>Der Skruf Super White Red Rhuby<span> schmeckt nach frischem Rhabarber </span>und hat einen durchschnittlichen<span> </span>Nikotingehalt.</p>
</div>
<div class=""title""><br></div>
</div>
</div>
</div>
</div>",Super White Red Rhuby #3 AW,Unisex,,,,,,,https://cdn.shopify.com/s/files/1/0072/0646/9679/products/skruf-red-rhuby-3-super-white.png,,,,,5.20,,1,G,30,IN,3,3,3,,,,
,,SK-5005-1,Unisex,Title,Default Title,,,,,,,,,,5.20,,1,G,30,IN,3,3,3,,,Skruf,Super White Red Rhuby #3 AW
Classic Slim WDP,"<p>Intensiver, kräftiger Snus mit frischem ""sibirischer"" Pfefferminze.</p>
<p><span>Bei den White Dry Portions von</span><span> Royal Snus wird an der Stelle von Tabak eine Pflanzenart verwendet, die Damiana genannt wird.</span><br><span>Damiana ist eine Strauchpflanze, die zur Pflanzengattung der Safranmalven (turnera diffusa) gehört. </span><span>Ihr natürliches Verbreitungsgebiet reicht vom südlichen Nordamerika bis nach Argentinien. Vorzugsweise gedeiht Damiana an trockenen, felsigen Standorten – etwa auf Klippen, auf Kalksteinen oder auch in Mischwäldern in Höhenlagen zwischen 500 Metern und 1950 Metern. Dazu wurde Damiana schon seit längerem auch in Mexiko als Tabakersatz verwendet.</span></p>",Classic Slim WDP,Unisex,,,,,,,https://cdn.shopify.com/s/files/1/0072/0646/9679/products/royal-lifestyle-classic-slim-wdp.jpg,,,,,7.90,0.00,1,G,36,IN,3,3,3,,,,
,,RL-1010-1,Unisex,Title,Default Title,,,,,,,,,,7.90,0.00,1,G,36,IN,3,3,3,,,Royal Lifestyle,Classic Slim WDP
Coffee Caramel Strong AW,"Der VID Coffee Caramel strong All White Snus ist die neuste Kreation vom Hause Kurbits Snus AB und überzeugt geschmacklich mit einer perfekten Balance zwischen starken Arabica-Kaffeebohnen sowie karamellisierter Vanille. Mittelmässig süss und durchschnittlich stark sind diese Beutel etwas für Geniesser, die den Kaffeegeschmack lieben!<br>Auf aromatisierter Zellulosebasis und völlig frei von Tabak kommen auch die VID Beutel im Slim Format. Ohne Tabak bedeutet ohne gewöhnungsbedürftigen Tabakgeruch sowie ohne jegliche Tabakschadstoffe - aktuell gibt es weltweit keine weniger schädliche Art, Nikotin zu konsumieren. All White Snus / Nicotine Pouches bietet sich deshalb vor allem Rauchern an, welche mit Rauchentwöhnung wie Nikotinpflaster, Nikotinkaugummi oder Nikotinspray nichts anfangen können.",Coffee Caramel Strong AW,Unisex,,,,,,,https://cdn.shopify.com/s/files/1/0072/0646/9679/products/VID_Caramel_Coffe_Strong_dt.png,,,,,3.90,0.00,1,G,14,IN,3,3,3,,,,
,,VI-7105-1,Unisex,Title,Default Title,,,,,,,,,,3.90,0.00,1,G,14,IN,3,3,3,,,VID,Coffee Caramel Strong AW
Mint-Lime Slim (Joker) AW,Kräftiger Special Snus mit Limettenkick auf Minze- Snus Special Limette/Mint SLIM Super White<br>,Mint-Lime Slim (Joker) AW,Unisex,,,,,,,https://cdn.shopify.com/s/files/1/0072/0646/9679/products/royal-lifestyle-mint-lime-joker-aw.jpg,,,,,6.90,0.00,1,G,32,IN,3,3,3,,,,
,,RL-3010-1,Unisex,Title,Default Title,,,,,,,,,,6.90,0.00,1,G,32,IN,3,3,3,,,Royal Lifestyle,Mint-Lime Slim (Joker) AW
American Spice 150mg,"CBD Portionsbeutelchen aus einer Mischung von Zimt / Schokolade mit einem Hauch von echtem Kaffee. <span data-mce-fragment=""1"">Hergestellt mit allen natürlichen Zutaten (THC-Frei, Tabakfrei und Nikotinfrei). Rauchlos, diskret und schnell wirkend. </span>",American Spice 150mg,Unisex,,,,,,,https://cdn.shopify.com/s/files/1/0072/0646/9679/products/cannadips-american-cbd-pouches.png,,,,,12.90,,1,G,30,IN,3,3,3,,,,
,,CD-3000-1,Unisex,Title,Default Title,,,,,,,,,,12.90,,1,G,30,IN,3,3,3,,,Cannadips,American Spice 150mg
Pink Grape 300mg,"Machen Sie sich bereit für einen intensiven, süssen Ausbruch von Grapefruit in jedem Voon Mini-Beutel aus weissem und trockenem Hanf.",Pink Grape 300mg,Unisex,,,,,,,https://cdn.shopify.com/s/files/1/0072/0646/9679/products/voon-pink-grape-cbd-pouches.png,,,,,12.90,,1,G,19000,IN,3,3,3,,,,
,,VO-4000-1,Unisex,Title,Default Title,,,,,,,,,,12.90,,1,G,19000,IN,3,3,3,,,Voon,Pink Grape 300mg
Salty Liquorice AW,Ein aufregendes Zusammenspiel von einer salzigen Note und dem einzigartigen Lakritze-Geschmack – das wird den Fans von VID Salty Liquorice Slim Strong All White Portion Nikotinbeutel mit Nikotingehalt 12 mg/g geboten.,Salty Liquorice AW,Unisex,,,,,,,https://cdn.shopify.com/s/files/1/0072/0646/9679/products/vid-salty-liquorice-aw.png,,,,,3.90,0.00,1,G,1,IN,3,3,3,,,,
,,VI-1205-1,Unisex,Title,Default Title,,,,,,,,,,3.90,0.00,1,G,1,IN,3,3,3,,,VID,Salty Liquorice AW
Royal Tea AW,"VELO Royal Tea Slim ist ein Nikotinbeutel, der Ihnen ein blumiges und frisches Geschmackserlebnis bietet. Der Geschmack ist gut ausbalanciert durch schwarzen Tee und Bergamotte mit einem süßen Abgang. VELO Royal Tea Slim hat den bekannten leichten, feuchten und schlanken Beutel. Perfekt für den täglichen Gebrauch.",Royal Tea AW,Unisex,,,,,,,https://cdn.shopify.com/s/files/1/0072/0646/9679/products/velo_royal_tea_aw.jpg,,,,,5.20,0.00,1,G,30,IN,3,3,3,,,,
,,VE-1705-1,Unisex,Title,Default Title,,,,,,,,,,5.20,0.00,1,G,30,IN,3,3,3,,,VELO (SE),Royal Tea AW
Mint-Menthol Slim (Punisher) AW,Royal Lifetsyle Cool Menthol Special Snus mit Minzaroma – Snus Special Menthol/Mint SLIM Super White,Mint-Menthol Slim (Punisher) AW,Unisex,,,,,,,https://cdn.shopify.com/s/files/1/0072/0646/9679/products/royal-lifestyle-menthol-mint-punisher-aw.jpg,,,,,6.90,0.00,1,G,32,IN,3,3,3,,,,
,,RL-6010-1,Unisex,Title,Default Title,,,,,,,,,,6.90,0.00,1,G,32,IN,3,3,3,,,Royal Lifestyle,Mint-Menthol Slim (Punisher) AW
Ice Mint Slim AW,Erfrischender Snus mit vollmundigem Charakter – Snus Super White Ice Mint SLIM,Ice Mint Slim AW,Unisex,,,,,,,https://cdn.shopify.com/s/files/1/0072/0646/9679/products/royal-lifestyle-ice-mint-aw.jpg,,,,,6.90,0.00,1,G,32,IN,3,3,3,,,,
,,RL-2010-1,Unisex,Title,Default Title,,,,,,,,,,6.90,0.00,1,G,32,IN,3,3,3,,,Royal Lifestyle,Ice Mint Slim AW
Cool Spearmint 300mg,"Der sanftere, etwas süssere eisige Minzgeschmack der Voon Mini-Beutel aus weissem und trockenem Hanf. Perfekt . Um den ganzen Tag erfrischt zu bleiben.",Cool Spearmint 300mg,Unisex,,,,,,,https://cdn.shopify.com/s/files/1/0072/0646/9679/products/voon-cool-spearmint-cbd-pouches.png,,,,,12.90,,1,G,19000,IN,3,3,3,,,,
,,VO-2000-1,Unisex,Title,Default Title,,,,,,,,,,12.90,,1,G,19000,IN,3,3,3,,,Voon,Cool Spearmint 300mg
No.8 Après Raspberry Liqorice Mini,"<p>Après No.8 Himbeer-Lakritz mini hat eine bewährte Geschmackskombination aus Himbeeren und Lakritz. Die Portionen sind im Slim-Format.</p>
<div class=""info"">
<div class=""info"">
<div class=""item flex"">
<div class=""title""></div>
</div>
</div>
</div>",No.8 Après Raspberry Liqorice Mini,Unisex,,,,,,,https://cdn.shopify.com/s/files/1/0072/0646/9679/products/apres_no_8_Raspberry_Liqorice_mini_aw_5833eadf-8d7b-4f54-ac57-1986ec33eaa0.jpg,,,,,5.20,0.00,1,G,26000,IN,3,3,3,,,,
,,AP-8019-1,Unisex,Title,Default Title,,,,,,,,,,5.20,0.00,1,G,26000,IN,3,3,3,,,Après,No.8 Après Raspberry Liqorice Mini
Chill-Mint Slim (Sparten) AW,Cool Chill Mint Special Snus mit verschiedene Minzaroma – Snus Special Chill/Mint SLIM Super White,Chill-Mint Slim (Sparten) AW,Unisex,,,,,,,https://cdn.shopify.com/s/files/1/0072/0646/9679/products/royal-lifestyle-chill-mint-spartan-aw.jpg,,,,,6.90,0.00,1,G,32,IN,3,3,3,,,,
,,RL-4010-1,Unisex,Title,Default Title,,,,,,,,,,6.90,0.00,1,G,32,IN,3,3,3,,,Royal Lifestyle,Chill-Mint Slim (Sparten) AW
Wintergreen 300mg,Erleben Sie einen hauch Hanf kombiniert mit einem Spritzer winterlicher Minz-Erfrischung und einem Hauch Süsse in jedem Mini Hanfbeutel von Voon,Wintergreen 300mg,Unisex,,,,,,,https://cdn.shopify.com/s/files/1/0072/0646/9679/products/voon-wintergreen-cbd-pouches.png,,,,,12.90,,1,G,19000,IN,3,3,3,,,,
,,VO-1000-1,Unisex,Title,Default Title,,,,,,,,,,12.90,,1,G,19000,IN,3,3,3,,,Voon,Wintergreen 300mg
No.4 Après Cola Mini,"Après No.4 Cola mini ist ab sofort dein neuer Favorit. Ein Geschmack, der die Nostalgie von Cola verspricht, wie wir sie alle kennen und lieben. Ein sinnliches Erlebnis, welches am liebsten niemehr enden sollte. ÜBER APRÈS<br data-mce-fragment=""1""><br data-mce-fragment=""1"">Après ist eine Premiummarke aus Stockholm, Schweden, die bestrebt ist, einzigartige und raffinierte Aromen in einem zeitlosen Design zu entwickeln. <br data-mce-fragment=""1"">Unsere Produkte strahlen Innovation, Schönheit und Qualität aus.<br data-mce-fragment=""1""><br data-mce-fragment=""1"">Die Mission ist es, Gefühle und Erinnerungen mit Stil einzufangen und sich deutlich von anderen Alternativen zu unterscheiden. Alles, um Ihnen ein optimales Erlebnis zu bieten und gleichzeitig die Umwelt zu schonen. Unsere Produkte und Verpackungen werden aus pflanzlichen Materialien hergestellt.<br data-mce-fragment=""1""><br data-mce-fragment=""1"">Alle Après-Produkte werden in Stockholm, Schweden, entwickelt und produziert.<br data-mce-fragment=""1""><br data-mce-fragment=""1"">Wir haben Après als Premiummarke geschaffen, bei der wir uns bemühen, einzigartige und raffinierte Aromen in einem zeitlosen Design zu entwickeln. Innovation, Ästhetik und Qualität sind die Werte, die uns leiten.<br>
<div class=""info"">
<div class=""info"">
<div class=""item flex"">
<div class=""title""></div>
</div>
</div>
</div>",No.4 Après Cola Mini,Unisex,,,,,,,https://cdn.shopify.com/s/files/1/0072/0646/9679/products/apres_no_4_cola_mini_aw_31f08256-762f-4fb5-8cc4-2be9a5abb1ce.jpg,,,,,5.20,0.00,1,G,26000,IN,3,3,3,,,,
,,AP-4019-1,Unisex,Title,Default Title,,,,,,,,,,5.20,0.00,1,G,26000,IN,3,3,3,,,Après,No.4 Après Cola Mini
Eucalyptus Slim AW,Belebender Snus mit vollmundigem Charakter – Snus Super White Eucalypthus SLIM,Eucalyptus Slim AW,Unisex,,,,,,,https://cdn.shopify.com/s/files/1/0072/0646/9679/products/royal-lifestyle-eucalyptus-aw.jpg,,,,,6.90,0.00,1,G,32,IN,3,3,3,,,,
,,RL-5010-1,Unisex,Title,Default Title,,,,,,,,,,6.90,0.00,1,G,32,IN,3,3,3,,,Royal Lifestyle,Eucalyptus Slim AW
Eucalyptus X-Strong AW,"<span data-mce-fragment=""1"">Von der bekannten Marke Velo kommt mit Velo Eucalyptus Slim X-Strong All White Portion eine neue Geschmacksrichtung der populären Marke. Dabei ist nicht nur das Geschmackserlebnis recht intensiv. Auch der Nikotinkick ist mit einem Nikotingehalt 15,6 mg/g eher stark. Die 20 All-White Portionen im Slim-Format sind zudem in einer praktischen Dose verpackt, die auch für unterwegs passt.</span>",Eucalyptus X-Strong AW,Unisex,,,,,,,https://cdn.shopify.com/s/files/1/0072/0646/9679/products/velo_eucalyptus_x_strong_aw.jpg,,,,,5.20,0.00,1,G,30,IN,3,3,3,,,,
,,VE-1805-1,Unisex,Title,Default Title,,,,,,,,,,5.20,0.00,1,G,30,IN,3,3,3,,,VELO (SE),Eucalyptus X-Strong AW
Mini Ice Cool Strong AW,"<span data-mce-fragment=""1"">Die Minibeutel haben den gleichen intensiv kühlenden Minzgeschmack, für den VELO Ice Cool bekannt ist: scharfe Pfefferminze mit einem Hauch von Süsse und Minze.</span>",Mini Ice Cool Strong AW,Unisex,,,,,,,https://cdn.shopify.com/s/files/1/0072/0646/9679/products/velo_mini_ice_cool_strong_aw.jpg,,,,,5.20,0.00,1,G,20,IN,3,3,3,,,,
,,VE-6105-1,Unisex,Title,Default Title,,,,,,,,,,5.20,0.00,1,G,20,IN,3,3,3,,,VELO (SE),Mini Ice Cool Strong AW
Original,"<meta charset=""utf-8"">
<div class=""item flex "">
<div class=""title"">
<div class=""info"">
<p><span>Ein rauchloses Tabakprodukt aus Dänemark. Geeignet als Ersatzprodukt für Zigaretten. Die kleinen Oliver Twist Tabakdragees entfalten ihre Wirkung unter der Lippe und stillen die Lust zu Rauchen.</span></p>
</div>
</div>
</div>
<div class=""item flex ""></div>",Original,Unisex,,,,,,,https://cdn.shopify.com/s/files/1/0072/0646/9679/products/original.png,,,,,6.40,,1,G,30,IN,3,3,3,,,,
,,OT-1000-1,Unisex,Menge auswählen,1 Dose à 6.40,,,,,,,,,,6.40,,1,G,30,IN,3,3,3,,,Oliver Twist,Original
Extreme OP,"Odens Cold Extreme Original Portion ist ein Produkt für traditionelle Snuser.<br data-mce-fragment=""1"">Durch die feuchten Beutel kommt der Nikotingehalt noch besser zur Wirkung als bei vergleichbaren Oden's Produkten.",Extreme OP,Unisex,,,,,,,https://cdn.shopify.com/s/files/1/0072/0646/9679/products/odens_extreme_original_portion.jpg,,,,,4.80,0.00,1,G,20,IN,3,3,3,,,,
,,OD-7105-1,Unisex,Title,Default Title,,,,,,,,,,4.80,0.00,1,G,20,IN,3,3,3,,,Oden's,Extreme OP
Brown -80 Degrees OP,"<meta charset=""utf-8"">
<div class=""item flex"">
<div class=""title"">
<div class=""info"">
<p>Siberia Braun Original Portion ist der traditionelle Bruder des <a href=""https://snushus.ch/products/siberia-rot-80-degrees-white-dry-portion"">roten Siberia</a>. Ein Portion Snus mit Minz Aroma und den bekannten 43 mg/g Nikotin! </p>
</div>
</div>
</div>
<div class=""item flex""></div>",Brown -80 Degrees OP,Unisex,,,,,,,https://cdn.shopify.com/s/files/1/0072/0646/9679/products/1636398926398455_siberia-brown-original-portion.jpg,,,,,5.20,0.00,1,G,1,IN,3,3,3,,,,
,,SI-5005-1,Unisex,Title,Default Title,,,,,,,,,,5.20,0.00,1,G,1,IN,3,3,3,,,Siberia,Brown -80 Degrees OP
COLD Bigpack,Der edel Cold das bisher stärkste All White Produkt auf dem Schweizer Markt. Unsere einzigartige Minz-Menthol Mischung mit Frischebooster und 20 mg/g Nikotin wurde explizit für die Vorlieben der heimischen Konsumenten entwickelt. Mit der Kraft vom COLD kann kommen was wolle - immer und überall. Jetzt auch in der Vorteilspackung mit 100 Beutel! Die abgebildeten Dosen auf Bild 2 sind nur als Vergleich zu verstehen und sind im Bigpack nicht enthalten.,COLD Bigpack,Unisex,,,,,,,https://cdn.shopify.com/s/files/1/0072/0646/9679/products/edelsnus-cold-all-white-big-pack.png,https://cdn.shopify.com/s/files/1/0072/0646/9679/products/edelsnus-cold-all-white-big-pack-comparison.png,,,,24.90,0.00,1,G,1,IN,3,3,3,,,,
,,ED-1020-1,Unisex,Title,Default Title,,,,,,,,,,24.90,0.00,1,G,1,IN,3,3,3,,,edel,COLD Bigpack
ONYX Bigpack,"<p><span data-mce-fragment=""1"">Saftige Bergkräutermischung mit einem Hauch von Eukalyptus – nochmal deutlich mehr Kick als der beliebte edel COLD. Onyx ist nichts für schwache Gemüter, aber trotzdem unglaublich lecker.  Bist du bereit für den Kick? Feel Unique und tauche ein in die Welt von edel.</span></p>
<p><span data-mce-fragment=""1"">Den edel ONYX gibt es jetzt auch in der Grosspackung mit 100 Beuteln! Die abgebildeten Dosen auf Bild 2 sind nur als Vergleich zu verstehen und sind im Bigpack nicht enthalten.</span></p>",ONYX Bigpack,Unisex,,,,,,,https://cdn.shopify.com/s/files/1/0072/0646/9679/products/edelsnus-onyx-all-white-big-pack.png,https://cdn.shopify.com/s/files/1/0072/0646/9679/products/edelsnus-onyx-all-white-big-pack-comparison.png,,,,24.90,0.00,1,G,1,IN,3,3,3,,,,
,,ED-9020-1,Unisex,Title,Default Title,,,,,,,,,,24.90,0.00,1,G,1,IN,3,3,3,,,edel,ONYX Bigpack
Lime Smash AW DUOPACK,"<span data-mce-fragment=""1"">Der DOPE Lime Smash Strong ist eine exotische Mischung aus dem eisigen Gefühl von DOPE und dem süsslichen Geschmack von Limette. Die DOPE RUSH Instant Kick Technologie setzt das Nikotin mit intensivem und kraftvollem Kick frei. Wenn Du einen erfrischenden Geschmack mit garantiertem Kick willst, ist Deine Wahl DOPE! Jede Dose enthält 22 Nikotinbeutel im Slimformat.</span>",Lime Smash AW DUOPACK,Unisex,,,,,,,https://cdn.shopify.com/s/files/1/0072/0646/9679/products/Dope_Lime_Smash_Strong_Edition.jpg,,,,,5.90,,1,G,15,IN,3,3,3,,,,
,,DO-2020-1,Unisex,Title,Default Title,,,,,,,,,,5.90,,1,G,15,IN,3,3,3,,,DOPE,Lime Smash AW DUOPACK
Ice Mango AW DUOPACK,"<span data-mce-fragment=""1"">Der DOPE Ice Mango Strong ist eine saftige Mischung aus dem eisigen Gefühl von DOPE und dem unverwechselbaren fruchtigen Geschmack von Mango. Die DOPE RUSH Instant Kick Technologie setzt das Nikotin mit intensivem und kraftvollem Kick frei. Wenn Du einen erfrischenden Geschmack mit garantiertem Kick willst, ist Deine Wahl DOPE! Jede Dose enthält 22 Nikotinbeutel im Slimformat.</span>",Ice Mango AW DUOPACK,Unisex,,,,,,,https://cdn.shopify.com/s/files/1/0072/0646/9679/products/dope_ice_mango_strong_edition.jpg,,,,,5.90,0.00,1,G,15,IN,3,3,3,,,,
,,DO-1020-1,Unisex,Title,Default Title,,,,,,,,,,5.90,0.00,1,G,15,IN,3,3,3,,,DOPE,Ice Mango AW DUOPACK
Habanero Mint Extra Strong AW,"<p data-mce-fragment=""1"">Loop Habanero Mint Extra Strong<strong data-mce-fragment=""1""><span data-mce-fragment=""1""> </span></strong>ist ein starker Nikotinbeutel mit einer Kombination aus scharfer Habanero (Chili) und kühler Minze, wodurch das Erlebnis dieses starken Nikotinbeutels sehr intensiv ist. Die Mischung aus würzigem Chili und kühlender Minze ist genial und köstlich interessant.</p>
<p data-mce-fragment=""1"">Diese Nikotinbeutel enthalten einen Nikotingehalt von 20 mg/g, was stark ist. Sie geben ihren Inhalt dank LOOPs InstantRush-Technologie schnell und kraftvoll ab, was bedeutet, dass der Nikotinkick aus diesen Beuteln stark und unmittelbar ist. Eine Dose kommt mit 24 Beuteln, die schlank und feucht und völlig tropffrei sind.</p>
<p data-mce-fragment=""1"">LOOP ist eine Marke, die das Wort Spaß wirklich verkörpert. Ihre Dosen, ihre Geschmacksrichtungen, ihre Website, alles an ihnen sticht hervor und das ist ein Grund für die Liebe, die sie erhalten haben. Sie sind auch für ihre Intensität und ihren starken Nikotingehalt bekannt, der zwischen 10 mg/g und 20 mg/g liegt</p>",Habanero Mint Extra Strong AW,Unisex,,,,,,,https://cdn.shopify.com/s/files/1/0072/0646/9679/products/Loop_Habanero_mint_extra_strong.png,,,,,8.90,0.00,1,G,13,IN,3,3,3,,,,
,,LO-2000-1,Unisex,Title,Default Title,,,,,,,,,,8.90,0.00,1,G,13,IN,3,3,3,,,LOOP,Habanero Mint Extra Strong AW
Jalapeno Lime Extra Strong AW,"<p data-mce-fragment=""1"">Loop Jalapeño Lime Slim Strong<span data-mce-fragment=""1""> </span>ist sicherlich einzigartig. Mit seinen scharfen Noten von grünem Jalapeño, die Sie sofort erreichen, wenn der Nikotinbeutel unter der Oberlippe angefeuchtet ist, und dem säuerlichen Abgang in Form von Limette wird er Ihnen ein Geschmackserlebnis bescheren, das Sie so schnell nicht vergessen werden! Minzprodukte waren anfangs das große Ding in Europa. Heute gibt es sie in Hülle und Fülle. Aber irgendwann gab es eine Verschiebung der Nachfrage und die europäischen Anwender wünschen sich jetzt einzigartigere Mischungen wie Jalapeño und Limette!</p>
<p data-mce-fragment=""1"">Die Portionen sind dünn und schmal, wodurch sie perfekt unter Ihre Lippe passen. Dank des all white, tabakfreien Inhalts jedes Beutels verfärben sich Ihre Zähne nicht. Auch übermäßiges Tropfen ist nicht zu befürchten. Mit der ständigen Bewegung von Menschen über Ozeane und Ländergrenzen hinweg wird es für die Benutzer immer wichtiger, einen diskreten Beutel zu haben, der keiner Erklärung oder Rechtfertigung bedarf – hier eignen sich die unglaublichen Beutel von LOOP wirklich hervorragend. Sie sind beides – bequem und diskret! Der Nikotingehalt liegt bei 15 mg/g – ein starker Nikotingehalt, der vom erfahrenen Benutzer geschätzt wird.</p>
<p data-mce-fragment=""1"">LOOP wird von Another Snus Factory hergestellt, die ihren Sitz in Stockholm und in Oslo hat. LOOP ist die erste Marke dieses aufstrebenden Snusherstellers.</p>",Jalapeno Lime Extra Strong AW,Unisex,,,,,,,https://cdn.shopify.com/s/files/1/0072/0646/9679/products/Loop_Jalapeno_lime_extra_strong.png,,,,,8.90,,1,G,13,IN,3,3,3,,,,
,,LO-1000-1,Unisex,Title,Default Title,,,,,,,,,,8.90,,1,G,13,IN,3,3,3,,,LOOP,Jalapeno Lime Extra Strong AW
Snazzy Tangerine 300mg,Probieren Sie eine Mischung aus leichten Mandarinen-Säure- und Limettenaromen mit einem Hauch süsse in jedem Voon Mini- Beutel aus weissem und trockenem Hanf.,Snazzy Tangerine 300mg,Unisex,,,,,,,https://cdn.shopify.com/s/files/1/0072/0646/9679/products/voon-snazzy-tangerine-cbd-pouches.jpg,,,,,10.35,,1,G,19000,IN,3,3,3,,,,
,,VO-3000-1,Unisex,Title,Default Title,,,,,,,,,,10.35,,1,G,19000,IN,3,3,3,,,Voon,Snazzy Tangerine 300mg
Classic Original WDP,"<p>Intensiver, kräftiger Snus mit frischem ""sibirischer"" Pfefferminze.</p>
<p>Bei den White Dry Portions von Royal Snus wird an der Stelle von Tabak eine Pflanzenart verwendet, die Damiana genannt wird. <br>Damiana ist eine Strauchpflanze, die zur Pflanzengattung der Safranmalven (turnera diffusa) gehört. Ihr natürliches Verbreitungsgebiet reicht vom südlichen Nordamerika bis nach Argentinien. Vorzugsweise gedeiht Damiana an trockenen, felsigen Standorten – etwa auf Klippen, auf Kalksteinen oder auch in Mischwäldern in Höhenlagen zwischen 500 Metern und 1950 Metern. Dazu wurde Damiana schon seit längerem auch in Mexiko als Tabakersatz verwendet.</p>",Classic Original WDP,Unisex,,,,,,,https://cdn.shopify.com/s/files/1/0072/0646/9679/products/royal-lifestyle-classic-original-wdp.jpg,,,,,7.90,0.00,1,G,36,IN,3,3,3,,,,
,,RL-1000-1,Unisex,Title,Default Title,,,,,,,,,,7.90,0.00,1,G,36,IN,3,3,3,,,Royal Lifestyle,Classic Original WDP
Classic Slim WDP,"<p>Intensiver, kräftiger Snus mit frischem ""sibirischer"" Pfefferminze.</p>
<p><span>Bei den White Dry Portions von</span><span> Royal Snus wird an der Stelle von Tabak eine Pflanzenart verwendet, die Damiana genannt wird.</span><br><span>Damiana ist eine Strauchpflanze, die zur Pflanzengattung der Safranmalven (turnera diffusa) gehört. </span><span>Ihr natürliches Verbreitungsgebiet reicht vom südlichen Nordamerika bis nach Argentinien. Vorzugsweise gedeiht Damiana an trockenen, felsigen Standorten – etwa auf Klippen, auf Kalksteinen oder auch in Mischwäldern in Höhenlagen zwischen 500 Metern und 1950 Metern. Dazu wurde Damiana schon seit längerem auch in Mexiko als Tabakersatz verwendet.</span></p>",Classic Slim WDP,Unisex,,,,,,,https://cdn.shopify.com/s/files/1/0072/0646/9679/products/royal-lifestyle-classic-slim-wdp.jpg,,,,,7.90,0.00,1,G,36,IN,3,3,3,,,,
,,RL-1010-1,Unisex,Title,Default Title,,,,,,,,,,7.90,0.00,1,G,36,IN,3,3,3,,,Royal Lifestyle,Classic Slim WDP
Mint-Lime Slim (Joker) AW,Kräftiger Special Snus mit Limettenkick auf Minze- Snus Special Limette/Mint SLIM Super White<br>,Mint-Lime Slim (Joker) AW,Unisex,,,,,,,https://cdn.shopify.com/s/files/1/0072/0646/9679/products/royal-lifestyle-mint-lime-joker-aw.jpg,,,,,6.90,0.00,1,G,32,IN,3,3,3,,,,
,,RL-3010-1,Unisex,Title,Default Title,,,,,,,,,,6.90,0.00,1,G,32,IN,3,3,3,,,Royal Lifestyle,Mint-Lime Slim (Joker) AW
Mint-Menthol Slim (Punisher) AW,Royal Lifetsyle Cool Menthol Special Snus mit Minzaroma – Snus Special Menthol/Mint SLIM Super White,Mint-Menthol Slim (Punisher) AW,Unisex,,,,,,,https://cdn.shopify.com/s/files/1/0072/0646/9679/products/royal-lifestyle-menthol-mint-punisher-aw.jpg,,,,,6.90,0.00,1,G,32,IN,3,3,3,,,,
,,RL-6010-1,Unisex,Title,Default Title,,,,,,,,,,6.90,0.00,1,G,32,IN,3,3,3,,,Royal Lifestyle,Mint-Menthol Slim (Punisher) AW
Ice Mint Slim AW,Erfrischender Snus mit vollmundigem Charakter – Snus Super White Ice Mint SLIM,Ice Mint Slim AW,Unisex,,,,,,,https://cdn.shopify.com/s/files/1/0072/0646/9679/products/royal-lifestyle-ice-mint-aw.jpg,,,,,6.90,0.00,1,G,32,IN,3,3,3,,,,
,,RL-2010-1,Unisex,Title,Default Title,,,,,,,,,,6.90,0.00,1,G,32,IN,3,3,3,,,Royal Lifestyle,Ice Mint Slim AW
Chill-Mint Slim (Sparten) AW,Cool Chill Mint Special Snus mit verschiedene Minzaroma – Snus Special Chill/Mint SLIM Super White,Chill-Mint Slim (Sparten) AW,Unisex,,,,,,,https://cdn.shopify.com/s/files/1/0072/0646/9679/products/royal-lifestyle-chill-mint-spartan-aw.jpg,,,,,6.90,0.00,1,G,32,IN,3,3,3,,,,
,,RL-4010-1,Unisex,Title,Default Title,,,,,,,,,,6.90,0.00,1,G,32,IN,3,3,3,,,Royal Lifestyle,Chill-Mint Slim (Sparten) AW
Eucalyptus Slim AW,Belebender Snus mit vollmundigem Charakter – Snus Super White Eucalypthus SLIM,Eucalyptus Slim AW,Unisex,,,,,,,https://cdn.shopify.com/s/files/1/0072/0646/9679/products/royal-lifestyle-eucalyptus-aw.jpg,,,,,6.90,0.00,1,G,32,IN,3,3,3,,,,
,,RL-5010-1,Unisex,Title,Default Title,,,,,,,,,,6.90,0.00,1,G,32,IN,3,3,3,,,Royal Lifestyle,Eucalyptus Slim AW
Rot -80 Degrees WDP,"<meta charset=""utf-8"">
<div class=""item flex"">
<div class=""title"">
<div class=""info"">
<p>Siberia White Dry ist ein Portionssnus mit einem sehr deutlichen Minzgeschmack und erscheint in trockenen Portionen mit niedrigerem Feuchtigkeitsgehalt, weshalb er auch weniger rinnt. Dieser Snus hat einen extrem hohen Nikotingehalt und eine Portion enthält mehr als fünfmal so viel Nikotin wie normal starker Snus (8 mg/g). Wird Menschen, die Nikotin gegenüber empfindlich sind, weniger empfohlen. Siberia zählt zusammen mit <a href=""https://snushus.ch/collections/odens"" title=""Odens"">Oden‘s</a> zu den beliebtesten Snusmarken der Schweiz. <span>Bei Fragen, Wünschen oder Anregungen </span><span>kannst du </span><span>uns </span><span>gerne auf der </span><span></span><a href=""https://snushus.ch/pages/kontakt"" title=""Kontakt"">Kontaktseite</a><span> s</span><span>chreiben</span><span>.</span></p>
</div>
</div>
</div>
<div class=""item flex""></div>",Rot -80 Degrees WDP,Unisex,,,,,,,https://cdn.shopify.com/s/files/1/0072/0646/9679/products/siberia-red-white-dry-portion.png,,,,,5.20,,1,G,30,IN,3,3,3,,,,
,,SI-1005-1,Unisex,Title,Default Title,,,,,,,,,,5.20,,1,G,30,IN,3,3,3,,,Siberia,Rot -80 Degrees WDP
Rot -80 Degrees WDP - Slim,"<div class=""info"">
<div class=""info"">
<p>Siberia White Dry ist ein Portionssnus mit einem sehr deutlichen Minzgeschmack und erscheint in trockenen Portionen mit niedrigerem Feuchtigkeitsgehalt, weshalb er auch weniger rinnt. Dieser Snus hat einen extrem hohen Nikotingehalt und eine Portion enthält mehr als fünfmal so viel Nikotin wie normal starker Snus (8 mg/g). Wird Menschen, die Nikotin gegenüber empfindlich sind, weniger empfohlen. Siberia zählt zusammen mit <a href=""https://snushus.ch/collections/odens"" title=""Oden´s"">Oden‘s</a> zu den beliebtesten Snusmarken der Schweiz.<span> Bei Fragen, Wünschen oder Anregungen kannst du uns gerne auf der </span><span></span><a href=""https://snushus.ch/pages/kontakt"" title=""Kontakt"">Kontaktseite<span> </span></a><span>schreiben. </span></p>
</div>
<div class=""info"">
<div class=""info"">
<div class=""item flex ""></div>
</div>
</div>
</div>
<div class=""info"">
<div class=""info"">
<div class=""item flex ""></div>
</div>
</div>",Rot -80 Degrees WDP - Slim,Unisex,,,,,,,https://cdn.shopify.com/s/files/1/0072/0646/9679/products/siberia-red-white-dry-slim-portion.png,,,,,5.20,,1,G,30,IN,3,3,3,,,,
,,SI-1015-1,Unisex,Title,Default Title,,,,,,,,,,5.20,,1,G,30,IN,3,3,3,,,Siberia,Rot -80 Degrees WDP - Slim
Rot -80 Degrees WDP - Mini,"<div class=""info"">
<div class=""info""><p>Siberia White Dry ist ein Portionssnus mit einem sehr deutlichen Minzgeschmack und erscheint in trockenen Portionen mit niedrigerem Feuchtigkeitsgehalt, weshalb er auch weniger rinnt. Dieser Snus hat einen extrem hohen Nikotingehalt und eine Portion enthält mehr als fünfmal so viel Nikotin wie normal starker Snus (8 mg/g). Wird Menschen, die Nikotin gegenüber empfindlich sind, weniger empfohlen. Siberia zählt zusammen mit <a href=""https://snushus.ch/collections/odens"" title=""Oden´s"">Oden‘s</a> zu den beliebtesten Snusmarken der Schweiz.<span> Bei Fragen, Wünschen oder Anregungen kannst du uns gerne auf der </span><span></span><a href=""https://snushus.ch/pages/kontakt"" title=""Kontakt"">Kontaktseite<span> </span></a><span>schreiben. </span></p></div>
<div class=""info""><div class=""info""><div class=""item flex ""></div></div></div>
</div><div class=""info""><div class=""info""><div class=""item flex ""></div></div></div>",Rot -80 Degrees WDP - Mini,Unisex,,,,,,,https://cdn.shopify.com/s/files/1/0072/0646/9679/products/siberia-red-white-dry-portion-mini.png,,,,,4.90,0.00,1,G,9,IN,3,3,3,,,,
,,SI-1115-1,Unisex,Title,Default Title,,,,,,,,,,4.90,0.00,1,G,9,IN,3,3,3,,,Siberia,Rot -80 Degrees WDP - Mini
Rot -80 Degrees WDP 500g Box,"<meta charset=""utf-8"">
<div class=""item flex "">
<div class=""title"">
<div class=""info"">
<span>Siberia White Dry ist ein Portionssnus mit einem sehr deutlichen Minzgeschmack und erscheint in trockenen Portionen mit niedrigerem Feuchtigkeitsgehalt, weshalb er auch weniger rinnt. Dieser Snus hat einen extrem hohen Nikotingehalt und eine Portion enthält mehr als fünfmal so viel Nikotin wie normal starker Snus (8 mg/g). Wird Menschen, die Nikotin gegenüber empfindlich sind, weniger empfohlen. Siberia zählt zusammen mit </span><a href=""https://snushus.ch/collections/odens"" title=""Odens"">Oden‘s</a><span> zu den beliebtesten Snusmarken der Schweiz. </span><span>Bei Fragen, Wünschen oder Anregungen </span><span>kannst du </span><span>uns </span><span>gerne auf der </span><span></span><a href=""https://snushus.ch/pages/kontakt"" title=""Kontakt"">Kontaktseite</a><span> s</span><span>chreiben</span><span>.</span><br>
</div>
<div class=""info"">
<div class=""info"">
<div class=""item flex "">
<div class=""title""><br></div>
</div>
</div>
</div>
</div>
</div>
<div class=""item flex ""></div>",Rot -80 Degrees WDP 500g Box,Unisex,,,,,,,https://cdn.shopify.com/s/files/1/0072/0646/9679/products/siberia-red-white-dry-portion-box_cb63d63a-d779-4241-9616-ad928ef5f2c2.png,,,,,129.00,0.00,1,G,600,IN,3,3,3,,,,
,,SI-1025-1,Unisex,Title,Default Title,,,,,,,,,,129.00,0.00,1,G,600,IN,3,3,3,,,Siberia,Rot -80 Degrees WDP 500g Box
Rot -80 Degrees WDP Slim 500g Box,"<meta charset=""utf-8"">
<div class=""item flex"">
<div class=""title"">
<div class=""info"">
<span>Siberia White Dry ist ein Portionssnus mit einem sehr deutlichen Minzgeschmack und erscheint in trockenen Portionen mit niedrigerem Feuchtigkeitsgehalt, weshalb er auch weniger rinnt. Dieser Snus hat einen extrem hohen Nikotingehalt und eine Portion enthält mehr als fünfmal so viel Nikotin wie normal starker Snus (8 mg/g). Wird Menschen, die Nikotin gegenüber empfindlich sind, weniger empfohlen. Siberia zählt zusammen mit </span><a href=""https://snushus.ch/collections/odens"" title=""Odens"">Oden‘s</a><span> zu den beliebtesten Snusmarken der Schweiz. </span><br>
</div>
<div class=""info"">
<div class=""info"">
<div class=""item flex"">
<div class=""title""><br></div>
</div>
</div>
</div>
</div>
</div>
<div class=""item flex""></div>",Rot -80 Degrees WDP Slim 500g Box,Unisex,,,,,,,https://cdn.shopify.com/s/files/1/0072/0646/9679/products/siberia-red-white-dry-portion-slim-box_b7645fc1-d0e2-4d9d-8616-daf0786a6c6a.png,,,,,139.00,0.00,1,G,500,IN,3,3,3,,,,
,,SI-1125-1,Unisex,Title,Default Title,,,,,,,,,,139.00,0.00,1,G,500,IN,3,3,3,,,Siberia,Rot -80 Degrees WDP Slim 500g Box
Black -80 Degrees OP,"<meta charset=""utf-8"">
<div class=""item flex"">
<div class=""title"">
<div class=""info"">
<p>NEU! Den beliebten Siberia gibt es nun auch in schwarz - schöne Dose und ein gewohnt starker Nikotinkick. Siberia Black -80 Degrees Original Portion ist ein Portionssnus mit einem sehr deutlichen Tabakgeschmack. Dieser Snus hat einen extrem hohen Nikotingehalt und eine Portion enthält mehr als fünfmal so viel Nikotin wie normal starker Snus (8 mg/g). Wird Menschen, die Nikotin gegenüber empfindlich sind, weniger empfohlen. Siberia zählt zusammen mit <a href=""https://snushus.ch/collections/odens"" title=""Odens"">Oden‘s</a> zu den beliebtesten Snusmarken der Schweiz. <span>Bei Fragen, Wünschen oder Anregungen </span><span>kannst du </span><span>uns </span><span>gerne auf der </span><span></span><a href=""https://snushus.ch/pages/kontakt"" title=""Kontakt"">Kontaktseite</a><span> s</span><span>chreiben</span><span>.</span></p>
</div>
</div>
</div>
<div class=""item flex""></div>",Black -80 Degrees OP,Unisex,,,,,,,https://cdn.shopify.com/s/files/1/0072/0646/9679/products/siberia-black-original-portion.png,,,,,5.20,,1,G,30,IN,3,3,3,,,,
,,SI-3005-1,Unisex,Title,Default Title,,,,,,,,,,5.20,,1,G,30,IN,3,3,3,,,Siberia,Black -80 Degrees OP
Black -80 Degrees WDP,"<meta charset=""utf-8"">
<div class=""item flex"">
<div class=""title"">
<div class=""info"">
<p>Den beliebten schwarzen Siberia gibt es nun auch als White Dry Portion - schöne Dose und ein gewohnt starker Nikotinkick, einfach ohne Minz-/Mentholgeschmack. Siberia Black -80 Degrees White Dry Portion ist ein trockener Portionssnus mit einem sehr deutlichen Tabakgeschmack. Dieser Snus hat einen extrem hohen Nikotingehalt und eine Portion enthält mehr als fünfmal so viel Nikotin wie normal starker Snus (8 mg/g). Wird Menschen, die Nikotin gegenüber empfindlich sind, weniger empfohlen. Siberia zählt zusammen mit Oden‘s zu den beliebtesten Snusmarken der Schweiz. </p>
</div>
</div>
</div>
<div class=""item flex""></div>",Black -80 Degrees WDP,Unisex,,,,,,,https://cdn.shopify.com/s/files/1/0072/0646/9679/products/siberia-black-white-dry-portion.png,,,,,5.20,,1,G,30,IN,3,3,3,,,,
,,SI-4005-1,Unisex,Title,Default Title,,,,,,,,,,5.20,,1,G,30,IN,3,3,3,,,Siberia,Black -80 Degrees WDP
Black -80 Degrees WDP Slim,"<meta charset=""utf-8"">
<div class=""item flex"">
<div class=""title"">
<div class=""info"">
<p>Den beliebten schwarzen Siberia gibt es nun auch als White Dry Portion - schöne Dose und ein gewohnt starker Nikotinkick, einfach ohne Minz-/Mentholgeschmack.</p>
</div>
</div>
</div>
<div class=""item flex""></div>",Black -80 Degrees WDP Slim,Unisex,,,,,,,https://cdn.shopify.com/s/files/1/0072/0646/9679/products/siberia-black-white-dry-slim-portion.png,,,,,5.20,,1,G,30,IN,3,3,3,,,,
,,SI-4015-1,Unisex,Title,Default Title,,,,,,,,,,5.20,,1,G,30,IN,3,3,3,,,Siberia,Black -80 Degrees WDP Slim
Blau -80 Degrees WP,"<meta charset=""utf-8"">
<div class=""item flex"">
<div class=""title"">
<div class=""info"">
<div class=""info"">
<p>Siberia White Portion ist ein starker Snus mit hohem Nikotingehalt und Minzgeschmack. Der Snus hat einen Nikotingehalt von 24 mg/g und es gibt ihn nun auch in der Portionsform zu kaufen. Der Snus hat einen würzigen Geschmack nach Minze, der lange anhält. Der hohe Nikotingehalt wird durch einen hohen Feuchtigkeitsgehalt von 45 % ausgeglichen, was unüblich ist für starke Snus-Sorten. Siberia gehört zusammen zu <a title=""Oden´s"" href=""https://snushus.ch/collections/odens"">Oden´s</a> zu den beliebtesten Snus-Marken. <span>Bei Fragen, Wünschen oder Anregungen </span><span>kannst du </span><span>uns </span><span>gerne auf der </span><span></span><a title=""Kontakt"" href=""https://snushus.ch/pages/kontakt"">Kontaktseite</a><span> s</span><span>chreiben</span><span>.</span></p>
</div>
<div class=""info"">
<div class=""info"">
<div class=""item flex""></div>
</div>
</div>
</div>
<div class=""info""></div>
<div class=""info"">
<div class=""info"">
<div class=""item flex""></div>
</div>
</div>
</div>
</div>
<div class=""item flex""></div>",Blau -80 Degrees WP,Unisex,,,,,,,https://cdn.shopify.com/s/files/1/0072/0646/9679/products/siberia-blue-white-portion.png,,,,,5.20,,1,G,30,IN,3,3,3,,,,
,,SI-2005-1,Unisex,Title,Default Title,,,,,,,,,,5.20,,1,G,30,IN,3,3,3,,,Siberia,Blau -80 Degrees WP
Blau -80 Degrees WP - Slim,"<meta charset=""utf-8"">
<div class=""item flex "">
<div class=""title"">
<div class=""info"">
<div class=""info"">
<p>Siberia White Portion ist ein starker Snus mit hohem Nikotingehalt und Minzgeschmack. Der Snus hat einen Nikotingehalt von 24 mg/g und es gibt ihn nun auch in der Portionsform zu kaufen. Der Snus hat einen würzigen Geschmack nach Minze, der lange anhält. Der hohe Nikotingehalt wird durch einen hohen Feuchtigkeitsgehalt von 45 % ausgeglichen, was unüblich ist für starke Snus-Sorten. Wie auch <a href=""https://snushus.ch/collections/odens"" title=""Oden´s"">Oden´s</a> gehört Siberia zu den beliebtesten Marken auf dem Markt. Bei Fragen, Wünschen oder Anregungen kannst du uns gerne auf der <a href=""https://snushus.ch/pages/kontakt"" title=""Kontakt"">Kontaktseite </a>schreiben. </p>
</div>
<div class=""info"">
<div class=""info"">
<div class=""item flex "">
<div class=""title""></div>
</div>
</div>
</div>
</div>
</div>
</div>",Blau -80 Degrees WP - Slim,Unisex,,,,,,,https://cdn.shopify.com/s/files/1/0072/0646/9679/products/siberia-blue-white-slim-portion.png,,,,,5.20,0.00,1,G,30,IN,3,3,3,,,,
,,SI-2015-1,Unisex,Title,Default Title,,,,,,,,,,5.20,0.00,1,G,30,IN,3,3,3,,,Siberia,Blau -80 Degrees WP - Slim
Black -80 Degrees OP Slim,"<meta charset=""utf-8"">
<div class=""item flex"">
<div class=""title"">
<div class=""info"">
<p>Den beliebten Siberia gibt es nun auch in schwarz - schöne Dose und ein gewohnt starker Nikotinkick. Siberia Black -80 Degrees Original Portion ist ein Portionssnus mit einem sehr deutlichen Tabakgeschmack. Dieser Snus hat einen extrem hohen Nikotingehalt und eine Portion enthält mehr als fünfmal so viel Nikotin wie normal starker Snus (8 mg/g). Wird Menschen, die Nikotin gegenüber empfindlich sind, weniger empfohlen. Siberia zählt zusammen mit <a href=""https://snushus.ch/collections/odens"" title=""Odens"">Oden‘s</a> zu den beliebtesten Snusmarken der Schweiz. <span>Bei Fragen, Wünschen oder Anregungen </span><span>kannst du </span><span>uns </span><span>gerne auf der </span><span></span><a href=""https://snushus.ch/pages/kontakt"" title=""Kontakt"">Kontaktseite</a><span> s</span><span>chreiben</span><span>.</span></p>
</div>
</div>
</div>
<div class=""item flex""></div>",Black -80 Degrees OP Slim,Unisex,,,,,,,https://cdn.shopify.com/s/files/1/0072/0646/9679/products/1631821498559209_siberia-black-original-portion-slim.jpg,,,,,5.20,0.00,1,G,1,IN,3,3,3,,,,
,,SI-3015-1,Unisex,Title,Default Title,,,,,,,,,,5.20,0.00,1,G,1,IN,3,3,3,,,Siberia,Black -80 Degrees OP Slim
Brown -80 Degrees OP,"<meta charset=""utf-8"">
<div class=""item flex"">
<div class=""title"">
<div class=""info"">
<p>Siberia Braun Original Portion ist der traditionelle Bruder des <a href=""https://snushus.ch/products/siberia-rot-80-degrees-white-dry-portion"">roten Siberia</a>. Ein Portion Snus mit Minz Aroma und den bekannten 43 mg/g Nikotin! </p>
</div>
</div>
</div>
<div class=""item flex""></div>",Brown -80 Degrees OP,Unisex,,,,,,,https://cdn.shopify.com/s/files/1/0072/0646/9679/products/1636398926398455_siberia-brown-original-portion.jpg,,,,,5.20,0.00,1,G,1,IN,3,3,3,,,,
,,SI-5005-1,Unisex,Title,Default Title,,,,,,,,,,5.20,0.00,1,G,1,IN,3,3,3,,,Siberia,Brown -80 Degrees OP
Siberia Schwarz -80 Degrees WDP Mini,"<meta charset=""utf-8""><div class=""item flex""><div class=""title""><div class=""info""><p>Den beliebten schwarzen Siberia gibt es nun auch als White Dry Portion - schöne Dose und ein gewohnt starker Nikotinkick, einfach ohne Minz-/Mentholgeschmack. Siberia Black -80 Degrees White Dry Portion ist ein trockener Portionssnus mit einem sehr deutlichen Tabakgeschmack. Dieser Snus hat einen extrem hohen Nikotingehalt und eine Portion enthält mehr als fünfmal so viel Nikotin wie normal starker Snus (8 mg/g). Wird Menschen, die Nikotin gegenüber empfindlich sind, weniger empfohlen. Siberia zählt zusammen mit Oden‘s zu den beliebtesten Snusmarken der Schweiz. </p></div></div></div><div class=""item flex""></div>",Siberia Schwarz -80 Degrees WDP Mini,Unisex,,,,,,,https://cdn.shopify.com/s/files/1/0072/0646/9679/products/siberia-black-white-dry-mini-portion.png,,,,,4.90,0.00,1,G,18000,IN,3,3,3,,,,
,,SI-4115-1,Unisex,Title,Default Title,,,,,,,,,,4.90,0.00,1,G,18000,IN,3,3,3,,,Siberia,Siberia Schwarz -80 Degrees WDP Mini
Extremely Strong AW,"<span data-mce-fragment=""1"">Der beliebteste Brand der Schweizer kommt nun auch mit einer All-White Variante daher! Der Siberia Extremely Strong AW kommt mit starken 33 mg/g Nikotin.</span>",Extremely Strong AW,Unisex,,,,,,,https://cdn.shopify.com/s/files/1/0072/0646/9679/products/Siberia-all-white-regular-sized600.jpg,,,,,6.90,0.00,1,G,15,IN,3,3,3,,,,
,,SI-9005-1,Unisex,Title,Default Title,,,,,,,,,,6.90,0.00,1,G,15,IN,3,3,3,,,Siberia,Extremely Strong AW
Extremely Strong Slim AW,Der beliebteste Brand der Schweizer kommt nun auch mit einer All-White Variante daher! Der Siberia Extremely Strong AW kommt mit starken 33 mg/g Nikotin.,Extremely Strong Slim AW,Unisex,,,,,,,https://cdn.shopify.com/s/files/1/0072/0646/9679/products/Siberia-all-white-slim-sized600.jpg,,,,,6.90,,1,G,15,IN,3,3,3,,,,
,,SI-9015-1,Unisex,Title,Default Title,,,,,,,,,,6.90,,1,G,15,IN,3,3,3,,,Siberia,Extremely Strong Slim AW
Super White Fresh Mint No.55 AW,"<meta charset=""utf-8"">
<div class=""item flex"">
<div class=""title""></div>
</div>
<div class=""item flex"">
<div class=""info"">
<p> Auf aromatisierter Zellulosebasis und völlig frei von Tabak kommen auch die Skruf Super White Beutel im Slim Format. Ohne Tabak bedeutet ohne gewöhnungsbedürftigen Tabakgeruch sowie ohne jegliche Tabakschadstoffe - aktuell gibt es weltweit keine weniger schädliche Art, Nikotin zu konsumieren. All White Snus / Nicotine Pouches bietet sich deshalb vor allem Rauchern an, welche mit Rauchentwöhnung wie Nikotinpflaster, Nikotinkaugummi oder Nikotinspray nichts anfangen können.</p>
<div class=""info"">
<p> </p>
<p>Der Skruf Super White Fresh #5 schmeckt nach frischer Minze und hat den höchsten Nikotingehalt in der Super White Reihe von Skruf. Unglaubliche 26 mg/g Nikotin!</p>
<p> <br></p>
<div class=""info"">
<p>Der Artikel erscheint in einem neuen Design, hat jedoch die selbe Rezeptur wie der alt bekannte Skruf Super White Fresh #5 AW</p>
</div>
<div class=""info"">
<div class=""info"">
<div class=""item flex"">
<div class=""title""></div>
</div>
</div>
</div>
</div>
</div>
<div class=""info"">
<div class=""info"">
<div class=""item flex"">
<div class=""title""><br></div>
</div>
</div>
</div>
</div>",Super White Fresh Mint No.55 AW,Unisex,,,,,,,https://cdn.shopify.com/s/files/1/0072/0646/9679/products/Skruf_Superwhite_no55_Ultra.jpg,,,,,5.20,0.00,1,G,1,IN,3,3,3,,,,
,,SK-1205-1,Unisex,Title,Default Title,,,,,,,,,,5.20,0.00,1,G,1,IN,3,3,3,,,Skruf,Super White Fresh Mint No.55 AW
Super White Fresh Mint No.54 AW,"<meta charset=""utf-8"">
<div class=""item flex"">
<div class=""title""></div>
</div>
<div class=""item flex"">
<div class=""info"">
<p> </p>
<div class=""info"">
<p><span>Auf aromatisierter Zellulosebasis und völlig frei von Tabak kommen auch die Skruf Super White Beutel im Slim Format. Ohne Tabak bedeutet ohne gewöhnungsbedürftigen Tabakgeruch sowie ohne jegliche Tabakschadstoffe - aktuell gibt es weltweit keine weniger schädliche Art, Nikotin zu konsumieren. All White Snus / Nicotine Pouches bietet sich deshalb vor allem Rauchern an, welche mit Rauchentwöhnung wie Nikotinpflaster, Nikotinkaugummi oder Nikotinspray nichts anfangen können.<br></span></p>
<p> </p>
<p>Der Skruf Super White Fresh schmeckt nach frischer Minze und hat einen hohen Nikotingehalt - den höchsten der Skruf Super White Linie.</p>
<p> </p>
</div>
<div class=""info"">
<div class=""info"">
<div class=""item flex"">
<div class=""title""></div>
</div>
</div>
</div>
</div>
<div class=""info"">
<div class=""info"">
<div class=""item flex"">
<div class=""title"">
<div class=""info"">
<p>Der Artikel erscheint in einem neuen Design, hat jedoch die selbe Rezeptur wie der alt bekannte Skruf Super White Fresh #4 AW</p>
</div>
<div class=""info"">
<div class=""info"">
<div class=""item flex"">
<div class=""title""></div>
</div>
</div>
</div>
</div>
<div class=""title""><br></div>
</div>
</div>
</div>
</div>",Super White Fresh Mint No.54 AW,Unisex,,,,,,,https://cdn.shopify.com/s/files/1/0072/0646/9679/products/Skruf_Superwhite_no54_xtra.jpg,,,,,5.20,,1,G,30,IN,3,3,3,,,,
,,SK-1005-1,Unisex,Title,Default Title,,,,,,,,,,5.20,,1,G,30,IN,3,3,3,,,Skruf,Super White Fresh Mint No.54 AW
Super White Fresh Mint No.52 AW,"<meta charset=""utf-8"">
<div class=""item flex"">
<div class=""title""></div>
</div>
<div class=""item flex"">
<div class=""info"">
<p>Auf aromatisierter Zellulosebasis und völlig frei von Tabak kommen auch die Skruf Super White Beutel im Slim Format. Ohne Tabak bedeutet ohne gewöhnungsbedürftigen Tabakgeruch sowie ohne jegliche Tabakschadstoffe - aktuell gibt es weltweit keine weniger schädliche Art, Nikotin zu konsumieren. All White Snus / Nicotine Pouches bietet sich deshalb vor allem Rauchern an, welche mit Rauchentwöhnung wie Nikotinpflaster, Nikotinkaugummi oder Nikotinspray nichts anfangen können.</p>
<div class=""info"">
<p> </p>
<p>Der Skruf Super White Fresh #2 schmeckt nach frischer Minze und gleich wie der Skruf Super White Fresh #4 - einfach mit weniger Nikotin.</p>
</div>
<div class=""info"">
<div class=""info"">
<div class=""item flex"">
<div class=""title""><br></div>
</div>
</div>
</div>
</div>
<div class=""info"">
<div class=""info"">
<div class=""item flex"">
<div class=""title""><br></div>
<div class=""title"">
<span><span>Der Artikel erscheint in einem neuen Design, hat jedoch die selbe Rezeptur wie der alt bekannte Super White Fresh #2 AW</span></span>
<div class=""Polaris-Header-Title__TitleMetadata_19y17""></div>
</div>
</div>
</div>
</div>
</div>",Super White Fresh Mint No.52 AW,Unisex,,,,,,,https://cdn.shopify.com/s/files/1/0072/0646/9679/products/SuperWhiteSlimFresh_2.png,,,,,5.20,,1,G,30,IN,3,3,3,,,,
,,SK-1105-1,Unisex,Title,Default Title,,,,,,,,,,5.20,,1,G,30,IN,3,3,3,,,Skruf,Super White Fresh Mint No.52 AW
Fresh Ultra Stark WP No.05 - Slim,"<meta charset=""utf-8"">
<div class=""item flex"">
<div class=""title""></div>
</div>
<div class=""item flex"">
<div class=""info"">
<p><span>Skruf Slim Fresh Ultra Stark White Portion ist ein starker Snus mit Minz-Geschmack; stärker als andere Skruf Produkte. Als Slim Beutel liegt er angenehm unter der Lippe und gibt so den klassischen Minz-Geschmack ab. Aufgrund der Stärke empfiehlt sich dieses Produkt weniger für empfindliche Snuser.</span><br><span></span></p>
</div>
<div class=""info"">
<div class=""info"">
<div class=""item flex"">
<div class=""title""><span>Der Artikel erscheint in einem neuen Design, hat jedoch die selbe Rezeptur wie der alt bekannte Fresh Ultra Stark WP - Slim</span></div>
</div>
</div>
</div>
</div>",Fresh Ultra Stark WP No.05 - Slim,Unisex,,,,,,,https://cdn.shopify.com/s/files/1/0072/0646/9679/products/FreshUltraStarkWP-Slim.png,,,,,5.20,,1,G,30,IN,3,3,3,,,,
,,SK-7005-1,Unisex,Title,Default Title,,,,,,,,,,5.20,,1,G,30,IN,3,3,3,,,Skruf,Fresh Ultra Stark WP No.05 - Slim
Xtra Stark WP No.24,"<meta charset=""utf-8"">
<div class=""item flex"">
<div class=""title""></div>
</div>
<div class=""item flex"">
<div class=""info"">
<p><span></span><span>Skruf Xtra Stark White Portion ist ein starker Snus mit klassischem Tabakgeschmack - und deshalb Liebhabern zu empfehlen. Hergestellt wird dieser Snus von Skruf in Schweden und gehört zu den beliebtesten Produkten des Konzerns.</span></p>
<p> </p>
<p><span>Der Artikel erscheint in einem neuen Design, hat jedoch die selbe Rezeptur wie der alt bekannte Skruf Xtra Stark WP</span></p>
</div>
<div class=""info"">
<div class=""info"">
<div class=""item flex"">
<div class=""title""><br></div>
</div>
</div>
</div>
</div>",Xtra Stark WP No.24,Unisex,,,,,,,https://cdn.shopify.com/s/files/1/0072/0646/9679/products/skrufXtraStarkWhite.png,,,,,5.20,,1,G,30,IN,3,3,3,,,,
,,SK-6005-1,Unisex,Title,Default Title,,,,,,,,,,5.20,,1,G,30,IN,3,3,3,,,Skruf,Xtra Stark WP No.24
Super White Polar #3 AW,"<meta charset=""utf-8"">
<div class=""item flex "">
<div class=""title""></div>
</div>
<div class=""item flex "">
<div class=""info"">
<p><span>Auf aromatisierter Zellulosebasis und völlig frei von Tabak kommen auch die Skruf Super White Beutel im Slim Format. Ohne Tabak bedeutet ohne gewöhnungsbedürftigen Tabakgeruch sowie ohne jegliche Tabakschadstoffe - aktuell gibt es weltweit keine weniger schädliche Art, Nikotin zu konsumieren. All White Snus / Nicotine Pouches bietet sich deshalb vor allem Rauchern an, welche mit Rauchentwöhnung wie Nikotinpflaster, Nikotinkaugummi oder Nikotinspray nichts anfangen können.<br></span></p>
<p> </p>
<p>Der Skruf Super White Polar<span> schmeckt nach Menthol sowie Eukalyptus </span>und hat einen durchschnittlichen<span> </span>Nikotingehalt.</p>
</div>
<div class=""info"">
<div class=""info"">
<div class=""item flex "">
<div class=""title""><br></div>
<div class=""title""><br></div>
</div>
</div>
</div>
</div>",Super White Polar #3 AW,Unisex,,,,,,,https://cdn.shopify.com/s/files/1/0072/0646/9679/products/skruf-super-white-polar-nr3.png,,,,,5.20,,1,G,30,IN,3,3,3,,,,
,,SK-2005-1,Unisex,Title,Default Title,,,,,,,,,,5.20,,1,G,30,IN,3,3,3,,,Skruf,Super White Polar #3 AW
Super White Red Rhuby #3 AW,"<meta charset=""utf-8"">
<div class=""item flex "">
<div class=""title""></div>
</div>
<div class=""item flex "">
<div class=""info"">
<p>Auf aromatisierter Zellulosebasis und völlig frei von Tabak kommen auch die Skruf Super White Beutel im Slim Format. Ohne Tabak bedeutet ohne gewöhnungsbedürftigen Tabakgeruch sowie ohne jegliche Tabakschadstoffe - aktuell gibt es weltweit keine weniger schädliche Art, Nikotin zu konsumieren. All White Snus / Nicotine Pouches bietet sich deshalb vor allem Rauchern an, welche mit Rauchentwöhnung wie Nikotinpflaster, Nikotinkaugummi oder Nikotinspray nichts anfangen können.<br></p>
</div>
<div class=""info"">
<div class=""info"">
<div class=""item flex "">
<div class=""title"">
<p> </p>
<p>Der Skruf Super White Red Rhuby<span> schmeckt nach frischem Rhabarber </span>und hat einen durchschnittlichen<span> </span>Nikotingehalt.</p>
</div>
<div class=""title""><br></div>
</div>
</div>
</div>
</div>",Super White Red Rhuby #3 AW,Unisex,,,,,,,https://cdn.shopify.com/s/files/1/0072/0646/9679/products/skruf-red-rhuby-3-super-white.png,,,,,5.20,,1,G,30,IN,3,3,3,,,,
,,SK-5005-1,Unisex,Title,Default Title,,,,,,,,,,5.20,,1,G,30,IN,3,3,3,,,Skruf,Super White Red Rhuby #3 AW
Super White Blackberry #2 AW,"<meta charset=""utf-8"">
<div class=""item flex"">
<div class=""title""></div>
</div>
<div class=""item flex"">
<div class=""info"">
<p><span></span><span>Auf aromatisierter Zellulosebasis und völlig frei von Tabak kommen auch die Skruf Super White Beutel im Slim Format. Ohne Tabak bedeutet ohne gewöhnungsbedürftigen Tabakgeruch sowie ohne jegliche Tabakschadstoffe - aktuell gibt es weltweit keine weniger schädliche Art, Nikotin zu konsumieren. All White Snus / Nicotine Pouches bietet sich deshalb vor allem Rauchern an, welche mit Rauchentwöhnung wie Nikotinpflaster, Nikotinkaugummi oder Nikotinspray nichts anfangen können.<br></span></p>
<p> </p>
<p>Der Skruf Super White Blackberry schmeckt nach süsser Brombeere und hat einen durchschnittlichen Nikotingehalt.</p>
</div>
<div class=""info"">
<div class=""info"">
<div class=""item flex"">
<div class=""title""><br></div>
<div class=""title""><br></div>
</div>
</div>
</div>
</div>",Super White Blackberry #2 AW,Unisex,,,,,,,https://cdn.shopify.com/s/files/1/0072/0646/9679/products/skruf-super-white-bjoernbaer-nr2.png,,,,,5.20,,1,G,30,IN,3,3,3,,,,
,,SK-3005-1,Unisex,Title,Default Title,,,,,,,,,,5.20,,1,G,30,IN,3,3,3,,,Skruf,Super White Blackberry #2 AW
Super White Cassice #2 AW,"<meta charset=""utf-8"">
<div class=""item flex "">
<div class=""title""></div>
</div>
<div class=""item flex "">
<div class=""info"">
<p> </p>
<p><span>Auf aromatisierter Zellulosebasis und völlig frei von Tabak kommen auch die Skruf Super White Beutel im Slim Format. Ohne Tabak bedeutet ohne gewöhnungsbedürftigen Tabakgeruch sowie ohne jegliche Tabakschadstoffe - aktuell gibt es weltweit keine weniger schädliche Art, Nikotin zu konsumieren. All White Snus / Nicotine Pouches bietet sich deshalb vor allem Rauchern an, welche mit Rauchentwöhnung wie Nikotinpflaster, Nikotinkaugummi oder Nikotinspray nichts anfangen können.<br></span></p>
<p> </p>
<p><span>Der Skruf Super White Cassice schmeckt nach Cassis sowie süsser Johannisbeere und hat einen durchschnittlichen Nikotingehalt.</span></p>
</div>
<div class=""info"">
<div class=""info"">
<div class=""item flex "">
<div class=""title""><br></div>
<div class=""title""><br></div>
</div>
</div>
</div>
</div>",Super White Cassice #2 AW,Unisex,,,,,,,https://cdn.shopify.com/s/files/1/0072/0646/9679/products/skruf-super-white-cassice-nr2.png,,,,,5.20,,1,G,30,IN,3,3,3,,,,
,,SK-4005-1,Unisex,Title,Default Title,,,,,,,,,,5.20,,1,G,30,IN,3,3,3,,,Skruf,Super White Cassice #2 AW
Super White Fresh Mint MAX No.66 AW,"<meta charset=""utf-8"">
<div class=""item flex"">
<div class=""title""></div>
</div>
<div class=""item flex"">
<div class=""info"">
<p> Auf aromatisierter Zellulosebasis und völlig frei von Tabak kommen auch die Skruf Super White Beutel im Slim Format. Ohne Tabak bedeutet ohne gewöhnungsbedürftigen Tabakgeruch sowie ohne jegliche Tabakschadstoffe - aktuell gibt es weltweit keine weniger schädliche Art, Nikotin zu konsumieren. All White Snus / Nicotine Pouches bietet sich deshalb vor allem Rauchern an, welche mit Rauchentwöhnung wie Nikotinpflaster, Nikotinkaugummi oder Nikotinspray nichts anfangen können.</p>
<div class=""info"">
<p>Der Skruf Super White Fresh MAX #6 schmeckt nach frischer Minze und kommt in tradionellen, normal grossen Beuteln. Der schwarz verpackte All White Snus kommt mit starken 23 mg/g Nikotin!</p>
</div>
<div class=""info"">
<div class=""info"">
<div class=""item flex"">
<div class=""title""></div>
</div>
</div>
</div>
</div>
<div class=""info"">
<div class=""info"">
<div class=""item flex"">
<div class=""title""><br></div>
<div class=""title"">
<div class=""info"">
<p>Der Artikel erscheint in einem neuen Design, hat jedoch die selbe Rezeptur wie der alt bekannte Super White Fresh MAX #6 AW</p>
</div>
<div class=""info"">
<div class=""info"">
<div class=""item flex"">
<div class=""title""></div>
</div>
</div>
</div>
</div>
</div>
</div>
</div>
</div>",Super White Fresh Mint MAX No.66 AW,Unisex,,,,,,,https://cdn.shopify.com/s/files/1/0072/0646/9679/products/SkrufFreshMax_66.png,,,,,5.20,0.00,1,G,35,IN,3,3,3,,,,
,,SK-1305-1,Unisex,Title,Default Title,,,,,,,,,,5.20,0.00,1,G,35,IN,3,3,3,,,Skruf,Super White Fresh Mint MAX No.66 AW
Super White Frozen Mint No.60 AW,"<meta charset=""utf-8"">
<div class=""item flex"">
<div class=""title""></div>
</div>
<div class=""item flex"">
<div class=""info"">
<p><span></span><span>Auf aromatisierter Zellulosebasis und völlig frei von Tabak kommen auch die Skruf Super White Beutel im Slim Format. Ohne Tabak bedeutet ohne gewöhnungsbedürftigen Tabakgeruch sowie ohne jegliche Tabakschadstoffe - aktuell gibt es weltweit keine weniger schädliche Art, Nikotin zu konsumieren. All White Snus / Nicotine Pouches bietet sich deshalb vor allem Rauchern an, welche mit Rauchentwöhnung wie Nikotinpflaster, Nikotinkaugummi oder Nikotinspray nichts anfangen können.<br></span></p>
<p> </p>
<p>Der Skruf Super White Blueberry schmeckt nach süsser Brombeere und hat einen durchschnittlichen Nikotingehalt.</p>
<p> </p>
<p>Der Artikel erscheint in einem neuen Design, hat jedoch die selbe Rezeptur wie der alt bekannte Skruf Frozen Shot #4 AW</p>
</div>
<div class=""info"">
<div class=""info"">
<div class=""item flex"">
<div class=""title""><br></div>
<div class=""title""><br></div>
</div>
</div>
</div>
</div>",Super White Frozen Mint No.60 AW,Unisex,,,,,,,https://cdn.shopify.com/s/files/1/0072/0646/9679/products/Skruf_Superwhite_frozen_mint_supeslim_no54_xtra.jpg,,,,,5.20,0.00,1,G,30000,IN,3,3,3,,,,
,,SK-1405-1,Unisex,Title,Default Title,,,,,,,,,,5.20,0.00,1,G,30000,IN,3,3,3,,,Skruf,Super White Frozen Mint No.60 AW
Super White Nordic #4,"<meta charset=""utf-8""><div class=""item flex ""><div class=""title""></div></div><div class=""item flex "">
<div class=""info"">
<p><span></span><span>Auf aromatisierter Zellulosebasis und völlig frei von Tabak kommen auch die Skruf Super White Beutel im Slim Format. Ohne Tabak bedeutet ohne gewöhnungsbedürftigen Tabakgeruch sowie ohne jegliche Tabakschadstoffe - aktuell gibt es weltweit keine weniger schädliche Art, Nikotin zu konsumieren. All White Snus / Nicotine Pouches bietet sich deshalb vor allem Rauchern an, welche mit Rauchentwöhnung wie Nikotinpflaster, Nikotinkaugummi oder Nikotinspray nichts anfangen können.<br></span></p>
<p> </p>
<p>Der Skruf Super White Blueberry schmeckt nach süsser Brombeere und hat einen durchschnittlichen Nikotingehalt.</p>
</div>
<div class=""info""><div class=""info""><div class=""item flex "">
<div class=""title""><br></div>
<div class=""title""><br></div>
</div></div></div>
</div>",Super White Nordic #4,Unisex,,,,,,,https://cdn.shopify.com/s/files/1/0072/0646/9679/products/8c2dee2c2b977ab00f937715225e6eea.jpg,,,,,5.20,0.00,1,G,30000,IN,3,3,3,,,,
,,SK-1505-1,Unisex,Title,Default Title,,,,,,,,,,5.20,0.00,1,G,30000,IN,3,3,3,,,Skruf,Super White Nordic #4
Extreme WDP 500g Box,"<p>Soldat Extreme für die langen Tage auf dem Feld! Mit seinen unglaublichen 45 mg/g Nikotingehalt, gibt er jedem Snuser einen unverwechselbaren Kick welcher lange anhält. Unter der Lippe fühlen sich die Beutel sehr geschmeidig an und der Minz/Menthol Geschmack kommt angenehm zur Geltung. Jetzt auch in der beliebten 500g Box erhältlich!<br></p>",Extreme WDP 500g Box,Unisex,,,,,,,https://cdn.shopify.com/s/files/1/0072/0646/9679/products/soldat-black-extreme-white-dry-portion-500g-box.png,,,,,99.00,0.00,1,G,600000,IN,3,3,3,,,,
,,SO-3025-1,Unisex,Title,Default Title,,,,,,,,,,99.00,0.00,1,G,600000,IN,3,3,3,,,Soldat,Extreme WDP 500g Box
Extreme WDP Slim 500g Box,"<p>Soldat Extreme für die langen Tage auf dem Feld! Mit seinen unglaublichen 45 mg/g Nikotingehalt, gibt er jedem Snuser einen unverwechselbaren Kick welcher lange anhält. Unter der Lippe fühlen sich die Beutel sehr geschmeidig an und der Minz/Menthol Geschmack kommt angenehm zur Geltung. Jetzt auch in der beliebten 500g Box erhältlich!<br></p>",Extreme WDP Slim 500g Box,Unisex,,,,,,,https://cdn.shopify.com/s/files/1/0072/0646/9679/products/soldat-black-extreme-white-dry-portion-slim-500g-box.png,,,,,99.00,0.00,1,G,600000,IN,3,3,3,,,,
,,SO-3125-1,Unisex,Title,Default Title,,,,,,,,,,99.00,0.00,1,G,600000,IN,3,3,3,,,Soldat,Extreme WDP Slim 500g Box
Soldat Extreme WDP,"<meta charset=""utf-8"">
<div class=""item flex"">
<div class=""title""></div>
</div>
<div class=""item flex"">
<div class=""info"">
<p>Soldat Extreme - für die langen Tage auf dem Feld!<br><br>Mit seinen unglaublichen 45 mg/g Nikotingehalt gibt er jedem Snuser einen unverwechselbaren, lang anhaltenden Kick. Unter der Lippe fühlen sich die Beutel sehr geschmeidig an und der Minz/Menthol Geschmack kommt angenehm zur Geltung. Ideal für lange Einsätze im Militär oder für Siberia-Snuser, die gerne mal etwas Neues probieren möchten...</p>
<p> </p>
</div>
<div class=""info"">
<div class=""info""></div>
</div>
</div>",Soldat Extreme WDP,Unisex,,,,,,,https://cdn.shopify.com/s/files/1/0072/0646/9679/products/soldat-black-extreme-white-dry-portion.png,,,,,3.90,,1,G,30,IN,3,3,3,,,,
,,SO-3005-1,Unisex,Title,Default Title,,,,,,,,,,3.90,,1,G,30,IN,3,3,3,,,Soldat,Soldat Extreme WDP
Soldat WP,"<meta charset=""utf-8"">
<div class=""item flex "">
<div class=""title""></div>
</div>
<div class=""item flex "">
<div class=""info"">
<p>Ein Snus mit klarem und frischem Geschmack. Er erhebt sich nicht, ist nicht aufdringlich und beeinträchtigt nicht Ihre Geschmacksknospen. Der Soldat ist da. Sicher, stabil und zur richtigen Zeit am richtigen Ort.</p>
</div>
<div class=""info"">
<div class=""info""></div>
</div>
</div>",Soldat WP,Unisex,,,,,,,https://cdn.shopify.com/s/files/1/0072/0646/9679/products/soldat-white-portion.png,,,,,3.90,,1,G,30,IN,3,3,3,,,,
,,SO-1005-1,Unisex,Title,Default Title,,,,,,,,,,3.90,,1,G,30,IN,3,3,3,,,Soldat,Soldat WP
Extreme WDP Slim,"Soldat Extreme WDP Slim für die langen Tage auf dem Feld! Mit seinen unglaublichen 45 mg/g Nikotingehalt, gibt er jedem Snuser einen unverwechselbaren Kick welcher lange anhält. Unter der Lippe fühlen sich die Beutel sehr geschmeidig an und der Minz/Menthol Geschmack kommt angenehm zur Geltung.",Extreme WDP Slim,Unisex,,,,,,,https://cdn.shopify.com/s/files/1/0072/0646/9679/products/soldat-black-extreme-white-dry-portion-slim.png,,,,,3.90,0.00,1,G,1,IN,3,3,3,,,,
,,SO-3015-1,Unisex,Title,Default Title,,,,,,,,,,3.90,0.00,1,G,1,IN,3,3,3,,,Soldat,Extreme WDP Slim
Soldat Vinter WP,"<meta charset=""utf-8"">
<div class=""item flex "">
<div class=""title""></div>
</div>
<div class=""item flex "">
<div class=""info"">
<p>Soldat Winter gibt ein cooles Gefühl, wird aber mit klaren und frischen Tönen aufgehellt. Sorgfältig ausgewählter Tabak, der die schwere Erdigkeit fernhält, wirkt mit einer sehr ausgewogenen Geschmackspalette und verleiht Ihnen ein außergewöhnliches Snuserlebnis</p>
</div>
<div class=""info"">
<div class=""info""></div>
</div>
</div>",Soldat Vinter WP,Unisex,,,,,,,https://cdn.shopify.com/s/files/1/0072/0646/9679/products/soldat-vinter-white-portion.png,,,,,3.90,,1,G,30,IN,3,3,3,,,,
,,SO-2005-1,Unisex,Title,Default Title,,,,,,,,,,3.90,,1,G,30,IN,3,3,3,,,Soldat,Soldat Vinter WP
Extreme WDP Slim,"Soldat Extreme WDP Slim für die langen Tage auf dem Feld! Mit seinen unglaublichen 45 mg/g Nikotingehalt, gibt er jedem Snuser einen unverwechselbaren Kick welcher lange anhält. Unter der Lippe fühlen sich die Beutel sehr geschmeidig an und der Minz/Menthol Geschmack kommt angenehm zur Geltung.",Extreme WDP Slim,Unisex,,,,,,,https://cdn.shopify.com/s/files/1/0072/0646/9679/products/soldat-black-extreme-white-dry-portion-slim.png,,,,,3.90,0.00,1,G,1,IN,3,3,3,,,,
,,SO-3015-1,Unisex,Title,Default Title,,,,,,,,,,3.90,0.00,1,G,1,IN,3,3,3,,,Soldat,Extreme WDP Slim
Soldat Extreme WDP,"<meta charset=""utf-8"">
<div class=""item flex"">
<div class=""title""></div>
</div>
<div class=""item flex"">
<div class=""info"">
<p>Soldat Extreme - für die langen Tage auf dem Feld!<br><br>Mit seinen unglaublichen 45 mg/g Nikotingehalt gibt er jedem Snuser einen unverwechselbaren, lang anhaltenden Kick. Unter der Lippe fühlen sich die Beutel sehr geschmeidig an und der Minz/Menthol Geschmack kommt angenehm zur Geltung. Ideal für lange Einsätze im Militär oder für Siberia-Snuser, die gerne mal etwas Neues probieren möchten...</p>
<p> </p>
</div>
<div class=""info"">
<div class=""info""></div>
</div>
</div>",Soldat Extreme WDP,Unisex,,,,,,,https://cdn.shopify.com/s/files/1/0072/0646/9679/products/soldat-black-extreme-white-dry-portion.png,,,,,3.90,,1,G,30,IN,3,3,3,,,,
,,SO-3005-1,Unisex,Title,Default Title,,,,,,,,,,3.90,,1,G,30,IN,3,3,3,,,Soldat,Soldat Extreme WDP
Mini Royal Purple AW,"<p>Auf aromatisierter Zellulosebasis und völlig frei von Tabak kommen auch die<span> VELO </span>Beutel im Slim Format. Ohne Tabak bedeutet ohne gewöhnungsbedürftigen Tabakgeruch sowie ohne jegliche Tabakschadstoffe - aktuell gibt es weltweit keine weniger schädliche Art, Nikotin zu konsumieren. All White Snus / Nicotine Pouches bietet sich deshalb vor allem Rauchern an, welche mit Rauchentwöhnung wie Nikotinpflaster, Nikotinkaugummi oder Nikotinspray nichts anfangen können.<br></p>
<div class=""info"">
<div class=""info"">
<div class=""item flex"">
<div class=""title"">
<p>Der VELO Mini Royal Purple ist das neuste Produkt von VELO mit Geschmack von roten Trauben und kommt in extra kleinen Beuteln (Mini) für eine noch diskretere Anwendung.</p>
<p><span>EPOK, LYFT oder VELO? </span><a href=""https://snushus.ch/blogs/snusbuch/epok-und-lyft-werden-ersetzt-mit-velo"">Hier findest Du alle Informationen zu diesem Thema!</a></p>
</div>
</div>
</div>
</div>",Mini Royal Purple AW,Unisex,,,,,,,https://cdn.shopify.com/s/files/1/0072/0646/9679/products/velo-Mini-Royal-Purple-AW.png,,,,,5.20,,1,G,10,IN,3,3,3,,,,
,,VE-1405-1,Unisex,Title,Default Title,,,,,,,,,,5.20,,1,G,10,IN,3,3,3,,,VELO (SE),Mini Royal Purple AW
X-Freeze Max AW,"<p>Dürfen wir vorstellen: VELO's stärkster Flavour X-Freeze Max. Hier werden prickelnde Pfefferminze und eiskaltes Menthol zu einem extrastarken Geschmackserlebnis.</p>
<p><span>EPOK, LYFT oder VELO? </span><span>Weitere Informationen dazu findest Du in </span><a href=""https://snushus.ch/blogs/snusbuch/was-ist-all-white-snus"" target=""_blank"">unserem Blog</a><span>.</span></p>",X-Freeze Max AW,Unisex,,,,,,,https://cdn.shopify.com/s/files/1/0072/0646/9679/products/velo-x-freeze-max-aw.png,,,,,8.50,0.00,1,G,41600,IN,3,3,3,,,,
,,VL-6105-1,Unisex,Title,Default Title,,,,,,,,,,8.50,0.00,1,G,41600,IN,3,3,3,,,VELO (CH),X-Freeze Max AW
Polar Mint Easy Mini AW,"<p>Nimm dir einen Moment Zeit und geniesse die erfrischende Kombination aus süsser Minze und kühlem Menthol. Im MINI Format &amp; mit der leichtesten Nikotinintensität.</p>
<p><span>EPOK, LYFT oder VELO? </span><span>Weitere Informationen dazu findest Du in </span><a href=""https://snushus.ch/blogs/snusbuch/was-ist-all-white-snus"" target=""_blank"">unserem Blog</a><span>.</span></p>",Polar Mint Easy Mini AW,Unisex,,,,,,,https://cdn.shopify.com/s/files/1/0072/0646/9679/products/velo-polar-mint-mini-aw.png,,,,,6.90,0.00,1,G,20000,IN,3,3,3,,,,
,,VL-1305-1,Unisex,Title,Default Title,,,,,,,,,,6.90,0.00,1,G,20000,IN,3,3,3,,,VELO (CH),Polar Mint Easy Mini AW
Mint AW,"<p>Nimm dir einen Moment Zeit und geniesse die erfrischende Kombination aus süsser Minze und kühlem Menthol. Im SLIM Format &amp; leichter Nikotinintensität.</p>
<p><span>EPOK, LYFT oder VELO? </span><span>Weitere Informationen dazu findest Du in </span><a href=""https://snushus.ch/blogs/snusbuch/was-ist-all-white-snus"" target=""_blank"">unserem Blog</a><span>.</span></p>",Mint AW,Unisex,,,,,,,https://cdn.shopify.com/s/files/1/0072/0646/9679/products/velo-mint-aw.png,,,,,8.50,0.00,1,G,34800,IN,3,3,3,,,,
,,VL-3705-1,Unisex,Title,Default Title,,,,,,,,,,8.50,0.00,1,G,34800,IN,3,3,3,,,VELO (CH),Mint AW
Mint Strong Mini AW,"<p>Nimm dir einen Moment Zeit und geniesse die erfrischende Kombination aus süsser Minze und kühlem Menthol. In MINI Format &amp; mittlerer Nikotinintensität.</p>
<p><span>EPOK, LYFT oder VELO? </span><span>Weitere Informationen dazu findest Du in </span><a href=""https://snushus.ch/blogs/snusbuch/was-ist-all-white-snus"" target=""_blank"">unserem Blog</a><span>.</span></p>",Mint Strong Mini AW,Unisex,,,,,,,https://cdn.shopify.com/s/files/1/0072/0646/9679/products/velo-mint-strong-mini-aw.png,,,,,6.90,0.00,1,G,20000,IN,3,3,3,,,,
,,VL-2705-1,Unisex,Title,Default Title,,,,,,,,,,6.90,0.00,1,G,20000,IN,3,3,3,,,VELO (CH),Mint Strong Mini AW
Kräuter Mix X-Strong AW,"<p>Ein frischer Mix aus Kräutern kombiniert zu einem unglaublichen Geschmackserlebnis, inspiriert von den Schweizer Alpen. Im Slim-Format &amp; mittlerer Nikotinintensität.</p>
<p><span>EPOK, LYFT oder VELO? </span><span>Weitere Informationen dazu findest Du in </span><a href=""https://snushus.ch/blogs/snusbuch/was-ist-all-white-snus"" target=""_blank"">unserem Blog</a><span>.</span></p>",Kräuter Mix X-Strong AW,Unisex,,,,,,,https://cdn.shopify.com/s/files/1/0072/0646/9679/products/velo-kraeuter-mix-x-strong-aw.png,,,,,8.50,0.00,1,G,34800,IN,3,3,3,,,,
,,VL-4115-1,Unisex,Title,Default Title,,,,,,,,,,8.50,0.00,1,G,34800,IN,3,3,3,,,VELO (CH),Kräuter Mix X-Strong AW
Ice Cool Strong AW,"<p>Probiere VELO Ice Cool und erlebe den Geschmack von prickelnder Pfefferminze in Kombination mit dem süssen Aroma von Polei-Minze.</p>
<p><span>EPOK, LYFT oder VELO? </span><span>Weitere Informationen dazu findest Du in </span><a href=""https://snushus.ch/blogs/snusbuch/was-ist-all-white-snus"" target=""_blank"">unserem Blog</a><span>.</span></p>",Ice Cool Strong AW,Unisex,,,,,,,https://cdn.shopify.com/s/files/1/0072/0646/9679/products/velo-ice-cool-strong-aw.png,,,,,8.50,0.00,1,G,34800,IN,3,3,3,,,,
,,VL-3605-1,Unisex,Title,Default Title,,,,,,,,,,8.50,0.00,1,G,34800,IN,3,3,3,,,VELO (CH),Ice Cool Strong AW
Hugo X-Strong AW,"<p>Der perfekte Mix aus reichhaltiger Holunderblüte und erfrischender Minze. Im Slim-Format &amp; mittlerer Nikotinintensität.</p>
<p><span>EPOK, LYFT oder VELO? </span><span>Weitere Informationen dazu findest Du in </span><a href=""https://snushus.ch/blogs/snusbuch/was-ist-all-white-snus"" target=""_blank"">unserem Blog</a><span>.</span></p>",Hugo X-Strong AW,Unisex,,,,,,,https://cdn.shopify.com/s/files/1/0072/0646/9679/products/velo-hugo-x-strong-aw.png,,,,,8.50,0.00,1,G,34800,IN,3,3,3,,,,
,,VL-4905-1,Unisex,Title,Default Title,,,,,,,,,,8.50,0.00,1,G,34800,IN,3,3,3,,,VELO (CH),Hugo X-Strong AW
Kräuter Mix Mini AW,"<p>Ein frischer Mix aus Kräutern kombiniert zu einem unglaublichen Geschmackserlebnis, inspiriert von den Schweizer Alpen. Im Mini-Format &amp; leichter Nikotinintesität.</p>
<p><span>EPOK, LYFT oder VELO? </span><span>Weitere Informationen dazu findest Du in </span><a href=""https://snushus.ch/blogs/snusbuch/was-ist-all-white-snus"" target=""_blank"">unserem Blog</a><span>.</span></p>",Kräuter Mix Mini AW,Unisex,,,,,,,https://cdn.shopify.com/s/files/1/0072/0646/9679/products/velo-kraeuter-mix-mini-aw.png,,,,,6.90,0.00,1,G,20000,IN,3,3,3,,,,
,,VL-1115-1,Unisex,Title,Default Title,,,,,,,,,,6.90,0.00,1,G,20000,IN,3,3,3,,,VELO (CH),Kräuter Mix Mini AW
Berry Frost Mini AW,"<p>VELO Berryfrost lässt Sommer und Winter aufeinandertreffen: Hier verschmilzt der Geschmack von saftigen Himbeeren, Blaubeeren und Brombeeren mit frischer Minze und eiskaltem Menthol. Im MINI Format &amp; leichter Nikotinintensität.</p>
<p> </p>
<p><span>EPOK, LYFT oder VELO? </span><span>Weitere Informationen dazu findest Du in </span><a href=""https://snushus.ch/blogs/snusbuch/was-ist-all-white-snus"" target=""_blank"">unserem Blog</a><span>.</span></p>",Berry Frost Mini AW,Unisex,,,,,,,https://cdn.shopify.com/s/files/1/0072/0646/9679/products/velo-mini-berry-frost-medium-aw.png,,,,,6.90,0.00,1,G,20000,IN,3,3,3,,,,
,,VL-1205-1,Unisex,Title,Default Title,,,,,,,,,,6.90,0.00,1,G,20000,IN,3,3,3,,,VELO (CH),Berry Frost Mini AW
Berry Frost X-Strong AW,"<p>VELO Berryfrost lässt Sommer und Winter aufeinandertreffen: Hier verschmilzt der Geschmack von saftigen Himbeeren, Blaubeeren und Brombeeren mit frischer Minze und eiskaltem Menthol. Im SLIM Format &amp; mittlerer Nikotinintensität.</p>
<p><span>EPOK, LYFT oder VELO? </span><span>Weitere Informationen dazu findest Du in </span><a href=""https://snushus.ch/blogs/snusbuch/was-ist-all-white-snus"" target=""_blank"">unserem Blog</a><span>.</span></p>",Berry Frost X-Strong AW,Unisex,,,,,,,https://cdn.shopify.com/s/files/1/0072/0646/9679/products/velo-berry-frost-x-strong-aw_66b72f9b-cb39-4be7-b93e-87ce1eb0121e.png,,,,,8.50,0.00,1,G,34800,IN,3,3,3,,,,
,,VL-4205-1,Unisex,Title,Default Title,,,,,,,,,,8.50,0.00,1,G,34800,IN,3,3,3,,,VELO (CH),Berry Frost X-Strong AW
Freeze X-Strong AW,"<p>Dürfen wir vorstellen: VELO Freeze X-Strong. Hier werden prickelnde Pfefferminze und eiskaltes Menthol zu einem intensiven Geschmackserlebnis. Im SLIM Format &amp; mittlerer Nikotinintensität.</p>
<p><span>EPOK, LYFT oder VELO? </span><span>Weitere Informationen dazu findest Du in </span><a href=""https://snushus.ch/blogs/snusbuch/was-ist-all-white-snus"" target=""_blank"">unserem Blog</a><span>.</span></p>",Freeze X-Strong AW,Unisex,,,,,,,https://cdn.shopify.com/s/files/1/0072/0646/9679/products/velo-freeze-x-strong-aw_a5a6c1fa-c069-4a16-b82d-80fe227b95c2.png,,,,,8.50,0.00,1,G,34800,IN,3,3,3,,,,
,,VL-4105-1,Unisex,Title,Default Title,,,,,,,,,,8.50,0.00,1,G,34800,IN,3,3,3,,,VELO (CH),Freeze X-Strong AW
Hugo Mini AW,"<p>Der perfekte Mix aus reichhaltiger Holunderblüte und erfrischender Minze. Im Mini-Format &amp; leichter Nikotinintesität.</p>
<p><span>EPOK, LYFT oder VELO? </span><span>Weitere Informationen dazu findest Du in </span><a href=""https://snushus.ch/blogs/snusbuch/was-ist-all-white-snus"" target=""_blank"">unserem Blog</a><span>.</span></p>",Hugo Mini AW,Unisex,,,,,,,https://cdn.shopify.com/s/files/1/0072/0646/9679/products/velo-hugo-mini-aw.png,,,,,6.90,0.00,1,G,20000,IN,3,3,3,,,,
,,VL-1905-1,Unisex,Title,Default Title,,,,,,,,,,6.90,0.00,1,G,20000,IN,3,3,3,,,VELO (CH),Hugo Mini AW
Mint Mini AW,"<p>Nimm dir einen Moment Zeit und geniesse die erfrischende Kombination aus süsser Minze und kühlem Menthol. Im MINI Format &amp; leichter Nikotinintensität.</p>
<p><span>EPOK, LYFT oder VELO? </span><span>Weitere Informationen dazu findest Du in </span><a href=""https://snushus.ch/blogs/snusbuch/was-ist-all-white-snus"" target=""_blank"">unserem Blog</a><span>.</span></p>",Mint Mini AW,Unisex,,,,,,,https://cdn.shopify.com/s/files/1/0072/0646/9679/products/velo-mint-mini-aw.png,,,,,6.90,0.00,1,G,20000,IN,3,3,3,,,,
,,VL-1705-1,Unisex,Title,Default Title,,,,,,,,,,6.90,0.00,1,G,20000,IN,3,3,3,,,VELO (CH),Mint Mini AW
Mini Cool Mint 3mg AW,"ZYN Mini Cool Mint ist treffend benannt - es liefert einen kühlenden Mentholgeschmack mit Noten von Pfefferminze. Die Beutel sind trocken und beginnen Geschmack und Nikotin zu liefern, sobald sie ein wenig feucht werden.",Mini Cool Mint 3mg AW,Unisex,,,,,,,https://cdn.shopify.com/s/files/1/0072/0646/9679/products/zyn-mini-cool-mint-3mg-aw-new.png,,,,,1.99,0.00,1,G,1,IN,3,3,3,,,,
,,ZY-1005-1,Unisex,Title,Default Title,,,,,,,,,,1.99,0.00,1,G,1,IN,3,3,3,,,ZYN,Mini Cool Mint 3mg AW
Mini Citrus 6mg AW,"ZYN Mini Citrus hat einen köstlichen frischen Geschmack von sonnigen Zitrusfrüchten mit Noten von Orangen und Zitronengras. Die Beutel sind trocken und beginnen, Geschmack und Nikotin zu liefern, sobald sie ein wenig feucht werden.",Mini Citrus 6mg AW,Unisex,,,,,,,https://cdn.shopify.com/s/files/1/0072/0646/9679/products/zyn-mini-citrus-6mg-aw.png,,,,,1.99,0.00,1,G,1,IN,3,3,3,,,,
,,ZY-2105-1,Unisex,Title,Default Title,,,,,,,,,,1.99,0.00,1,G,1,IN,3,3,3,,,ZYN,Mini Citrus 6mg AW
Mini Espressino 6mg AW,"ZYN Mini Espressino ist für diejenigen, die die Kombination von frisch geröstetem Kaffee lieben, aber auch den Geschmack von Schokolade, Nougat und Vanille mögen. Der Charakter ist leicht cremig und etwas dunkler als andere Geschmacksrichtungen.",Mini Espressino 6mg AW,Unisex,,,,,,,https://cdn.shopify.com/s/files/1/0072/0646/9679/products/zyn-mini-espressino-6mg-aw.png,,,,,1.99,0.00,1,G,1,IN,3,3,3,,,,
,,ZY-3105-1,Unisex,Title,Default Title,,,,,,,,,,1.99,0.00,1,G,1,IN,3,3,3,,,ZYN,Mini Espressino 6mg AW
Mini Cool Mint 9mg AW,"ZYN Mini Cool Mint ist treffend benannt - es liefert einen kühlenden Mentholgeschmack mit Noten von Pfefferminze. Die Beutel sind trocken und beginnen Geschmack und Nikotin zu liefern, sobald sie ein wenig feucht werden.",Mini Cool Mint 9mg AW,Unisex,,,,,,,https://cdn.shopify.com/s/files/1/0072/0646/9679/products/zyn-mini-cool-mint-9mg-aw.png,,,,,1.99,0.00,1,G,1,IN,3,3,3,,,,
,,ZY-1205-1,Unisex,Title,Default Title,,,,,,,,,,1.99,0.00,1,G,1,IN,3,3,3,,,ZYN,Mini Cool Mint 9mg AW
Mini Cool Mint 6mg AW,"ZYN Mini Cool Mint ist treffend benannt - es liefert einen kühlenden Mentholgeschmack mit Noten von Pfefferminze. Die Beutel sind trocken und beginnen Geschmack und Nikotin zu liefern, sobald sie ein wenig feucht werden.",Mini Cool Mint 6mg AW,Unisex,,,,,,,https://cdn.shopify.com/s/files/1/0072/0646/9679/products/zyn-mini-cool-mint-6mg-aw.png,,,,,1.99,0.00,1,G,1,IN,3,3,3,,,,
,,ZY-1105-1,Unisex,Title,Default Title,,,,,,,,,,1.99,0.00,1,G,1,IN,3,3,3,,,ZYN,Mini Cool Mint 6mg AW
Salty Liquorice AW,Ein aufregendes Zusammenspiel von einer salzigen Note und dem einzigartigen Lakritze-Geschmack – das wird den Fans von VID Salty Liquorice Slim Strong All White Portion Nikotinbeutel mit Nikotingehalt 12 mg/g geboten.,Salty Liquorice AW,Unisex,,,,,,,https://cdn.shopify.com/s/files/1/0072/0646/9679/products/vid-salty-liquorice-aw.png,,,,,3.90,0.00,1,G,1,IN,3,3,3,,,,
,,VI-1205-1,Unisex,Title,Default Title,,,,,,,,,,3.90,0.00,1,G,1,IN,3,3,3,,,VID,Salty Liquorice AW
Fresh Cola Strong AW,"VID ist die neuste Kreation vom Hause Kurbits Snus AB - kräftige Schweizer Aromen treffen auf schwedisches Snus Know How. Eine Abwechslung zu allen Nikotinbeuteln welche es bisher gab: VID Fresh Cola strong  ist, wie der Name schon sagt, ein All White Snus mit Cola Geschmack! Ein unbeschreibliches Geschmackserlebnis. Auf aromatisierter Zellulosebasis und völlig frei von Tabak kommen auch die VID Beutel im Slim Format. Ohne Tabak bedeutet ohne gewöhnungsbedürftigen Tabakgeruch sowie ohne jegliche Tabakschadstoffe - aktuell gibt es weltweit keine weniger schädliche Art, Nikotin zu konsumieren. All White Snus / Nicotine Pouches bietet sich deshalb vor allem Rauchern an, welche mit Rauchentwöhnung wie Nikotinpflaster, Nikotinkaugummi oder Nikotinspray nichts anfangen können.",Fresh Cola Strong AW,Unisex,,,,,,,https://cdn.shopify.com/s/files/1/0072/0646/9679/products/VID_Fresh_cola_Strong_dt.png,,,,,3.90,0.00,1,G,14,IN,3,3,3,,,,
,,VI-5105-1,Unisex,Title,Default Title,,,,,,,,,,3.90,0.00,1,G,14,IN,3,3,3,,,VID,Fresh Cola Strong AW
Perfect Pear AW,"<p>Der Sommer ist eine fantastische Zeit voller Sonne, Strand und eisigem Birneneis. Auch wenn wir nicht das ganze Jahr über sonnige Sommertage haben können, können wir dieses Gefühl überall hin mitnehmen. Sonnengereifte Birnen, die zusammen mit klaren Vanilletönen einen wunderbaren Geschmack und eine Weichheit erzeugen, die uns an Freizeit, Spiel und Wärme erinnern.</p>
<p> </p>
<p>Bei VID Perfect Pear wollten wir den Geschmack von köstlichem Birneneis hervorheben, einen Geschmack, den viele Menschen kennen und mögen. Die Aromen oszillieren zwischen Birnen-Vanille und Säure auf eine Weise, die herausfordernd ist, wenn es darum geht, was mit Aromen für Nikotinbeutel gemacht werden kann. Der weiche Geschmack und die angenehme Nikotinstärke machen VID Perfect Pear zum perfekten Produkt für diejenigen, die täglich Nikotinbeutel verwenden möchten, oder für diejenigen, die einen milden Nikotinbeutel wünschen, wenn das Verlangen nach Nikotin zu groß wird.</p>",Perfect Pear AW,Unisex,,,,,,,https://cdn.shopify.com/s/files/1/0072/0646/9679/products/VID-Perfect-Pear-AW.png,,,,,3.90,0.00,1,G,30000,IN,3,3,3,,,,
,,VI-8005-1,Unisex,Title,Default Title,,,,,,,,,,3.90,0.00,1,G,30000,IN,3,3,3,,,VID,Perfect Pear AW
Ginger Lemon AW,"<p>Frisch geschälter Ingwer, frische Zitrone und Honig! Wer kann der bewährten Kombination widerstehen? Das Gewicht des Ingwers trifft auf die saure Zitrone und beide werden durch eine sanfte Süße verstärkt, die die Dreieinigkeit ergänzt, wenn es um den Hauptgeschmack der Entspannung geht. Die Aromen von VID Ginger Lemon wollen dir ein Gefühl von Pflege und Ruhe vermitteln – aber mit spürbarer Nikotinabgabe für lange Zeit.</p>
<p>Wenn etwas Sicheres und Umfassendes gefragt ist, ist VID Ginger Lemon die Antwort, wenn es um Nikotinbeutel geht. Die Aromen sind sauber und greifbar, ohne überwältigend zu sein, aber perfekt ausbalanciert für diejenigen, die einen erwachseneren Geschmack in ihrem Nikotinbeutel haben möchten.</p>",Ginger Lemon AW,Unisex,,,,,,,https://cdn.shopify.com/s/files/1/0072/0646/9679/products/VID-Ginger-Lemon-aw.png,,,,,3.90,0.00,1,G,30000,IN,3,3,3,,,,
,,VI-9005-1,Unisex,Title,Default Title,,,,,,,,,,3.90,0.00,1,G,30000,IN,3,3,3,,,VID,Ginger Lemon AW
Watermelon AW,"<p>VID ist die neuste Kreation vom Hause Kurbits Snus AB - kräftige Schweizer Aromen treffen auf schwedisches Snus Know How. Herrliches Sommerfeeling verleiht der VID Watermelon All White mit einem fruchtigen Aroma von Wassermelone.</p>
<p>Auf aromatisierter Zellulosebasis und völlig frei von Tabak kommen auch die VID Beutel im Slim Format. Ohne Tabak bedeutet ohne gewöhnungsbedürftigen Tabakgeruch sowie ohne jegliche Tabakschadstoffe - aktuell gibt es weltweit keine weniger schädliche Art, Nikotin zu konsumieren. All White Snus / Nicotine Pouches bietet sich deshalb vor allem Rauchern an, welche mit Rauchentwöhnung wie Nikotinpflaster, Nikotinkaugummi oder Nikotinspray nichts anfangen können.</p>
<div class=""info"">
<div class=""info"">
<div class=""item flex"">
<div class=""title""></div>
</div>
</div>
</div>",Watermelon AW,Unisex,,,,,,,https://cdn.shopify.com/s/files/1/0072/0646/9679/products/VID-Watermelon-AW.png,,,,,3.90,,1,G,1,IN,3,3,3,,,,
,,VI-2005-1,Unisex,Title,Default Title,,,,,,,,,,3.90,,1,G,1,IN,3,3,3,,,VID,Watermelon AW
Cool Citrus AW,"<p>VID ist die neuste Kreation vom Hause Kurbits Snus AB - kräftige Schweizer Aromen treffen auf schwedisches Snus Know How. Ein kühles Zitrusaroma trifft auf 12 mg/g Nikotingehalt. Die Slim Nikotinbeutel stören kaum unter der Lippe. Ein perfektes Produkt für die Rauchentwöhnung! </p>
<p>Auf aromatisierter Zellulosebasis und völlig frei von Tabak kommen auch die VID Beutel im Slim Format. Ohne Tabak bedeutet ohne gewöhnungsbedürftigen Tabakgeruch sowie ohne jegliche Tabakschadstoffe - aktuell gibt es weltweit keine weniger schädliche Art, Nikotin zu konsumieren. All White Snus / Nicotine Pouches bietet sich deshalb vor allem Rauchern an, welche mit Rauchentwöhnung wie Nikotinpflaster, Nikotinkaugummi oder Nikotinspray nichts anfangen können.</p>",Cool Citrus AW,Unisex,,,,,,,https://cdn.shopify.com/s/files/1/0072/0646/9679/products/VID-Cool-Citrus-AW.png,,,,,3.90,,1,G,1,IN,3,3,3,,,,
,,VI-4005-1,Unisex,Title,Default Title,,,,,,,,,,3.90,,1,G,1,IN,3,3,3,,,VID,Cool Citrus AW
Coffee Caramel Strong AW,"Der VID Coffee Caramel strong All White Snus ist die neuste Kreation vom Hause Kurbits Snus AB und überzeugt geschmacklich mit einer perfekten Balance zwischen starken Arabica-Kaffeebohnen sowie karamellisierter Vanille. Mittelmässig süss und durchschnittlich stark sind diese Beutel etwas für Geniesser, die den Kaffeegeschmack lieben!<br>Auf aromatisierter Zellulosebasis und völlig frei von Tabak kommen auch die VID Beutel im Slim Format. Ohne Tabak bedeutet ohne gewöhnungsbedürftigen Tabakgeruch sowie ohne jegliche Tabakschadstoffe - aktuell gibt es weltweit keine weniger schädliche Art, Nikotin zu konsumieren. All White Snus / Nicotine Pouches bietet sich deshalb vor allem Rauchern an, welche mit Rauchentwöhnung wie Nikotinpflaster, Nikotinkaugummi oder Nikotinspray nichts anfangen können.",Coffee Caramel Strong AW,Unisex,,,,,,,https://cdn.shopify.com/s/files/1/0072/0646/9679/products/VID_Caramel_Coffe_Strong_dt.png,,,,,3.90,0.00,1,G,14,IN,3,3,3,,,,
,,VI-7105-1,Unisex,Title,Default Title,,,,,,,,,,3.90,0.00,1,G,14,IN,3,3,3,,,VID,Coffee Caramel Strong AW
Coffee Caramel AW,"<p>Der VID Coffee Caramel All White Snus ist die neuste Kreation vom Hause Kurbits Snus AB und überzeugt geschmacklich mit einer perfekten Balance zwischen starken Arabica-Kaffeebohnen sowie karamellisierter Vanille. Mittelmässig süss und durchschnittlich stark sind diese Beutel etwas für Geniesser, die den Kaffeegeschmack lieben!</p>
<p><br>Auf aromatisierter Zellulosebasis und völlig frei von Tabak kommen auch die VID Beutel im Slim Format. Ohne Tabak bedeutet ohne gewöhnungsbedürftigen Tabakgeruch sowie ohne jegliche Tabakschadstoffe - aktuell gibt es weltweit keine weniger schädliche Art, Nikotin zu konsumieren. All White Snus / Nicotine Pouches bietet sich deshalb vor allem Rauchern an, welche mit Rauchentwöhnung wie Nikotinpflaster, Nikotinkaugummi oder Nikotinspray nichts anfangen können.</p>",Coffee Caramel AW,Unisex,,,,,,,https://cdn.shopify.com/s/files/1/0072/0646/9679/products/VID-Coffe-Caramel-AW.png,,,,,3.90,0.00,1,G,30000,IN,3,3,3,,,,
,,VI-7005-1,Unisex,Title,Default Title,,,,,,,,,,3.90,0.00,1,G,30000,IN,3,3,3,,,VID,Coffee Caramel AW
Arctic Blast AW,"<p>VID ist die neuste Kreation vom Hause Kurbits Snus AB - kräftige Schweizer Aromen treffen auf schwedisches Snus Know How. Die Arctiv Blast Nikotinbeutel bestechen mit ihrem frischen Menthol, Minze Geschmack und einem hohen Nikotingehalt von 20 mg/g! Die Slim Beutel fühlen sich angenehm unter der Lippe an und können helfen, die Zigarette zu vergessen. ;-)</p>
<p>Auf aromatisierter Zellulosebasis und völlig frei von Tabak kommen auch die VID Beutel im Slim Format. Ohne Tabak bedeutet ohne gewöhnungsbedürftigen Tabakgeruch sowie ohne jegliche Tabakschadstoffe - aktuell gibt es weltweit keine weniger schädliche Art, Nikotin zu konsumieren. All White Snus / Nicotine Pouches bietet sich deshalb vor allem Rauchern an, welche mit Rauchentwöhnung wie Nikotinpflaster, Nikotinkaugummi oder Nikotinspray nichts anfangen können.</p>",Arctic Blast AW,Unisex,,,,,,,https://cdn.shopify.com/s/files/1/0072/0646/9679/products/VID-Arctic-Blast-AW.png,,,,,3.90,,1,G,1,IN,3,3,3,,,,
,,VI-1005-1,Unisex,Title,Default Title,,,,,,,,,,3.90,,1,G,1,IN,3,3,3,,,VID,Arctic Blast AW
Fruit Fusion AW,"<p>VID ist die neuste Kreation vom Hause Kurbits Snus AB - kräftige Schweizer Aromen treffen auf schwedisches Snus Know How. Ein Beeren Aroma wie frisch aus dem Wald gepflückt! Die Nikotinbeutel von VID sind im Slim Format und sorgen für eine diskrete Anwendung.</p>
<p>Auf aromatisierter Zellulosebasis und völlig frei von Tabak kommen auch die VID Beutel im Slim Format. Ohne Tabak bedeutet ohne gewöhnungsbedürftigen Tabakgeruch sowie ohne jegliche Tabakschadstoffe - aktuell gibt es weltweit keine weniger schädliche Art, Nikotin zu konsumieren. All White Snus / Nicotine Pouches bietet sich deshalb vor allem Rauchern an, welche mit Rauchentwöhnung wie Nikotinpflaster, Nikotinkaugummi oder Nikotinspray nichts anfangen können.</p>",Fruit Fusion AW,Unisex,,,,,,,https://cdn.shopify.com/s/files/1/0072/0646/9679/products/VID-Fruit-Fusion-AW.png,,,,,3.90,,1,G,1,IN,3,3,3,,,,
,,VI-3005-1,Unisex,Title,Default Title,,,,,,,,,,3.90,,1,G,1,IN,3,3,3,,,VID,Fruit Fusion AW
Violet Velvet AW,"<p>VID ist die neuste Kreation vom Hause Kurbits Snus AB - kräftige Schweizer Aromen treffen auf schwedisches Snus Know How.</p>
<p>Violet Velvet ist eine verspielte Kombination aus Veilchen und süsser Lakritze. Die schnelle Nikotinfreisetzung und der süsse Geschmack haben sich zu einer Sensation im Segment der frischen und süssen Nikotinbeutel entwickelt. Die Entwickler wollten dem Produkt das Gefühl eines angenehmen Geschmacks geben, der der nordischen Geschmackstradition nahe steht.</p>",Violet Velvet AW,Unisex,,,,,,,https://cdn.shopify.com/s/files/1/0072/0646/9679/products/VID-Violet-Velvet-AW.png,,,,,3.90,0.00,1,G,30000,IN,3,3,3,,,,
,,VI-6005-1,Unisex,Title,Default Title,,,,,,,,,,3.90,0.00,1,G,30000,IN,3,3,3,,,VID,Violet Velvet AW
Fresh Cola AW,"<p>VID ist die neuste Kreation vom Hause Kurbits Snus AB - kräftige Schweizer Aromen treffen auf schwedisches Snus Know How. Eine Abwechslung zu allen Nikotinbeuteln welche es bisher gab: VID Fresh Cola ist, wie der Name schon sagt, ein All White Snus mit Cola Geschmack! Ein unbeschreibliches Geschmackserlebnis.</p>
<p>Auf aromatisierter Zellulosebasis und völlig frei von Tabak kommen auch die VID Beutel im Slim Format. Ohne Tabak bedeutet ohne gewöhnungsbedürftigen Tabakgeruch sowie ohne jegliche Tabakschadstoffe - aktuell gibt es weltweit keine weniger schädliche Art, Nikotin zu konsumieren. All White Snus / Nicotine Pouches bietet sich deshalb vor allem Rauchern an, welche mit Rauchentwöhnung wie Nikotinpflaster, Nikotinkaugummi oder Nikotinspray nichts anfangen können.</p>",Fresh Cola AW,Unisex,,,,,,,https://cdn.shopify.com/s/files/1/0072/0646/9679/products/VID-Fresh-Cola-AW.png,,,,,3.90,,1,G,1,IN,3,3,3,,,,
,,VI-5005-1,Unisex,Title,Default Title,,,,,,,,,,3.90,,1,G,1,IN,3,3,3,,,VID,Fresh Cola AW
Perfect Pear Strong AW,"Der Sommer ist eine fantastische Zeit voller Sonne, Strand und eisigem Birneneis. Auch wenn wir nicht das ganze Jahr über sonnige Sommertage haben können, können wir dieses Gefühl überall hin mitnehmen. Sonnengereifte Birnen, die zusammen mit klaren Vanilletönen einen wunderbaren Geschmack und eine Weichheit erzeugen, die uns an Freizeit, Spiel und Wärme erinnern.<br data-mce-fragment=""1""><br data-mce-fragment=""1""><br data-mce-fragment=""1"">Bei VID Perfect Pear Strong wollten wir den Geschmack von köstlichem Birneneis hervorheben, einen Geschmack, den viele Menschen kennen und mögen. Die Aromen oszillieren zwischen Birnen-Vanille und Säure auf eine Weise, die herausfordernd ist, wenn es darum geht, was mit Aromen für Nikotinbeutel gemacht werden kann. Der weiche Geschmack und die angenehme Nikotinstärke machen VID Perfect Pear zum perfekten Produkt für diejenigen, die täglich Nikotinbeutel verwenden möchten, oder für diejenigen, die einen milden Nikotinbeutel wünschen, wenn das Verlangen nach Nikotin zu groß wird.<br>",Perfect Pear Strong AW,Unisex,,,,,,,https://cdn.shopify.com/s/files/1/0072/0646/9679/products/VID_Perfect_Pear_Strong_dt.png,,,,,3.90,0.00,1,G,14,IN,3,3,3,,,,
,,VI-8105-1,Unisex,Title,Default Title,,,,,,,,,,3.90,0.00,1,G,14,IN,3,3,3,,,VID,Perfect Pear Strong AW
Stockholm WP,"<meta charset=""utf-8"">
<div class=""item flex"">
<div class=""title""></div>
</div>
<div class=""item flex"">
<div class=""info"">
<p>NEU! Stockholm ist die neuste Kreation von Kurbits und besticht mit hochwertigen Rohstoffen - beim Tabak werden nur Premiumsorten verwendet die exklusiv mit schwedischen Citrus-, Blumen- und Lakritze-Aromen angereichert werden. Eine vollendete schwedische Snus-Kreation mit Zufriedenheitsgarantie für alle Snus-Feinschmecker!</p>
</div>
<div class=""info"">
<div class=""info""></div>
</div>
</div>",Stockholm WP,Unisex,,,,,,,https://cdn.shopify.com/s/files/1/0072/0646/9679/products/stockholm-white-portion.png,,,,,5.90,,1,G,30,IN,3,3,3,,,,
,,ST-1005-1,Unisex,Title,Default Title,,,,,,,,,,5.90,,1,G,30,IN,3,3,3,,,Stockholm,Stockholm WP
CITRUS,"<p>Diese Zitrusmischung wird dich begeistern! Suchst du nach einer neuen, erfrischender Art deinen Nikotinkick zu geniessen? Mit 15mg/g wirst du nicht mehr zur Zigarette greifen müssen. Alle edel Beutel kommen im Slim Format und passen auch den Ladies unter die Lippe.</p>
<p><a href=""https://snushus.ch/collections/edel-weiss-snus"" title=""edelweiss All White Snus im Snushus kaufen! Schweizer Qualität, direkt aus der Schweiz versendet."">Hier findest Du sämtliche Varianten der edelweiss Linie</a></p>",CITRUS,Unisex,,,,,,,https://cdn.shopify.com/s/files/1/0072/0646/9679/products/edel-citrus-all-white.png,,,,,6.90,,1,G,14,IN,3,3,3,,,,
,,ED-2010-1,Unisex,Title,Default Title,,,,,,,,,,6.90,,1,G,14,IN,3,3,3,,,Edel,CITRUS
MELON,"<p>Falls du zur Abwechslung gerne was neues probieren möchtest, verzaubert der edel MELON deine Sinne. Neben dem Nikotinkick von 15mg/g vitalisiert er mit seinem einzigartigen Aroma den Mund und Körper. Kaugummis waren gestern!</p>
<p><a href=""https://snushus.ch/collections/edel-weiss-snus"" title=""edelweiss All White Snus im Snushus kaufen! Schweizer Qualität, direkt aus der Schweiz versendet."">Hier findest Du sämtliche Varianten der edelweiss Linie</a></p>",MELON,Unisex,,,,,,,https://cdn.shopify.com/s/files/1/0072/0646/9679/products/edel-melon-all-white.png,,,,,6.90,,1,G,14,IN,3,3,3,,,,
,,ED-3010-1,Unisex,Title,Default Title,,,,,,,,,,6.90,,1,G,14,IN,3,3,3,,,Edel,MELON
Mint WP Slim,"Am Gipfel angekommen erstreckt sich vor dir das atemberaubende Bergpanorama der Schweizer Alpen. Zu deinen Füssen liegt ein unberührter Tiefschneehang. Nur ein kleiner Drop und das rauschende Gefühl von Freiheit und purer Lebensfreude durchzieht deinen ganzen Körper. Inspiriert von Momenten wie diesen, hat die Leaf Bakery an einer Rezeptur gefeilt, welche die Frische der Schweizer Bergluft mit einem Hauch von Minze kombiniert. Mit dem TRIFT Mint intensivierst Du jedes deiner ganz persönlichen Abenteuer! Enjoy the ride!",Mint WP Slim,Unisex,,,,,,,https://cdn.shopify.com/s/files/1/0072/0646/9679/products/1639499460844876_trift-mint-white-portion-slim.jpg,,,,,7.90,6.90,1,G,1,IN,3,3,3,,,,
,,TR-2005-1,Unisex,Title,Default Title,,,,,,,,,,7.90,6.90,1,G,1,IN,3,3,3,,,TRIFT,Mint WP Slim
Traube-Minze AW,"La Fruteria - Traube Minze wurde kreiert um den beliebtesten Shisha Geschmack in einen Pouch zu packen. Ganz nach dem Gusto von allen Wasserpfeifen Liebhabern. Frisch und trotzdem fruchtig, dazu sehr stark - ohne dass das Produkt gleichzeitig gefährlich ist wie zum Beispiel <a href=""https://snushus.ch/blogs/snusbuch/supreme-snus-co-nikotingehalt-erklart-das-problem-im-uberblick"">Supreme Snus</a>, da es in der Schweiz produziert wird",Traube-Minze AW,Unisex,,,,,,,https://cdn.shopify.com/s/files/1/0072/0646/9679/products/la-fruteria-traube-minze-aw.png,,,,,7.90,0.00,1,G,14,IN,3,3,3,,,,
,,LF-1000-1,Unisex,Title,Default Title,,,,,,,,,,7.90,0.00,1,G,14,IN,3,3,3,,,La Fruteria,Traube-Minze AW
Orange Jizz AW,"La Fruteria - Orange Jizz. Ein Geschmack, den es so noch nie in einem Pouch gegeben hat. Spritzige Orange und ein Schuss Blutorange für den Extra ""JIZZ"". Fruchtiger Frischekick und dazu sehr stark - ohne dass das Produkt gleichzeitig gefährlich ist wie zum Beispiel <a href=""https://snushus.ch/blogs/snusbuch/supreme-snus-co-nikotingehalt-erklart-das-problem-im-uberblick"">Supreme Snus</a>, da es in der Schweiz produziert wird.",Orange Jizz AW,Unisex,,,,,,,https://cdn.shopify.com/s/files/1/0072/0646/9679/products/la-fruteria-orange-jizz-aw.png,,,,,7.90,0.00,1,G,14,IN,3,3,3,,,,
,,LF-2000-1,Unisex,Title,Default Title,,,,,,,,,,7.90,0.00,1,G,14,IN,3,3,3,,,La Fruteria,Orange Jizz AW
COLD,"<p>Der edel COLD ist das bisher stärkste All White Produkt auf dem Schweizer Markt. Diese einzigartige Minz-Menthol Mischung mit Frischebooster und 20 mg/g Nikotin wurde explizit für die Vorlieben der heimischen Konsumenten entwickelt. Mit der Kraft vom COLD kann kommen was wolle - immer und überall.</p>
<p><a title=""edelweiss All White Snus im Snushus kaufen! Schweizer Qualität, direkt aus der Schweiz versendet."" href=""https://snushus.ch/collections/edel-weiss-snus"">Hier findest Du sämtliche Varianten der edelweiss Linie</a><br></p>",COLD,Unisex,,,,,,,https://cdn.shopify.com/s/files/1/0072/0646/9679/products/edel-cold-all-white.png,,,,,6.90,,1,G,14,IN,3,3,3,,,,
,,ED-1010-1,Unisex,Title,Default Title,,,,,,,,,,6.90,,1,G,14,IN,3,3,3,,,Edel,COLD
ONYX,"Saftige Bergkräutermischung mit einem Hauch von Eukalyptus – nochmal deutlich mehr Kick als der beliebte edel COLD. Onyx ist nichts für schwache Gemüter, aber trotzdem unglaublich lecker.  Bist du bereit für den Kick? Feel Unique und tauche ein in die Welt von edel",ONYX,Unisex,,,,,,,https://cdn.shopify.com/s/files/1/0072/0646/9679/products/edel-onyx-all-white.png,,,,,6.90,0.00,1,G,28000,IN,3,3,3,,,,
,,ED-9010-1,Unisex,Title,Default Title,,,,,,,,,,6.90,0.00,1,G,28000,IN,3,3,3,,,edel,ONYX
MINT,Der wohl beliebteste Snus-Geschmack Minze ist ab sofort in der edelweiss-Linie des Schweizer Snus Brands edelsnus auch mit tieferem Nikotingehalt vertreten!<br>Der edel Mint All White kommt mit angenehmen 10 mg/g Nikotin und ist damit ein perfekter Alltags-Snus.,MINT,Unisex,,,,,,,https://cdn.shopify.com/s/files/1/0072/0646/9679/products/edel-mint-all-white.png,,,,,6.90,0.00,1,G,1,IN,3,3,3,,,,
,,ED-7010-1,Unisex,Title,Default Title,,,,,,,,,,6.90,0.00,1,G,1,IN,3,3,3,,,edel,MINT
LYCHEE,"Der edel Lychee All White Snus ist Teil der zweiten Generation der edelweiss Linie des Schweizer Snus Herstellers edelsnus. Angenehme Slim Beutel, kombiniert mit einem aufregenden Litschi Aroma mit einem hauch von Rosen und dezentem Nikotingehalt verleihen diesem Snus die perfekte Balance.",LYCHEE,Unisex,,,,,,,https://cdn.shopify.com/s/files/1/0072/0646/9679/products/edel-lychee-all-white.png,,,,,6.90,0.00,1,G,1,IN,3,3,3,,,,
,,ED-8010-1,Unisex,Title,Default Title,,,,,,,,,,6.90,0.00,1,G,1,IN,3,3,3,,,edel,LYCHEE
CBD MINT,"<p>Um dem Druck der modernen Gesellschaft nicht zu erliegen, darf die Entspannung nicht fehlen. Mit dem edel CBD MINT aus der ""edel weiss""-Reihe wird deshalb voller Stolz der weltweit erste CBD ALL WHITE Snus präsentiert. Diese Minz-Mischung enthält kein Nikotin. Die darin enthaltenen Cannabinoide (12mg/g CBD) verleihen dir ein nicht betäubendes Gefühl der Unbeschwertheit ohne Belastung deiner Lunge (THC-frei).</p>
<p><a href=""https://snushus.ch/collections/edel-weiss-snus"" title=""edelweiss All White Snus im Snushus kaufen! Schweizer Qualität, direkt aus der Schweiz versendet."">Hier findest Du sämtliche Varianten der edelweiss Linie</a></p>",CBD MINT,Unisex,,,,,,,https://cdn.shopify.com/s/files/1/0072/0646/9679/products/edel-cbd-mint-all-white.png,,,,,9.20,,1,G,14,IN,3,3,3,,,,
,,ED-5010-1,Unisex,Title,Default Title,,,,,,,,,,9.20,,1,G,14,IN,3,3,3,,,Edel,CBD MINT
Raw WP Slim,"<p>Bei diesem Snus hat sich die Leaf Bakery ganz an den traditionsreichen Rezepturen aus dem hohen Norden orientiert. Der Leaf Bakery ist es gelungen, einen hochqualitativen und traditionellen Snus mit hervorragendem Geschmack herzustellen. Wenn Du auf der Suche nach einer klassischen Snus-Variante bist, dann ist der TRIFT Raw genau das richtige für Dich. Trift Raw ist mit Sicherheit der beste Snus aus heimischer Produktion!<br></p>",Raw WP Slim,Unisex,,,,,,,https://cdn.shopify.com/s/files/1/0072/0646/9679/products/1639499405723941_trift-raw-white-portion-slim.jpg,,,,,7.90,6.90,1,G,1,IN,3,3,3,,,,
,,TR-1005-1,Unisex,Title,Default Title,,,,,,,,,,7.90,6.90,1,G,1,IN,3,3,3,,,TRIFT,Raw WP Slim
Lavender WP Slim,"Sei es bei einem Aperitivo auf der Piazza Grande in Locarno bei Sonnenschein oder beim Faulenzen auf den heissen, rund geschliffenen Steinen des Verzascatals: Das dolce far niente südlich der Alpen hat etwas magisches. Diese Magie hat die Leaf Bakery in einem blumigen, fruchtigen und mit Kräutern angereicherten Snus einfangen. Der TRIFT Lavender verkörpert Leichtigkeit, puren Genuss und Lebensfreude. Ein Snus für die sonnigen Tage im Leben!",Lavender WP Slim,Unisex,,,,,,,https://cdn.shopify.com/s/files/1/0072/0646/9679/products/1639499494172943_trift-lavender-white-portion-slim.jpg,,,,,7.90,6.90,1,G,1,IN,3,3,3,,,,
,,TR-3005-1,Unisex,Title,Default Title,,,,,,,,,,7.90,6.90,1,G,1,IN,3,3,3,,,TRIFT,Lavender WP Slim
BERRY,Fruchtiger geht nicht. Bist du auf der Suche nach einem intensiven und lang anhaltenden Geschmackserlebnis? Dann wirst du den edel BERRY lieben. Mit gemässigten 10mg/g Nikotin erfüllt dieses Produkt auch Einsteigerwünsche.,BERRY,Unisex,,,,,,,https://cdn.shopify.com/s/files/1/0072/0646/9679/products/edel-berry-all-white.png,,,,,6.90,0.00,1,G,14000,IN,3,3,3,,,,
,,ED-4010-1,Unisex,Title,Default Title,,,,,,,,,,6.90,0.00,1,G,14000,IN,3,3,3,,,edel,BERRY
Snus Dose Aluminium (3 Teilig),"<p>100% Schweizer Handwerk<br data-mce-fragment=""1"">Kleines Fach im Deckel <br data-mce-fragment=""1"">Beide Fächer haben einen Dichtungsring<br data-mce-fragment=""1""></p>
<p>Die Dose kann auch mit einem individuellen Design gelasert werden. Für eine personalisierte Dose bitte mit uns Kontakt aufnehmen. </p>",Snus Dose Aluminium (3 Teilig),Unisex,,,,,,,https://cdn.shopify.com/s/files/1/0072/0646/9679/products/alu-snus-dose-snushus-bordeaux-rot.png,https://cdn.shopify.com/s/files/1/0072/0646/9679/products/cantripplesized.png,https://cdn.shopify.com/s/files/1/0072/0646/9679/products/alu-snus-dose-bordeaux-rot.png,https://cdn.shopify.com/s/files/1/0072/0646/9679/products/alu-snus-dose-schwarz.png,https://cdn.shopify.com/s/files/1/0072/0646/9679/products/alu-snus-dose-silber.png,39.90,,1,G,50,IN,3,3,3,,,,
,,ZU-7010-1,Unisex,Color,Bordeaux,,,,,,,,,,39.90,,1,G,50,IN,3,3,3,,,snushus.ch,Snus Dose Aluminium (3 Teilig)
,,ZU-7100-1,Unisex,Color,Schwarz,,,,,,,,,,39.90,,1,G,50,IN,3,3,3,,,snushus.ch,Snus Dose Aluminium (3 Teilig)
,,ZU-7300-1,Unisex,Color,Silber,,,,,,,,,,39.90,,1,G,50,IN,3,3,3,,,snushus.ch,Snus Dose Aluminium (3 Teilig)
,,ZU-7200-1,Unisex,Color,Gold,,,,,,,,,,39.90,,1,G,50,IN,3,3,3,,,snushus.ch,Snus Dose Aluminium (3 Teilig)
,,ZU-7000-1,Unisex,Color,Bordeaux Snushus à CHF 29.90,,,,,,,,,,29.90,,1,G,1,IN,3,3,3,,,snushus.ch,Snus Dose Aluminium (3 Teilig)
Snus Halter,"<p>Ein cooles Gadget für jeden Snuser!</p>
<p>Zwei junge, Tüftler-Snuser hatten die Idee dazu - wir haben sie bei ihrem Vorhaben unterstützt! Entstanden ist der Snus Halter aus dem 3D-Drucker.<br>Auf der Arbeit oder bei Wanderungen kommt der Snus Halter ideal zum Einsatz. Die teils störende und schwer zu erreichende Snus Dose im Hosensack, kannst Du nun einfach am Gürtel oder am Rucksack befestigen. <br></p>
<p>Kompatibel für die regulären Snus Dosen mit einem Durchmesser von 7cm. Unsere <a href=""https://snushus.ch/products/3-teilige-alu-snus-dose"">Snus Dose aus Aluminium</a> passt leider nur sehr knapp in den Snus Halter und das Herausnehmen kann mühsam sein. </p>
<p>Die Oberfläche der Snus Halter wurde nicht mehr weiter bearbeitet, weshalb es zu Unreinheiten kommen kann. Diese kann man auf dem Bild des schwarzen Snus Halters gut erkennen. </p>
<p>Sämtliche Snus Halter sind mit dem Snushus Logo gebrandet.</p>",Snus Halter,Unisex,,,,,,,https://cdn.shopify.com/s/files/1/0072/0646/9679/products/1636898999921556_snus-holder-bordeaux-mit-dose.jpg,https://cdn.shopify.com/s/files/1/0072/0646/9679/products/snus-holder-bordeaux.png,https://cdn.shopify.com/s/files/1/0072/0646/9679/products/snus-holder-schwarz.png,https://cdn.shopify.com/s/files/1/0072/0646/9679/products/snus-holder-weiss.png,https://cdn.shopify.com/s/files/1/0072/0646/9679/products/snus-holder-gold.png,9.90,0.00,1,G,1,IN,3,3,3,,,,
,,ZU-9000-1,Unisex,Color,Bordeaux à CHF 9.90,,,,,,,,,,9.90,0.00,1,G,1,IN,3,3,3,,,snushus.ch,Snus Halter
,,ZU-9200-1,Unisex,Color,Gold à CHF 9.90,,,,,,,,,,9.90,0.00,1,G,1,IN,3,3,3,,,snushus.ch,Snus Halter
,,ZU-9300-1,Unisex,Color,Weiss à CHF 9.90,,,,,,,,,,9.90,0.00,1,G,1,IN,3,3,3,,,snushus.ch,Snus Halter
,,ZU-9100-1,Unisex,Color,Schwarz à CHF 9.90,,,,,,,,,,9.90,0.00,1,G,1,IN,3,3,3,,,snushus.ch,Snus Halter
,,ZU-9400-1,Unisex,Color,Silber à CHF 9.90,,,,,,,,,,9.90,0.00,1,G,1,IN,3,3,3,,,snushus.ch,Snus Halter
Snus Kissen,"Schon mal von einem riesigen Snus geträumt? Dann ist Dein Traum gerade wahr geworden! Ab sofort gibt es nämlich exklusiv bei uns das originelle Snus Kissen im White Portion Stil: Perfekt für die Dekoration der Couch oder zum Kuscheln im Bett. Es ist nicht nur cool anzusehen, sondern auch super weich und sehr bequem.<br data-mce-fragment=""1""><br data-mce-fragment=""1""><br data-mce-fragment=""1"">Das Kissen hat einen Reissverschluss auf der Rückseite (fast wie der echte Snus) so dass der Kissenbezug leicht gewaschen werden kann. Die Grösse ist 30 cm x 50 cm; mit anderen Worten, es ist schwer zu übersehen!<br data-mce-fragment=""1""><br data-mce-fragment=""1""><br data-mce-fragment=""1"">
<div style=""text-align: center;""><strong>Swiss Made - Qualitätsgarantie</strong></div>",Snus Kissen,Unisex,,,,,,,https://cdn.shopify.com/s/files/1/0072/0646/9679/products/snus_kissen_gedrehtovski.jpg,https://cdn.shopify.com/s/files/1/0072/0646/9679/products/snuskissenfastganzgradovski_e4093f8e-5852-4300-a95d-457639693784.png,https://cdn.shopify.com/s/files/1/0072/0646/9679/products/Snuskissen_e7c15df2-4379-4c71-948e-290320cd35f9.jpg,,,49.90,0.00,1,G,1,IN,3,3,3,,,,
,,ZU-2000-1,Unisex,Title,Default Title,,,,,,,,,,49.90,0.00,1,G,1,IN,3,3,3,,,snushus.ch,Snus Kissen
Cool Mint X-Strong WDP,"Der T45 Cool Mint ist ein alltägliches Produkt mit Menthol Geschmack für jeden Snuser, der auf der Suche nach einem Nikotinkick ist. Der T45 Cool Mint Snus vermittelt eine klare, lang anhaltende Frische, während die Aromen auch für eine lange Lebensdauer geschaffen wurden.",Cool Mint X-Strong WDP,Unisex,,,,,,,https://cdn.shopify.com/s/files/1/0072/0646/9679/products/t45-cool-mint-xstrong-white-dry-portion-front.png,,,,,3.90,,1,G,30,IN,3,3,3,,,,
,,T4-1005-1,Unisex,Title,Default Title,,,,,,,,,,3.90,,1,G,30,IN,3,3,3,,,T45,Cool Mint X-Strong WDP
Green Mint X-Strong WDP,"Der T45 Green Mint konzentriert sich auf frische Düfte und Aromen. Ein grosszügiger Mentholgeschmack wird mit blumigem Duft und Fruchtaromen ausgeglichen, um das Harte mit dem Weichen zu verbinden. Der T45 Green Mint Snus ist klassisch und gleichzeitig völlig innovativ.",Green Mint X-Strong WDP,Unisex,,,,,,,https://cdn.shopify.com/s/files/1/0072/0646/9679/products/t45-green-mint-xstrong-white-dry-portion-front.png,,,,,3.90,,1,G,30,IN,3,3,3,,,,
,,T4-2005-1,Unisex,Title,Default Title,,,,,,,,,,3.90,,1,G,30,IN,3,3,3,,,T45,Green Mint X-Strong WDP
Peppermint X-Strong WDP,"T45 Peppermint konzentriert sich auf den starken Geschmack von Pfefferminze, kommt aber gleichzeitig auch mit einem runden Geschmack von grüner Minze. Insgesamt sind sowohl Stärke als auch Weichheit in diesem Snus zu finden, der von jedem Snuser geschätzt werden kann, welcher auch einen Minz- statt nur einen reinem Pfefferminz Snus will.",Peppermint X-Strong WDP,Unisex,,,,,,,https://cdn.shopify.com/s/files/1/0072/0646/9679/products/t45-pepptermint-xstrong-white-dry-portion-front.png,,,,,3.90,,1,G,30,IN,3,3,3,,,,
,,T4-3005-1,Unisex,Title,Default Title,,,,,,,,,,3.90,,1,G,30,IN,3,3,3,,,T45,Peppermint X-Strong WDP
Cold Mint Extreme WDP,"Diese Ergänzung zum T45-Trio basiert auf Spearmint-Geschmack und wird von Pfefferminznoten vervollständigt. Mit seiner erheblichen Stärke ist dieses Produkt perfekt für einen Snuser, der sich starke, hochqualitative Minzprodukte und einen ordentlichen Nikotinkick gewöhnt ist.<br data-mce-fragment=""1""><br data-mce-fragment=""1"">T45 Cold Mint Extreme gibt dir nicht nur ein erfrischendes Geschmackserlebnis und einen ordentlichen Nikotinkick, sondern auch dieses unverwechselbare Frische-Gefühl, welches von einem gekühlten Snus ausgeht, ohne dass die Geschmäcker dabei durch eine Kühlung beeinträchtigt werden.",Cold Mint Extreme WDP,Unisex,,,,,,,https://cdn.shopify.com/s/files/1/0072/0646/9679/products/t45-cold-mint-extreme-white-dry-portion-front.png,,,,,3.90,0.00,1,G,1,IN,3,3,3,,,,
,,T4-4005-1,Unisex,Title,Default Title,,,,,,,,,,3.90,0.00,1,G,1,IN,3,3,3,,,T45,Cold Mint Extreme WDP
Frosted WDP - Slim,"<meta charset=""utf-8"">
<div class=""item flex "">
<div class=""title"">
<div class=""info"">
<p><span>Thunder Frosted Slim White Dry Portion ist ein kraftvoller Snus, wie die meisten der Thunder Serie. Im Slim Format liegt er angenehm unter der Lippe und als White Dry Portion rinnt er sehr wenig. Hergestellt wird dieser Snus von V2 in Dänemark.</span></p>
</div>
</div>
</div>
<div class=""item flex ""></div>",Frosted WDP - Slim,Unisex,,,,,,,https://cdn.shopify.com/s/files/1/0072/0646/9679/products/thunder-frosted-slim-white-dry-portion.png,,,,,4.80,,1,G,30,IN,3,3,3,,,,
,,TH-4005-1,Unisex,Title,Default Title,,,,,,,,,,4.80,,1,G,30,IN,3,3,3,,,Thunder,Frosted WDP - Slim
X WDP - Slim,"<meta charset=""utf-8"">
<div class=""item flex "">
<div class=""title"">
<div class=""info"">
<p>Thunder X Slim White Dry Portion ist, wie die meisten der Thunder Produkte, ein sehr starker Snus und rinnt als White Dry Portion sehr wenig. Mit klassischem Minzgeschmack und seinem hohen Nikotingehalt ist dieser Snus nur erfahrenen Snuser zu empfehlen.</p>
</div>
</div>
</div>
<div class=""item flex ""></div>",X WDP - Slim,Unisex,,,,,,,https://cdn.shopify.com/s/files/1/0072/0646/9679/products/thunder-x-slim-white-dry-portion.png,,,,,4.80,,1,G,30,IN,3,3,3,,,,
,,TH-3005-1,Unisex,Title,Default Title,,,,,,,,,,4.80,,1,G,30,IN,3,3,3,,,Thunder,X WDP - Slim
Frosted OP,"<meta charset=""utf-8"">
<div class=""item flex "">
<div class=""title"">
<div class=""info"">
<p><span>Thunder Frosted Original Portion ist ein richtig starker Snus mit einem kräftigen und minzigen Geschmack - dazu gesellt sich die beachtliche Nikotinstärke wie bei den meisten der Thunder Produkte. Als spezielle Eigenschaft kommt die Dose mit einem Doppeldeckel für die gebrauchten Portionen.</span></p>
</div>
</div>
</div>
<div class=""item flex ""></div>",Frosted OP,Unisex,,,,,,,https://cdn.shopify.com/s/files/1/0072/0646/9679/products/thunder-frosted-original-portion.png,,,,,4.80,,1,G,30,IN,3,3,3,,,,
,,TH-1005-1,Unisex,Title,Default Title,,,,,,,,,,4.80,,1,G,30,IN,3,3,3,,,Thunder,Frosted OP
Frosted AW Slim,"Thunder jetzt auch als ""All White"" Nikotinbeutel erhältlich! Eiskalt mit einem heißen Stechen und einem vertrauten Spearmint-Geschmack.",Frosted AW Slim,Unisex,,,,,,,https://cdn.shopify.com/s/files/1/0072/0646/9679/products/Thunder-Frosted-Slim-AW.png,,,,,5.55,,1,G,30,IN,3,3,3,,,,
,,TH-5005-1,Unisex,Title,Default Title,,,,,,,,,,5.55,,1,G,30,IN,3,3,3,,,Thunder,Frosted AW Slim
Deep Freeze AW Slim,"Thunder jetzt auch als ""All White"" Nikotinbeutel erhältlich!  Intensiver eisiger und frischer kühlender Charakter mit Noten von Eukalyptus und Menthol.",Deep Freeze AW Slim,Unisex,,,,,,,https://cdn.shopify.com/s/files/1/0072/0646/9679/products/Thunder-Deep-Freeze-Slim-AW.png,,,,,5.55,,1,G,30,IN,3,3,3,,,,
,,TH-6005-1,Unisex,Title,Default Title,,,,,,,,,,5.55,,1,G,30,IN,3,3,3,,,Thunder,Deep Freeze AW Slim
Mint WP Slim,"Am Gipfel angekommen erstreckt sich vor dir das atemberaubende Bergpanorama der Schweizer Alpen. Zu deinen Füssen liegt ein unberührter Tiefschneehang. Nur ein kleiner Drop und das rauschende Gefühl von Freiheit und purer Lebensfreude durchzieht deinen ganzen Körper. Inspiriert von Momenten wie diesen, hat die Leaf Bakery an einer Rezeptur gefeilt, welche die Frische der Schweizer Bergluft mit einem Hauch von Minze kombiniert. Mit dem TRIFT Mint intensivierst Du jedes deiner ganz persönlichen Abenteuer! Enjoy the ride!",Mint WP Slim,Unisex,,,,,,,https://cdn.shopify.com/s/files/1/0072/0646/9679/products/1639499460844876_trift-mint-white-portion-slim.jpg,,,,,7.90,6.90,1,G,1,IN,3,3,3,,,,
,,TR-2005-1,Unisex,Title,Default Title,,,,,,,,,,7.90,6.90,1,G,1,IN,3,3,3,,,TRIFT,Mint WP Slim
Lavender WP Slim,"Sei es bei einem Aperitivo auf der Piazza Grande in Locarno bei Sonnenschein oder beim Faulenzen auf den heissen, rund geschliffenen Steinen des Verzascatals: Das dolce far niente südlich der Alpen hat etwas magisches. Diese Magie hat die Leaf Bakery in einem blumigen, fruchtigen und mit Kräutern angereicherten Snus einfangen. Der TRIFT Lavender verkörpert Leichtigkeit, puren Genuss und Lebensfreude. Ein Snus für die sonnigen Tage im Leben!",Lavender WP Slim,Unisex,,,,,,,https://cdn.shopify.com/s/files/1/0072/0646/9679/products/1639499494172943_trift-lavender-white-portion-slim.jpg,,,,,7.90,6.90,1,G,1,IN,3,3,3,,,,
,,TR-3005-1,Unisex,Title,Default Title,,,,,,,,,,7.90,6.90,1,G,1,IN,3,3,3,,,TRIFT,Lavender WP Slim
Raw WP Slim,"<p>Bei diesem Snus hat sich die Leaf Bakery ganz an den traditionsreichen Rezepturen aus dem hohen Norden orientiert. Der Leaf Bakery ist es gelungen, einen hochqualitativen und traditionellen Snus mit hervorragendem Geschmack herzustellen. Wenn Du auf der Suche nach einer klassischen Snus-Variante bist, dann ist der TRIFT Raw genau das richtige für Dich. Trift Raw ist mit Sicherheit der beste Snus aus heimischer Produktion!<br></p>",Raw WP Slim,Unisex,,,,,,,https://cdn.shopify.com/s/files/1/0072/0646/9679/products/1639499405723941_trift-raw-white-portion-slim.jpg,,,,,7.90,6.90,1,G,1,IN,3,3,3,,,,
,,TR-1005-1,Unisex,Title,Default Title,,,,,,,,,,7.90,6.90,1,G,1,IN,3,3,3,,,TRIFT,Raw WP Slim
Freeze X-Strong AW,"<p>Auf aromatisierter Zellulosebasis und völlig frei von Tabak kommen auch die<span> VELO </span>Beutel im Slim Format. Ohne Tabak bedeutet ohne gewöhnungsbedürftigen Tabakgeruch sowie ohne jegliche Tabakschadstoffe - aktuell gibt es weltweit keine weniger schädliche Art, Nikotin zu konsumieren. All White Snus / Nicotine Pouches bietet sich deshalb vor allem Rauchern an, welche mit Rauchentwöhnung wie Nikotinpflaster, Nikotinkaugummi oder Nikotinspray nichts anfangen können.</p>
<div class=""info"">
<div class=""info"">
<div class=""item flex"">
<div class=""title"">
<p>Der VELO Freeze X-Strong kommt mit kühlendem Minzgeschmack und hohem Nikotingehalt.</p>
<p> </p>
<p>EPOK, LYFT oder VELO? <a href=""https://snushus.ch/blogs/snusbuch/epok-und-lyft-werden-ersetzt-mit-velo"">Hier findest Du alle Informationen zu diesem Thema!</a></p>
</div>
</div>
</div>
</div>",Freeze X-Strong AW,Unisex,,,,,,,https://cdn.shopify.com/s/files/1/0072/0646/9679/products/velo-freeze-x-strong-aw-se.png,,,,,5.20,,1,G,14,IN,3,3,3,,,,
,,VE-1005-1,Unisex,Title,Default Title,,,,,,,,,,5.20,,1,G,14,IN,3,3,3,,,VELO (SE),Freeze X-Strong AW
Ice Cool Strong AW,"<p>Auf aromatisierter Zellulosebasis und völlig frei von Tabak kommen auch die<span> VELO</span> Beutel im Slim Format. Ohne Tabak bedeutet ohne gewöhnungsbedürftigen Tabakgeruch sowie ohne jegliche Tabakschadstoffe - aktuell gibt es weltweit keine weniger schädliche Art, Nikotin zu konsumieren. All White Snus / Nicotine Pouches bietet sich deshalb vor allem Rauchern an, welche mit Rauchentwöhnung wie Nikotinpflaster, Nikotinkaugummi oder Nikotinspray nichts anfangen können.<br></p>
<div class=""info"">
<div class=""info"">
<div class=""item flex"">
<div class=""title"">
<p>Der VELO Ice Cool Strong bietet mit intensivem Minzgeschmack eine kühlende Wirkung und mit 14 mg/g einen etwas höheren Nikotingehalt.</p>
<p><span>EPOK, LYFT oder VELO? </span><a href=""https://snushus.ch/blogs/snusbuch/epok-und-lyft-werden-ersetzt-mit-velo"">Hier findest Du alle Informationen zu diesem Thema!</a></p>
</div>
</div>
</div>
</div>",Ice Cool Strong AW,Unisex,,,,,,,https://cdn.shopify.com/s/files/1/0072/0646/9679/products/velo-ice-cool-strong-aw-se.png,,,,,5.20,,1,G,14,IN,3,3,3,,,,
,,VE-6005-1,Unisex,Title,Default Title,,,,,,,,,,5.20,,1,G,14,IN,3,3,3,,,VELO (SE),Ice Cool Strong AW
Freeze X-Strong AW,"<p>Dürfen wir vorstellen: VELO Freeze X-Strong. Hier werden prickelnde Pfefferminze und eiskaltes Menthol zu einem intensiven Geschmackserlebnis. Im SLIM Format &amp; mittlerer Nikotinintensität.</p>
<p><span>EPOK, LYFT oder VELO? </span><span>Weitere Informationen dazu findest Du in </span><a href=""https://snushus.ch/blogs/snusbuch/was-ist-all-white-snus"" target=""_blank"">unserem Blog</a><span>.</span></p>",Freeze X-Strong AW,Unisex,,,,,,,https://cdn.shopify.com/s/files/1/0072/0646/9679/products/velo-freeze-x-strong-aw_a5a6c1fa-c069-4a16-b82d-80fe227b95c2.png,,,,,8.50,0.00,1,G,34800,IN,3,3,3,,,,
,,VL-4105-1,Unisex,Title,Default Title,,,,,,,,,,8.50,0.00,1,G,34800,IN,3,3,3,,,VELO (CH),Freeze X-Strong AW
Mint AW,"<p>Auf aromatisierter Zellulosebasis und völlig frei von Tabak kommen auch die LYFT Beutel im Slim Format. Ohne Tabak bedeutet ohne gewöhnungsbedürftigen Tabakgeruch sowie ohne jegliche Tabakschadstoffe - aktuell gibt es weltweit keine weniger schädliche Art, Nikotin zu konsumieren. All White Snus / Nicotine Pouches bietet sich deshalb vor allem Rauchern an, welche mit Rauchentwöhnung wie Nikotinpflaster, Nikotinkaugummi oder Nikotinspray nichts anfangen können.<br></p>
<div class=""info"">
<div class=""info"">
<div class=""item flex"">
<div class=""title"">
<p>Der Lyft Mint kommt mit kühlendem Minzgeschmack und gemässigtem Nikotingehalt.</p>
<p><span>EPOK, LYFT oder VELO? </span><a href=""https://snushus.ch/blogs/snusbuch/epok-und-lyft-werden-ersetzt-mit-velo"">Hier findest Du alle Informationen zu diesem Thema!</a></p>
</div>
</div>
</div>
</div>",Mint AW,Unisex,,,,,,,https://cdn.shopify.com/s/files/1/0072/0646/9679/products/velo-mint-aw-se.png,,,,,5.20,,1,G,14,IN,3,3,3,,,,
,,VE-7005-1,Unisex,Title,Default Title,,,,,,,,,,5.20,,1,G,14,IN,3,3,3,,,VELO (SE),Mint AW
Ice Cool Strong AW,"<p>Probiere VELO Ice Cool und erlebe den Geschmack von prickelnder Pfefferminze in Kombination mit dem süssen Aroma von Polei-Minze.</p>
<p><span>EPOK, LYFT oder VELO? </span><span>Weitere Informationen dazu findest Du in </span><a href=""https://snushus.ch/blogs/snusbuch/was-ist-all-white-snus"" target=""_blank"">unserem Blog</a><span>.</span></p>",Ice Cool Strong AW,Unisex,,,,,,,https://cdn.shopify.com/s/files/1/0072/0646/9679/products/velo-ice-cool-strong-aw.png,,,,,8.50,0.00,1,G,34800,IN,3,3,3,,,,
,,VL-3605-1,Unisex,Title,Default Title,,,,,,,,,,8.50,0.00,1,G,34800,IN,3,3,3,,,VELO (CH),Ice Cool Strong AW
Berry Frost X-Strong AW,"<p>VELO Berryfrost lässt Sommer und Winter aufeinandertreffen: Hier verschmilzt der Geschmack von saftigen Himbeeren, Blaubeeren und Brombeeren mit frischer Minze und eiskaltem Menthol. Im SLIM Format &amp; mittlerer Nikotinintensität.</p>
<p><span>EPOK, LYFT oder VELO? </span><span>Weitere Informationen dazu findest Du in </span><a href=""https://snushus.ch/blogs/snusbuch/was-ist-all-white-snus"" target=""_blank"">unserem Blog</a><span>.</span></p>",Berry Frost X-Strong AW,Unisex,,,,,,,https://cdn.shopify.com/s/files/1/0072/0646/9679/products/velo-berry-frost-x-strong-aw_66b72f9b-cb39-4be7-b93e-87ce1eb0121e.png,,,,,8.50,0.00,1,G,34800,IN,3,3,3,,,,
,,VL-4205-1,Unisex,Title,Default Title,,,,,,,,,,8.50,0.00,1,G,34800,IN,3,3,3,,,VELO (CH),Berry Frost X-Strong AW
Berry Frost X-Strong AW,"<p>Kühlender Geschmack von süssen Himbeeren, Heidelbeeren und Brombeeren mit leicht würzigen Tönen.</p>
<p>EPOK, LYFT oder VELO?! <br>Weitere Informationen dazu findest Du in <a href=""https://snushus.ch/blogs/snusbuch/was-ist-all-white-snus"" target=""_blank"" rel=""noopener noreferrer"">unserem Blog</a>.</p>",Berry Frost X-Strong AW,Unisex,,,,,,,https://cdn.shopify.com/s/files/1/0072/0646/9679/products/velo-berry-frost-x-strong-aw.png,,,,,6.90,,1,G,14,IN,3,3,3,,,,
,,VE-4205-1,Unisex,Title,Default Title,,,,,,,,,,6.90,,1,G,14,IN,3,3,3,,,VELO (SK),Berry Frost X-Strong AW
Mint AW,"<p>Nimm dir einen Moment Zeit und geniesse die erfrischende Kombination aus süsser Minze und kühlem Menthol. Im SLIM Format &amp; leichter Nikotinintensität.</p>
<p><span>EPOK, LYFT oder VELO? </span><span>Weitere Informationen dazu findest Du in </span><a href=""https://snushus.ch/blogs/snusbuch/was-ist-all-white-snus"" target=""_blank"">unserem Blog</a><span>.</span></p>",Mint AW,Unisex,,,,,,,https://cdn.shopify.com/s/files/1/0072/0646/9679/products/velo-mint-aw.png,,,,,8.50,0.00,1,G,34800,IN,3,3,3,,,,
,,VL-3705-1,Unisex,Title,Default Title,,,,,,,,,,8.50,0.00,1,G,34800,IN,3,3,3,,,VELO (CH),Mint AW
Berry Frost Mini AW,"<p>VELO Berryfrost lässt Sommer und Winter aufeinandertreffen: Hier verschmilzt der Geschmack von saftigen Himbeeren, Blaubeeren und Brombeeren mit frischer Minze und eiskaltem Menthol. Im MINI Format &amp; leichter Nikotinintensität.</p>
<p> </p>
<p><span>EPOK, LYFT oder VELO? </span><span>Weitere Informationen dazu findest Du in </span><a href=""https://snushus.ch/blogs/snusbuch/was-ist-all-white-snus"" target=""_blank"">unserem Blog</a><span>.</span></p>",Berry Frost Mini AW,Unisex,,,,,,,https://cdn.shopify.com/s/files/1/0072/0646/9679/products/velo-mini-berry-frost-medium-aw.png,,,,,6.90,0.00,1,G,20000,IN,3,3,3,,,,
,,VL-1205-1,Unisex,Title,Default Title,,,,,,,,,,6.90,0.00,1,G,20000,IN,3,3,3,,,VELO (CH),Berry Frost Mini AW
Mini Easy Mint AW,"<p>Auf aromatisierter Zellulosebasis und völlig frei von Tabak kommen die VELO Beutel neu auch im Mini Format. Ohne Tabak bedeutet ohne gewöhnungsbedürftigen Tabakgeruch sowie ohne jegliche Tabakschadstoffe - aktuell gibt es weltweit keine weniger schädliche Art, Nikotin zu konsumieren. All White Snus / Nicotine Pouches bietet sich deshalb vor allem Rauchern an, welche mit Rauchentwöhnung wie Nikotinpflaster, Nikotinkaugummi oder Nikotinspray nichts anfangen können.<br></p>
<div class=""info"">
<div class=""info"">
<div class=""item flex"">
<div class=""title"">
<p>Der VELO Easy Mint Mini kommt mit süssem Minzgeschmack und tiefem Nikotingehalt.</p>
<p><span>EPOK, LYFT oder VELO? </span><a href=""https://snushus.ch/blogs/snusbuch/epok-und-lyft-werden-ersetzt-mit-velo"">Hier findest Du alle Informationen zu diesem Thema!</a></p>
</div>
</div>
</div>
</div>",Mini Easy Mint AW,Unisex,,,,,,,https://cdn.shopify.com/s/files/1/0072/0646/9679/products/velo-Mini-easy-mint-AW.png,,,,,5.20,,1,G,10,IN,3,3,3,,,,
,,VE-9005-1,Unisex,Title,Default Title,,,,,,,,,,5.20,,1,G,10,IN,3,3,3,,,VELO (SE),Mini Easy Mint AW
Mini Royal Purple AW,"<p>Auf aromatisierter Zellulosebasis und völlig frei von Tabak kommen auch die<span> VELO </span>Beutel im Slim Format. Ohne Tabak bedeutet ohne gewöhnungsbedürftigen Tabakgeruch sowie ohne jegliche Tabakschadstoffe - aktuell gibt es weltweit keine weniger schädliche Art, Nikotin zu konsumieren. All White Snus / Nicotine Pouches bietet sich deshalb vor allem Rauchern an, welche mit Rauchentwöhnung wie Nikotinpflaster, Nikotinkaugummi oder Nikotinspray nichts anfangen können.<br></p>
<div class=""info"">
<div class=""info"">
<div class=""item flex"">
<div class=""title"">
<p>Der VELO Mini Royal Purple ist das neuste Produkt von VELO mit Geschmack von roten Trauben und kommt in extra kleinen Beuteln (Mini) für eine noch diskretere Anwendung.</p>
<p><span>EPOK, LYFT oder VELO? </span><a href=""https://snushus.ch/blogs/snusbuch/epok-und-lyft-werden-ersetzt-mit-velo"">Hier findest Du alle Informationen zu diesem Thema!</a></p>
</div>
</div>
</div>
</div>",Mini Royal Purple AW,Unisex,,,,,,,https://cdn.shopify.com/s/files/1/0072/0646/9679/products/velo-Mini-Royal-Purple-AW.png,,,,,5.20,,1,G,10,IN,3,3,3,,,,
,,VE-1405-1,Unisex,Title,Default Title,,,,,,,,,,5.20,,1,G,10,IN,3,3,3,,,VELO (SE),Mini Royal Purple AW
Tropic Breeze X-Strong AW,"<p>Aromatisiert mit exotischer Mandarine, Passionsfrucht und Mango, die an den Sommer erinnern.</p>
<p>EPOK, LYFT oder VELO?! <br>Weitere Informationen dazu findest Du in <a href=""https://snushus.ch/blogs/snusbuch/was-ist-all-white-snus"" target=""_blank"" rel=""noopener noreferrer"">unserem Blog</a>.</p>",Tropic Breeze X-Strong AW,Unisex,,,,,,,https://cdn.shopify.com/s/files/1/0072/0646/9679/products/velo-tropic-breeze-x-strong-aw.png,,,,,6.90,,1,G,14,IN,3,3,3,,,,
,,VE-4805-1,Unisex,Title,Default Title,,,,,,,,,,6.90,,1,G,14,IN,3,3,3,,,VELO (SK),Tropic Breeze X-Strong AW
Polar Mint Easy Mini AW,"<p>Nimm dir einen Moment Zeit und geniesse die erfrischende Kombination aus süsser Minze und kühlem Menthol. Im MINI Format &amp; mit der leichtesten Nikotinintensität.</p>
<p><span>EPOK, LYFT oder VELO? </span><span>Weitere Informationen dazu findest Du in </span><a href=""https://snushus.ch/blogs/snusbuch/was-ist-all-white-snus"" target=""_blank"">unserem Blog</a><span>.</span></p>",Polar Mint Easy Mini AW,Unisex,,,,,,,https://cdn.shopify.com/s/files/1/0072/0646/9679/products/velo-polar-mint-mini-aw.png,,,,,6.90,0.00,1,G,20000,IN,3,3,3,,,,
,,VL-1305-1,Unisex,Title,Default Title,,,,,,,,,,6.90,0.00,1,G,20000,IN,3,3,3,,,VELO (CH),Polar Mint Easy Mini AW
Winterchill X-Strong AW,"<p>Auf aromatisierter Zellulosebasis und völlig frei von Tabak kommen auch die VELO Beutel im Slim Format. Ohne Tabak bedeutet ohne gewöhnungsbedürftigen Tabakgeruch sowie ohne jegliche Tabakschadstoffe - aktuell gibt es weltweit keine weniger schädliche Art, Nikotin zu konsumieren. All White Snus / Nicotine Pouches bietet sich deshalb vor allem Rauchern an, welche mit Rauchentwöhnung wie Nikotinpflaster, Nikotinkaugummi oder Nikotinspray nichts anfangen können.<br></p>
<div class=""info"">
<div class=""info"">
<div class=""item flex"">
<div class=""title"">
<p>Der VELO Winterchill X-Strong kommt mit kühlendem Geschmack von Wintergreen und erhöhtem Nikotingehalt.</p>
<p><span>EPOK, LYFT oder VELO? </span><a href=""https://snushus.ch/blogs/snusbuch/epok-und-lyft-werden-ersetzt-mit-velo"">Hier findest Du alle Informationen zu diesem Thema!</a></p>
</div>
</div>
</div>
</div>",Winterchill X-Strong AW,Unisex,,,,,,,https://cdn.shopify.com/s/files/1/0072/0646/9679/products/velo-winterchill-x-strong-aw.png,,,,,5.20,,1,G,14,IN,3,3,3,,,,
,,VE-2005-1,Unisex,Title,Default Title,,,,,,,,,,5.20,,1,G,14,IN,3,3,3,,,VELO (SE),Winterchill X-Strong AW
Hugo X-Strong AW,"<p>Der perfekte Mix aus reichhaltiger Holunderblüte und erfrischender Minze. Im Slim-Format &amp; mittlerer Nikotinintensität.</p>
<p><span>EPOK, LYFT oder VELO? </span><span>Weitere Informationen dazu findest Du in </span><a href=""https://snushus.ch/blogs/snusbuch/was-ist-all-white-snus"" target=""_blank"">unserem Blog</a><span>.</span></p>",Hugo X-Strong AW,Unisex,,,,,,,https://cdn.shopify.com/s/files/1/0072/0646/9679/products/velo-hugo-x-strong-aw.png,,,,,8.50,0.00,1,G,34800,IN,3,3,3,,,,
,,VL-4905-1,Unisex,Title,Default Title,,,,,,,,,,8.50,0.00,1,G,34800,IN,3,3,3,,,VELO (CH),Hugo X-Strong AW
Mint Strong Mini AW,"<p>Nimm dir einen Moment Zeit und geniesse die erfrischende Kombination aus süsser Minze und kühlem Menthol. In MINI Format &amp; mittlerer Nikotinintensität.</p>
<p><span>EPOK, LYFT oder VELO? </span><span>Weitere Informationen dazu findest Du in </span><a href=""https://snushus.ch/blogs/snusbuch/was-ist-all-white-snus"" target=""_blank"">unserem Blog</a><span>.</span></p>",Mint Strong Mini AW,Unisex,,,,,,,https://cdn.shopify.com/s/files/1/0072/0646/9679/products/velo-mint-strong-mini-aw.png,,,,,6.90,0.00,1,G,20000,IN,3,3,3,,,,
,,VL-2705-1,Unisex,Title,Default Title,,,,,,,,,,6.90,0.00,1,G,20000,IN,3,3,3,,,VELO (CH),Mint Strong Mini AW
Mint Mini AW,"<p>Nimm dir einen Moment Zeit und geniesse die erfrischende Kombination aus süsser Minze und kühlem Menthol. Im MINI Format &amp; leichter Nikotinintensität.</p>
<p><span>EPOK, LYFT oder VELO? </span><span>Weitere Informationen dazu findest Du in </span><a href=""https://snushus.ch/blogs/snusbuch/was-ist-all-white-snus"" target=""_blank"">unserem Blog</a><span>.</span></p>",Mint Mini AW,Unisex,,,,,,,https://cdn.shopify.com/s/files/1/0072/0646/9679/products/velo-mint-mini-aw.png,,,,,6.90,0.00,1,G,20000,IN,3,3,3,,,,
,,VL-1705-1,Unisex,Title,Default Title,,,,,,,,,,6.90,0.00,1,G,20000,IN,3,3,3,,,VELO (CH),Mint Mini AW
X-Freeze Max AW,"<p>Dürfen wir vorstellen: VELO's stärkster Flavour X-Freeze Max. Hier werden prickelnde Pfefferminze und eiskaltes Menthol zu einem extrastarken Geschmackserlebnis.</p>
<p><span>EPOK, LYFT oder VELO? </span><span>Weitere Informationen dazu findest Du in </span><a href=""https://snushus.ch/blogs/snusbuch/was-ist-all-white-snus"" target=""_blank"">unserem Blog</a><span>.</span></p>",X-Freeze Max AW,Unisex,,,,,,,https://cdn.shopify.com/s/files/1/0072/0646/9679/products/velo-x-freeze-max-aw.png,,,,,8.50,0.00,1,G,41600,IN,3,3,3,,,,
,,VL-6105-1,Unisex,Title,Default Title,,,,,,,,,,8.50,0.00,1,G,41600,IN,3,3,3,,,VELO (CH),X-Freeze Max AW
Ruby Berry AW,"<p>Auf aromatisierter Zellulosebasis und völlig frei von Tabak kommen auch die<span> VELO </span>Beutel im Slim Format. Ohne Tabak bedeutet ohne gewöhnungsbedürftigen Tabakgeruch sowie ohne jegliche Tabakschadstoffe - aktuell gibt es weltweit keine weniger schädliche Art, Nikotin zu konsumieren. All White Snus / Nicotine Pouches bietet sich deshalb vor allem Rauchern an, welche mit Rauchentwöhnung wie Nikotinpflaster, Nikotinkaugummi oder Nikotinspray nichts anfangen können.<br></p>
<div class=""info"">
<div class=""info"">
<div class=""item flex"">
<div class=""title"">
<p>Der VELO Ruby Berry hat einen Geschmack von süssen Erdbeeren und kommt wie die anderen VELO Produkte in Slim-Beuteln komplett ohne Tabak.</p>
<p><span>EPOK, LYFT oder VELO? </span><a href=""https://snushus.ch/blogs/snusbuch/epok-und-lyft-werden-ersetzt-mit-velo"">Hier findest Du alle Informationen zu diesem Thema!</a></p>
</div>
</div>
</div>
</div>",Ruby Berry AW,Unisex,,,,,,,https://cdn.shopify.com/s/files/1/0072/0646/9679/products/velo-ruby-berry-aw-se.png,,,,,5.20,0.00,1,G,14,IN,3,3,3,,,,
,,VE-1105-1,Unisex,Title,Default Title,,,,,,,,,,5.20,0.00,1,G,14,IN,3,3,3,,,VELO (SE),Ruby Berry AW
X-Freeze Ultra Strong AW,"<p>Eisdurchdringender, intensiver Geschmack auf salziger Geschmacksbasis. Sie erinnern sich vielleicht unter dem ursprünglichen Namen LYFT Freeze daran.</p>
<p>EPOK, LYFT oder VELO?! <br>Weitere Informationen dazu findest Du in <a href=""https://snushus.ch/blogs/snusbuch/was-ist-all-white-snus"" target=""_blank"" rel=""noopener noreferrer"">unserem Blog</a>.</p>",X-Freeze Ultra Strong AW,Unisex,,,,,,,https://cdn.shopify.com/s/files/1/0072/0646/9679/products/velo-x-freeze-ultra-strong-aw.png,,,,,6.90,,1,G,1,IN,3,3,3,,,,
,,VE-5105-1,Unisex,Title,Default Title,,,,,,,,,,6.90,,1,G,1,IN,3,3,3,,,VELO (SK),X-Freeze Ultra Strong AW
Hugo Mini AW,"<p>Der perfekte Mix aus reichhaltiger Holunderblüte und erfrischender Minze. Im Mini-Format &amp; leichter Nikotinintesität.</p>
<p><span>EPOK, LYFT oder VELO? </span><span>Weitere Informationen dazu findest Du in </span><a href=""https://snushus.ch/blogs/snusbuch/was-ist-all-white-snus"" target=""_blank"">unserem Blog</a><span>.</span></p>",Hugo Mini AW,Unisex,,,,,,,https://cdn.shopify.com/s/files/1/0072/0646/9679/products/velo-hugo-mini-aw.png,,,,,6.90,0.00,1,G,20000,IN,3,3,3,,,,
,,VL-1905-1,Unisex,Title,Default Title,,,,,,,,,,6.90,0.00,1,G,20000,IN,3,3,3,,,VELO (CH),Hugo Mini AW
Kräuter Mix X-Strong AW,"<p>Ein frischer Mix aus Kräutern kombiniert zu einem unglaublichen Geschmackserlebnis, inspiriert von den Schweizer Alpen. Im Slim-Format &amp; mittlerer Nikotinintensität.</p>
<p><span>EPOK, LYFT oder VELO? </span><span>Weitere Informationen dazu findest Du in </span><a href=""https://snushus.ch/blogs/snusbuch/was-ist-all-white-snus"" target=""_blank"">unserem Blog</a><span>.</span></p>",Kräuter Mix X-Strong AW,Unisex,,,,,,,https://cdn.shopify.com/s/files/1/0072/0646/9679/products/velo-kraeuter-mix-x-strong-aw.png,,,,,8.50,0.00,1,G,34800,IN,3,3,3,,,,
,,VL-4115-1,Unisex,Title,Default Title,,,,,,,,,,8.50,0.00,1,G,34800,IN,3,3,3,,,VELO (CH),Kräuter Mix X-Strong AW
Kräuter Mix Mini AW,"<p>Ein frischer Mix aus Kräutern kombiniert zu einem unglaublichen Geschmackserlebnis, inspiriert von den Schweizer Alpen. Im Mini-Format &amp; leichter Nikotinintesität.</p>
<p><span>EPOK, LYFT oder VELO? </span><span>Weitere Informationen dazu findest Du in </span><a href=""https://snushus.ch/blogs/snusbuch/was-ist-all-white-snus"" target=""_blank"">unserem Blog</a><span>.</span></p>",Kräuter Mix Mini AW,Unisex,,,,,,,https://cdn.shopify.com/s/files/1/0072/0646/9679/products/velo-kraeuter-mix-mini-aw.png,,,,,6.90,0.00,1,G,20000,IN,3,3,3,,,,
,,VL-1115-1,Unisex,Title,Default Title,,,,,,,,,,6.90,0.00,1,G,20000,IN,3,3,3,,,VELO (CH),Kräuter Mix Mini AW
Apple Blossom (Limited Edition) AW,"Lebhaft, sauer und ausgewogen. Inspiriert von der Apfelblüte, verbindet diese Edition den süssen Geschmack des Apfels mit einem Hauch von frischen Noten, die an ein Cider erinnern. Im Slim-Format und mit mittlerer Nikotinstärke.<br data-mce-fragment=""1"">",Apple Blossom (Limited Edition) AW,Unisex,,,,,,,https://cdn.shopify.com/s/files/1/0072/0646/9679/products/velo-labs-apple-blossom-limited-edition-aw.jpg,,,,,9.50,0.00,1,G,1,IN,3,3,3,,,,
,,VL-L001-1,Unisex,Title,Default Title,,,,,,,,,,9.50,0.00,1,G,1,IN,3,3,3,,,VELO LABS,Apple Blossom (Limited Edition) AW
Gin & Tonic (Limited Edition) AW,"Leicht, hell und spritzig. Inspiriert vom klassischen Gin und Tonic, kombiniert dieser Geschmack lebendige Wacholder- und Zitrusaromen mit bittersüßen Tonic-Tönen.<br data-mce-fragment=""1"">Im Slim-Format &amp; mittlerer Nikotinintensität.<br data-mce-fragment=""1"">",Gin & Tonic (Limited Edition) AW,Unisex,,,,,,,https://cdn.shopify.com/s/files/1/0072/0646/9679/products/velo-labs-gin-tonic-limited-edition-aw.jpg,,,,,9.50,0.00,1,G,1,IN,3,3,3,,,,
,,VL-L003-1,Unisex,Title,Default Title,,,,,,,,,,9.50,0.00,1,G,1,IN,3,3,3,,,VELO LABS,Gin & Tonic (Limited Edition) AW
Caribbean Spirit Strong AW,"<p>Sommer, Sonne, Snus: VELO Caribbean Spirit Strong bringt Dir den Sommer unter die Lippe! Das Aroma ist an den beliebten Drink Piña Colada angelehnt.</p>
<p>EPOK und LYFT heissen neu VELO!</p>
<p>Auf aromatisierter Zellulosebasis und völlig frei von Tabak kommen auch die<span> VELO </span>Beutel im Slim Format. Ohne Tabak bedeutet ohne gewöhnungsbedürftigen Tabakgeruch sowie ohne jegliche Tabakschadstoffe - aktuell gibt es weltweit keine weniger schädliche Art, Nikotin zu konsumieren. All White Snus / Nicotine Pouches bietet sich deshalb vor allem Rauchern an, welche mit Rauchentwöhnung wie Nikotinpflaster, Nikotinkaugummi oder Nikotinspray nichts anfangen können.</p>",Caribbean Spirit Strong AW,Unisex,,,,,,,https://cdn.shopify.com/s/files/1/0072/0646/9679/products/velo-caribbean-spirit-strong-aw-se.png,,,,,5.20,0.00,1,G,14,IN,3,3,3,,,,
,,VE-1605-1,Unisex,Title,Default Title,,,,,,,,,,5.20,0.00,1,G,14,IN,3,3,3,,,VELO (SE),Caribbean Spirit Strong AW
Amaretto (Limited Edition) AW,"Süss, intensiv und leicht bitter. Inspiriert vom Amaretto-Likör, kombiniert diese Edition den nussigen Geschmack von Mandeln mit subtilen Kirschnuancen.<br data-mce-fragment=""1"">Im Slim-Format &amp; mittlerer Nikotinintensität.<br data-mce-fragment=""1"">",Amaretto (Limited Edition) AW,Unisex,,,,,,,https://cdn.shopify.com/s/files/1/0072/0646/9679/products/velo-labs-amaretto-limited-edition-aw.jpg,,,,,9.50,0.00,1,G,1,IN,3,3,3,,,,
,,VL-L002-1,Unisex,Title,Default Title,,,,,,,,,,9.50,0.00,1,G,1,IN,3,3,3,,,VELO LABS,Amaretto (Limited Edition) AW
Royal Tea AW,"VELO Royal Tea Slim ist ein Nikotinbeutel, der Ihnen ein blumiges und frisches Geschmackserlebnis bietet. Der Geschmack ist gut ausbalanciert durch schwarzen Tee und Bergamotte mit einem süßen Abgang. VELO Royal Tea Slim hat den bekannten leichten, feuchten und schlanken Beutel. Perfekt für den täglichen Gebrauch.",Royal Tea AW,Unisex,,,,,,,https://cdn.shopify.com/s/files/1/0072/0646/9679/products/velo_royal_tea_aw.jpg,,,,,5.20,0.00,1,G,30,IN,3,3,3,,,,
,,VE-1705-1,Unisex,Title,Default Title,,,,,,,,,,5.20,0.00,1,G,30,IN,3,3,3,,,VELO (SE),Royal Tea AW
Eucalyptus X-Strong AW,"<span data-mce-fragment=""1"">Von der bekannten Marke Velo kommt mit Velo Eucalyptus Slim X-Strong All White Portion eine neue Geschmacksrichtung der populären Marke. Dabei ist nicht nur das Geschmackserlebnis recht intensiv. Auch der Nikotinkick ist mit einem Nikotingehalt 15,6 mg/g eher stark. Die 20 All-White Portionen im Slim-Format sind zudem in einer praktischen Dose verpackt, die auch für unterwegs passt.</span>",Eucalyptus X-Strong AW,Unisex,,,,,,,https://cdn.shopify.com/s/files/1/0072/0646/9679/products/velo_eucalyptus_x_strong_aw.jpg,,,,,5.20,0.00,1,G,30,IN,3,3,3,,,,
,,VE-1805-1,Unisex,Title,Default Title,,,,,,,,,,5.20,0.00,1,G,30,IN,3,3,3,,,VELO (SE),Eucalyptus X-Strong AW
Mini Ice Cool Strong AW,"<span data-mce-fragment=""1"">Die Minibeutel haben den gleichen intensiv kühlenden Minzgeschmack, für den VELO Ice Cool bekannt ist: scharfe Pfefferminze mit einem Hauch von Süsse und Minze.</span>",Mini Ice Cool Strong AW,Unisex,,,,,,,https://cdn.shopify.com/s/files/1/0072/0646/9679/products/velo_mini_ice_cool_strong_aw.jpg,,,,,5.20,0.00,1,G,20,IN,3,3,3,,,,
,,VE-6105-1,Unisex,Title,Default Title,,,,,,,,,,5.20,0.00,1,G,20,IN,3,3,3,,,VELO (SE),Mini Ice Cool Strong AW
Freeze X-Strong AW,"<p>Auf aromatisierter Zellulosebasis und völlig frei von Tabak kommen auch die<span> VELO </span>Beutel im Slim Format. Ohne Tabak bedeutet ohne gewöhnungsbedürftigen Tabakgeruch sowie ohne jegliche Tabakschadstoffe - aktuell gibt es weltweit keine weniger schädliche Art, Nikotin zu konsumieren. All White Snus / Nicotine Pouches bietet sich deshalb vor allem Rauchern an, welche mit Rauchentwöhnung wie Nikotinpflaster, Nikotinkaugummi oder Nikotinspray nichts anfangen können.</p>
<div class=""info"">
<div class=""info"">
<div class=""item flex"">
<div class=""title"">
<p>Der VELO Freeze X-Strong kommt mit kühlendem Minzgeschmack und hohem Nikotingehalt.</p>
<p> </p>
<p>EPOK, LYFT oder VELO? <a href=""https://snushus.ch/blogs/snusbuch/epok-und-lyft-werden-ersetzt-mit-velo"">Hier findest Du alle Informationen zu diesem Thema!</a></p>
</div>
</div>
</div>
</div>",Freeze X-Strong AW,Unisex,,,,,,,https://cdn.shopify.com/s/files/1/0072/0646/9679/products/velo-freeze-x-strong-aw-se.png,,,,,5.20,,1,G,14,IN,3,3,3,,,,
,,VE-1005-1,Unisex,Title,Default Title,,,,,,,,,,5.20,,1,G,14,IN,3,3,3,,,VELO (SE),Freeze X-Strong AW
Ice Cool Strong AW,"<p>Auf aromatisierter Zellulosebasis und völlig frei von Tabak kommen auch die<span> VELO</span> Beutel im Slim Format. Ohne Tabak bedeutet ohne gewöhnungsbedürftigen Tabakgeruch sowie ohne jegliche Tabakschadstoffe - aktuell gibt es weltweit keine weniger schädliche Art, Nikotin zu konsumieren. All White Snus / Nicotine Pouches bietet sich deshalb vor allem Rauchern an, welche mit Rauchentwöhnung wie Nikotinpflaster, Nikotinkaugummi oder Nikotinspray nichts anfangen können.<br></p>
<div class=""info"">
<div class=""info"">
<div class=""item flex"">
<div class=""title"">
<p>Der VELO Ice Cool Strong bietet mit intensivem Minzgeschmack eine kühlende Wirkung und mit 14 mg/g einen etwas höheren Nikotingehalt.</p>
<p><span>EPOK, LYFT oder VELO? </span><a href=""https://snushus.ch/blogs/snusbuch/epok-und-lyft-werden-ersetzt-mit-velo"">Hier findest Du alle Informationen zu diesem Thema!</a></p>
</div>
</div>
</div>
</div>",Ice Cool Strong AW,Unisex,,,,,,,https://cdn.shopify.com/s/files/1/0072/0646/9679/products/velo-ice-cool-strong-aw-se.png,,,,,5.20,,1,G,14,IN,3,3,3,,,,
,,VE-6005-1,Unisex,Title,Default Title,,,,,,,,,,5.20,,1,G,14,IN,3,3,3,,,VELO (SE),Ice Cool Strong AW
Mint AW,"<p>Auf aromatisierter Zellulosebasis und völlig frei von Tabak kommen auch die LYFT Beutel im Slim Format. Ohne Tabak bedeutet ohne gewöhnungsbedürftigen Tabakgeruch sowie ohne jegliche Tabakschadstoffe - aktuell gibt es weltweit keine weniger schädliche Art, Nikotin zu konsumieren. All White Snus / Nicotine Pouches bietet sich deshalb vor allem Rauchern an, welche mit Rauchentwöhnung wie Nikotinpflaster, Nikotinkaugummi oder Nikotinspray nichts anfangen können.<br></p>
<div class=""info"">
<div class=""info"">
<div class=""item flex"">
<div class=""title"">
<p>Der Lyft Mint kommt mit kühlendem Minzgeschmack und gemässigtem Nikotingehalt.</p>
<p><span>EPOK, LYFT oder VELO? </span><a href=""https://snushus.ch/blogs/snusbuch/epok-und-lyft-werden-ersetzt-mit-velo"">Hier findest Du alle Informationen zu diesem Thema!</a></p>
</div>
</div>
</div>
</div>",Mint AW,Unisex,,,,,,,https://cdn.shopify.com/s/files/1/0072/0646/9679/products/velo-mint-aw-se.png,,,,,5.20,,1,G,14,IN,3,3,3,,,,
,,VE-7005-1,Unisex,Title,Default Title,,,,,,,,,,5.20,,1,G,14,IN,3,3,3,,,VELO (SE),Mint AW
Mini Easy Mint AW,"<p>Auf aromatisierter Zellulosebasis und völlig frei von Tabak kommen die VELO Beutel neu auch im Mini Format. Ohne Tabak bedeutet ohne gewöhnungsbedürftigen Tabakgeruch sowie ohne jegliche Tabakschadstoffe - aktuell gibt es weltweit keine weniger schädliche Art, Nikotin zu konsumieren. All White Snus / Nicotine Pouches bietet sich deshalb vor allem Rauchern an, welche mit Rauchentwöhnung wie Nikotinpflaster, Nikotinkaugummi oder Nikotinspray nichts anfangen können.<br></p>
<div class=""info"">
<div class=""info"">
<div class=""item flex"">
<div class=""title"">
<p>Der VELO Easy Mint Mini kommt mit süssem Minzgeschmack und tiefem Nikotingehalt.</p>
<p><span>EPOK, LYFT oder VELO? </span><a href=""https://snushus.ch/blogs/snusbuch/epok-und-lyft-werden-ersetzt-mit-velo"">Hier findest Du alle Informationen zu diesem Thema!</a></p>
</div>
</div>
</div>
</div>",Mini Easy Mint AW,Unisex,,,,,,,https://cdn.shopify.com/s/files/1/0072/0646/9679/products/velo-Mini-easy-mint-AW.png,,,,,5.20,,1,G,10,IN,3,3,3,,,,
,,VE-9005-1,Unisex,Title,Default Title,,,,,,,,,,5.20,,1,G,10,IN,3,3,3,,,VELO (SE),Mini Easy Mint AW
Mini Royal Purple AW,"<p>Auf aromatisierter Zellulosebasis und völlig frei von Tabak kommen auch die<span> VELO </span>Beutel im Slim Format. Ohne Tabak bedeutet ohne gewöhnungsbedürftigen Tabakgeruch sowie ohne jegliche Tabakschadstoffe - aktuell gibt es weltweit keine weniger schädliche Art, Nikotin zu konsumieren. All White Snus / Nicotine Pouches bietet sich deshalb vor allem Rauchern an, welche mit Rauchentwöhnung wie Nikotinpflaster, Nikotinkaugummi oder Nikotinspray nichts anfangen können.<br></p>
<div class=""info"">
<div class=""info"">
<div class=""item flex"">
<div class=""title"">
<p>Der VELO Mini Royal Purple ist das neuste Produkt von VELO mit Geschmack von roten Trauben und kommt in extra kleinen Beuteln (Mini) für eine noch diskretere Anwendung.</p>
<p><span>EPOK, LYFT oder VELO? </span><a href=""https://snushus.ch/blogs/snusbuch/epok-und-lyft-werden-ersetzt-mit-velo"">Hier findest Du alle Informationen zu diesem Thema!</a></p>
</div>
</div>
</div>
</div>",Mini Royal Purple AW,Unisex,,,,,,,https://cdn.shopify.com/s/files/1/0072/0646/9679/products/velo-Mini-Royal-Purple-AW.png,,,,,5.20,,1,G,10,IN,3,3,3,,,,
,,VE-1405-1,Unisex,Title,Default Title,,,,,,,,,,5.20,,1,G,10,IN,3,3,3,,,VELO (SE),Mini Royal Purple AW
Winterchill X-Strong AW,"<p>Auf aromatisierter Zellulosebasis und völlig frei von Tabak kommen auch die VELO Beutel im Slim Format. Ohne Tabak bedeutet ohne gewöhnungsbedürftigen Tabakgeruch sowie ohne jegliche Tabakschadstoffe - aktuell gibt es weltweit keine weniger schädliche Art, Nikotin zu konsumieren. All White Snus / Nicotine Pouches bietet sich deshalb vor allem Rauchern an, welche mit Rauchentwöhnung wie Nikotinpflaster, Nikotinkaugummi oder Nikotinspray nichts anfangen können.<br></p>
<div class=""info"">
<div class=""info"">
<div class=""item flex"">
<div class=""title"">
<p>Der VELO Winterchill X-Strong kommt mit kühlendem Geschmack von Wintergreen und erhöhtem Nikotingehalt.</p>
<p><span>EPOK, LYFT oder VELO? </span><a href=""https://snushus.ch/blogs/snusbuch/epok-und-lyft-werden-ersetzt-mit-velo"">Hier findest Du alle Informationen zu diesem Thema!</a></p>
</div>
</div>
</div>
</div>",Winterchill X-Strong AW,Unisex,,,,,,,https://cdn.shopify.com/s/files/1/0072/0646/9679/products/velo-winterchill-x-strong-aw.png,,,,,5.20,,1,G,14,IN,3,3,3,,,,
,,VE-2005-1,Unisex,Title,Default Title,,,,,,,,,,5.20,,1,G,14,IN,3,3,3,,,VELO (SE),Winterchill X-Strong AW
Ruby Berry AW,"<p>Auf aromatisierter Zellulosebasis und völlig frei von Tabak kommen auch die<span> VELO </span>Beutel im Slim Format. Ohne Tabak bedeutet ohne gewöhnungsbedürftigen Tabakgeruch sowie ohne jegliche Tabakschadstoffe - aktuell gibt es weltweit keine weniger schädliche Art, Nikotin zu konsumieren. All White Snus / Nicotine Pouches bietet sich deshalb vor allem Rauchern an, welche mit Rauchentwöhnung wie Nikotinpflaster, Nikotinkaugummi oder Nikotinspray nichts anfangen können.<br></p>
<div class=""info"">
<div class=""info"">
<div class=""item flex"">
<div class=""title"">
<p>Der VELO Ruby Berry hat einen Geschmack von süssen Erdbeeren und kommt wie die anderen VELO Produkte in Slim-Beuteln komplett ohne Tabak.</p>
<p><span>EPOK, LYFT oder VELO? </span><a href=""https://snushus.ch/blogs/snusbuch/epok-und-lyft-werden-ersetzt-mit-velo"">Hier findest Du alle Informationen zu diesem Thema!</a></p>
</div>
</div>
</div>
</div>",Ruby Berry AW,Unisex,,,,,,,https://cdn.shopify.com/s/files/1/0072/0646/9679/products/velo-ruby-berry-aw-se.png,,,,,5.20,0.00,1,G,14,IN,3,3,3,,,,
,,VE-1105-1,Unisex,Title,Default Title,,,,,,,,,,5.20,0.00,1,G,14,IN,3,3,3,,,VELO (SE),Ruby Berry AW
Caribbean Spirit Strong AW,"<p>Sommer, Sonne, Snus: VELO Caribbean Spirit Strong bringt Dir den Sommer unter die Lippe! Das Aroma ist an den beliebten Drink Piña Colada angelehnt.</p>
<p>EPOK und LYFT heissen neu VELO!</p>
<p>Auf aromatisierter Zellulosebasis und völlig frei von Tabak kommen auch die<span> VELO </span>Beutel im Slim Format. Ohne Tabak bedeutet ohne gewöhnungsbedürftigen Tabakgeruch sowie ohne jegliche Tabakschadstoffe - aktuell gibt es weltweit keine weniger schädliche Art, Nikotin zu konsumieren. All White Snus / Nicotine Pouches bietet sich deshalb vor allem Rauchern an, welche mit Rauchentwöhnung wie Nikotinpflaster, Nikotinkaugummi oder Nikotinspray nichts anfangen können.</p>",Caribbean Spirit Strong AW,Unisex,,,,,,,https://cdn.shopify.com/s/files/1/0072/0646/9679/products/velo-caribbean-spirit-strong-aw-se.png,,,,,5.20,0.00,1,G,14,IN,3,3,3,,,,
,,VE-1605-1,Unisex,Title,Default Title,,,,,,,,,,5.20,0.00,1,G,14,IN,3,3,3,,,VELO (SE),Caribbean Spirit Strong AW
Royal Tea AW,"VELO Royal Tea Slim ist ein Nikotinbeutel, der Ihnen ein blumiges und frisches Geschmackserlebnis bietet. Der Geschmack ist gut ausbalanciert durch schwarzen Tee und Bergamotte mit einem süßen Abgang. VELO Royal Tea Slim hat den bekannten leichten, feuchten und schlanken Beutel. Perfekt für den täglichen Gebrauch.",Royal Tea AW,Unisex,,,,,,,https://cdn.shopify.com/s/files/1/0072/0646/9679/products/velo_royal_tea_aw.jpg,,,,,5.20,0.00,1,G,30,IN,3,3,3,,,,
,,VE-1705-1,Unisex,Title,Default Title,,,,,,,,,,5.20,0.00,1,G,30,IN,3,3,3,,,VELO (SE),Royal Tea AW
Eucalyptus X-Strong AW,"<span data-mce-fragment=""1"">Von der bekannten Marke Velo kommt mit Velo Eucalyptus Slim X-Strong All White Portion eine neue Geschmacksrichtung der populären Marke. Dabei ist nicht nur das Geschmackserlebnis recht intensiv. Auch der Nikotinkick ist mit einem Nikotingehalt 15,6 mg/g eher stark. Die 20 All-White Portionen im Slim-Format sind zudem in einer praktischen Dose verpackt, die auch für unterwegs passt.</span>",Eucalyptus X-Strong AW,Unisex,,,,,,,https://cdn.shopify.com/s/files/1/0072/0646/9679/products/velo_eucalyptus_x_strong_aw.jpg,,,,,5.20,0.00,1,G,30,IN,3,3,3,,,,
,,VE-1805-1,Unisex,Title,Default Title,,,,,,,,,,5.20,0.00,1,G,30,IN,3,3,3,,,VELO (SE),Eucalyptus X-Strong AW
Mini Ice Cool Strong AW,"<span data-mce-fragment=""1"">Die Minibeutel haben den gleichen intensiv kühlenden Minzgeschmack, für den VELO Ice Cool bekannt ist: scharfe Pfefferminze mit einem Hauch von Süsse und Minze.</span>",Mini Ice Cool Strong AW,Unisex,,,,,,,https://cdn.shopify.com/s/files/1/0072/0646/9679/products/velo_mini_ice_cool_strong_aw.jpg,,,,,5.20,0.00,1,G,20,IN,3,3,3,,,,
,,VE-6105-1,Unisex,Title,Default Title,,,,,,,,,,5.20,0.00,1,G,20,IN,3,3,3,,,VELO (SE),Mini Ice Cool Strong AW
Berry Frost X-Strong AW,"<p>Kühlender Geschmack von süssen Himbeeren, Heidelbeeren und Brombeeren mit leicht würzigen Tönen.</p>
<p>EPOK, LYFT oder VELO?! <br>Weitere Informationen dazu findest Du in <a href=""https://snushus.ch/blogs/snusbuch/was-ist-all-white-snus"" target=""_blank"" rel=""noopener noreferrer"">unserem Blog</a>.</p>",Berry Frost X-Strong AW,Unisex,,,,,,,https://cdn.shopify.com/s/files/1/0072/0646/9679/products/velo-berry-frost-x-strong-aw.png,,,,,6.90,,1,G,14,IN,3,3,3,,,,
,,VE-4205-1,Unisex,Title,Default Title,,,,,,,,,,6.90,,1,G,14,IN,3,3,3,,,VELO (SK),Berry Frost X-Strong AW
Tropic Breeze X-Strong AW,"<p>Aromatisiert mit exotischer Mandarine, Passionsfrucht und Mango, die an den Sommer erinnern.</p>
<p>EPOK, LYFT oder VELO?! <br>Weitere Informationen dazu findest Du in <a href=""https://snushus.ch/blogs/snusbuch/was-ist-all-white-snus"" target=""_blank"" rel=""noopener noreferrer"">unserem Blog</a>.</p>",Tropic Breeze X-Strong AW,Unisex,,,,,,,https://cdn.shopify.com/s/files/1/0072/0646/9679/products/velo-tropic-breeze-x-strong-aw.png,,,,,6.90,,1,G,14,IN,3,3,3,,,,
,,VE-4805-1,Unisex,Title,Default Title,,,,,,,,,,6.90,,1,G,14,IN,3,3,3,,,VELO (SK),Tropic Breeze X-Strong AW
X-Freeze Ultra Strong AW,"<p>Eisdurchdringender, intensiver Geschmack auf salziger Geschmacksbasis. Sie erinnern sich vielleicht unter dem ursprünglichen Namen LYFT Freeze daran.</p>
<p>EPOK, LYFT oder VELO?! <br>Weitere Informationen dazu findest Du in <a href=""https://snushus.ch/blogs/snusbuch/was-ist-all-white-snus"" target=""_blank"" rel=""noopener noreferrer"">unserem Blog</a>.</p>",X-Freeze Ultra Strong AW,Unisex,,,,,,,https://cdn.shopify.com/s/files/1/0072/0646/9679/products/velo-x-freeze-ultra-strong-aw.png,,,,,6.90,,1,G,1,IN,3,3,3,,,,
,,VE-5105-1,Unisex,Title,Default Title,,,,,,,,,,6.90,,1,G,1,IN,3,3,3,,,VELO (SK),X-Freeze Ultra Strong AW
Apple Blossom (Limited Edition) AW,"Lebhaft, sauer und ausgewogen. Inspiriert von der Apfelblüte, verbindet diese Edition den süssen Geschmack des Apfels mit einem Hauch von frischen Noten, die an ein Cider erinnern. Im Slim-Format und mit mittlerer Nikotinstärke.<br data-mce-fragment=""1"">",Apple Blossom (Limited Edition) AW,Unisex,,,,,,,https://cdn.shopify.com/s/files/1/0072/0646/9679/products/velo-labs-apple-blossom-limited-edition-aw.jpg,,,,,9.50,0.00,1,G,1,IN,3,3,3,,,,
,,VL-L001-1,Unisex,Title,Default Title,,,,,,,,,,9.50,0.00,1,G,1,IN,3,3,3,,,VELO LABS,Apple Blossom (Limited Edition) AW
Gin & Tonic (Limited Edition) AW,"Leicht, hell und spritzig. Inspiriert vom klassischen Gin und Tonic, kombiniert dieser Geschmack lebendige Wacholder- und Zitrusaromen mit bittersüßen Tonic-Tönen.<br data-mce-fragment=""1"">Im Slim-Format &amp; mittlerer Nikotinintensität.<br data-mce-fragment=""1"">",Gin & Tonic (Limited Edition) AW,Unisex,,,,,,,https://cdn.shopify.com/s/files/1/0072/0646/9679/products/velo-labs-gin-tonic-limited-edition-aw.jpg,,,,,9.50,0.00,1,G,1,IN,3,3,3,,,,
,,VL-L003-1,Unisex,Title,Default Title,,,,,,,,,,9.50,0.00,1,G,1,IN,3,3,3,,,VELO LABS,Gin & Tonic (Limited Edition) AW
Amaretto (Limited Edition) AW,"Süss, intensiv und leicht bitter. Inspiriert vom Amaretto-Likör, kombiniert diese Edition den nussigen Geschmack von Mandeln mit subtilen Kirschnuancen.<br data-mce-fragment=""1"">Im Slim-Format &amp; mittlerer Nikotinintensität.<br data-mce-fragment=""1"">",Amaretto (Limited Edition) AW,Unisex,,,,,,,https://cdn.shopify.com/s/files/1/0072/0646/9679/products/velo-labs-amaretto-limited-edition-aw.jpg,,,,,9.50,0.00,1,G,1,IN,3,3,3,,,,
,,VL-L002-1,Unisex,Title,Default Title,,,,,,,,,,9.50,0.00,1,G,1,IN,3,3,3,,,VELO LABS,Amaretto (Limited Edition) AW
Arctic Blast AW,"<p>VID ist die neuste Kreation vom Hause Kurbits Snus AB - kräftige Schweizer Aromen treffen auf schwedisches Snus Know How. Die Arctiv Blast Nikotinbeutel bestechen mit ihrem frischen Menthol, Minze Geschmack und einem hohen Nikotingehalt von 20 mg/g! Die Slim Beutel fühlen sich angenehm unter der Lippe an und können helfen, die Zigarette zu vergessen. ;-)</p>
<p>Auf aromatisierter Zellulosebasis und völlig frei von Tabak kommen auch die VID Beutel im Slim Format. Ohne Tabak bedeutet ohne gewöhnungsbedürftigen Tabakgeruch sowie ohne jegliche Tabakschadstoffe - aktuell gibt es weltweit keine weniger schädliche Art, Nikotin zu konsumieren. All White Snus / Nicotine Pouches bietet sich deshalb vor allem Rauchern an, welche mit Rauchentwöhnung wie Nikotinpflaster, Nikotinkaugummi oder Nikotinspray nichts anfangen können.</p>",Arctic Blast AW,Unisex,,,,,,,https://cdn.shopify.com/s/files/1/0072/0646/9679/products/VID-Arctic-Blast-AW.png,,,,,3.90,,1,G,1,IN,3,3,3,,,,
,,VI-1005-1,Unisex,Title,Default Title,,,,,,,,,,3.90,,1,G,1,IN,3,3,3,,,VID,Arctic Blast AW
Coffee Caramel AW,"<p>Der VID Coffee Caramel All White Snus ist die neuste Kreation vom Hause Kurbits Snus AB und überzeugt geschmacklich mit einer perfekten Balance zwischen starken Arabica-Kaffeebohnen sowie karamellisierter Vanille. Mittelmässig süss und durchschnittlich stark sind diese Beutel etwas für Geniesser, die den Kaffeegeschmack lieben!</p>
<p><br>Auf aromatisierter Zellulosebasis und völlig frei von Tabak kommen auch die VID Beutel im Slim Format. Ohne Tabak bedeutet ohne gewöhnungsbedürftigen Tabakgeruch sowie ohne jegliche Tabakschadstoffe - aktuell gibt es weltweit keine weniger schädliche Art, Nikotin zu konsumieren. All White Snus / Nicotine Pouches bietet sich deshalb vor allem Rauchern an, welche mit Rauchentwöhnung wie Nikotinpflaster, Nikotinkaugummi oder Nikotinspray nichts anfangen können.</p>",Coffee Caramel AW,Unisex,,,,,,,https://cdn.shopify.com/s/files/1/0072/0646/9679/products/VID-Coffe-Caramel-AW.png,,,,,3.90,0.00,1,G,30000,IN,3,3,3,,,,
,,VI-7005-1,Unisex,Title,Default Title,,,,,,,,,,3.90,0.00,1,G,30000,IN,3,3,3,,,VID,Coffee Caramel AW
Coffee Caramel Strong AW,"Der VID Coffee Caramel strong All White Snus ist die neuste Kreation vom Hause Kurbits Snus AB und überzeugt geschmacklich mit einer perfekten Balance zwischen starken Arabica-Kaffeebohnen sowie karamellisierter Vanille. Mittelmässig süss und durchschnittlich stark sind diese Beutel etwas für Geniesser, die den Kaffeegeschmack lieben!<br>Auf aromatisierter Zellulosebasis und völlig frei von Tabak kommen auch die VID Beutel im Slim Format. Ohne Tabak bedeutet ohne gewöhnungsbedürftigen Tabakgeruch sowie ohne jegliche Tabakschadstoffe - aktuell gibt es weltweit keine weniger schädliche Art, Nikotin zu konsumieren. All White Snus / Nicotine Pouches bietet sich deshalb vor allem Rauchern an, welche mit Rauchentwöhnung wie Nikotinpflaster, Nikotinkaugummi oder Nikotinspray nichts anfangen können.",Coffee Caramel Strong AW,Unisex,,,,,,,https://cdn.shopify.com/s/files/1/0072/0646/9679/products/VID_Caramel_Coffe_Strong_dt.png,,,,,3.90,0.00,1,G,14,IN,3,3,3,,,,
,,VI-7105-1,Unisex,Title,Default Title,,,,,,,,,,3.90,0.00,1,G,14,IN,3,3,3,,,VID,Coffee Caramel Strong AW
Cool Citrus AW,"<p>VID ist die neuste Kreation vom Hause Kurbits Snus AB - kräftige Schweizer Aromen treffen auf schwedisches Snus Know How. Ein kühles Zitrusaroma trifft auf 12 mg/g Nikotingehalt. Die Slim Nikotinbeutel stören kaum unter der Lippe. Ein perfektes Produkt für die Rauchentwöhnung! </p>
<p>Auf aromatisierter Zellulosebasis und völlig frei von Tabak kommen auch die VID Beutel im Slim Format. Ohne Tabak bedeutet ohne gewöhnungsbedürftigen Tabakgeruch sowie ohne jegliche Tabakschadstoffe - aktuell gibt es weltweit keine weniger schädliche Art, Nikotin zu konsumieren. All White Snus / Nicotine Pouches bietet sich deshalb vor allem Rauchern an, welche mit Rauchentwöhnung wie Nikotinpflaster, Nikotinkaugummi oder Nikotinspray nichts anfangen können.</p>",Cool Citrus AW,Unisex,,,,,,,https://cdn.shopify.com/s/files/1/0072/0646/9679/products/VID-Cool-Citrus-AW.png,,,,,3.90,,1,G,1,IN,3,3,3,,,,
,,VI-4005-1,Unisex,Title,Default Title,,,,,,,,,,3.90,,1,G,1,IN,3,3,3,,,VID,Cool Citrus AW
Fresh Cola AW,"<p>VID ist die neuste Kreation vom Hause Kurbits Snus AB - kräftige Schweizer Aromen treffen auf schwedisches Snus Know How. Eine Abwechslung zu allen Nikotinbeuteln welche es bisher gab: VID Fresh Cola ist, wie der Name schon sagt, ein All White Snus mit Cola Geschmack! Ein unbeschreibliches Geschmackserlebnis.</p>
<p>Auf aromatisierter Zellulosebasis und völlig frei von Tabak kommen auch die VID Beutel im Slim Format. Ohne Tabak bedeutet ohne gewöhnungsbedürftigen Tabakgeruch sowie ohne jegliche Tabakschadstoffe - aktuell gibt es weltweit keine weniger schädliche Art, Nikotin zu konsumieren. All White Snus / Nicotine Pouches bietet sich deshalb vor allem Rauchern an, welche mit Rauchentwöhnung wie Nikotinpflaster, Nikotinkaugummi oder Nikotinspray nichts anfangen können.</p>",Fresh Cola AW,Unisex,,,,,,,https://cdn.shopify.com/s/files/1/0072/0646/9679/products/VID-Fresh-Cola-AW.png,,,,,3.90,,1,G,1,IN,3,3,3,,,,
,,VI-5005-1,Unisex,Title,Default Title,,,,,,,,,,3.90,,1,G,1,IN,3,3,3,,,VID,Fresh Cola AW
Fresh Cola Strong AW,"VID ist die neuste Kreation vom Hause Kurbits Snus AB - kräftige Schweizer Aromen treffen auf schwedisches Snus Know How. Eine Abwechslung zu allen Nikotinbeuteln welche es bisher gab: VID Fresh Cola strong  ist, wie der Name schon sagt, ein All White Snus mit Cola Geschmack! Ein unbeschreibliches Geschmackserlebnis. Auf aromatisierter Zellulosebasis und völlig frei von Tabak kommen auch die VID Beutel im Slim Format. Ohne Tabak bedeutet ohne gewöhnungsbedürftigen Tabakgeruch sowie ohne jegliche Tabakschadstoffe - aktuell gibt es weltweit keine weniger schädliche Art, Nikotin zu konsumieren. All White Snus / Nicotine Pouches bietet sich deshalb vor allem Rauchern an, welche mit Rauchentwöhnung wie Nikotinpflaster, Nikotinkaugummi oder Nikotinspray nichts anfangen können.",Fresh Cola Strong AW,Unisex,,,,,,,https://cdn.shopify.com/s/files/1/0072/0646/9679/products/VID_Fresh_cola_Strong_dt.png,,,,,3.90,0.00,1,G,14,IN,3,3,3,,,,
,,VI-5105-1,Unisex,Title,Default Title,,,,,,,,,,3.90,0.00,1,G,14,IN,3,3,3,,,VID,Fresh Cola Strong AW
Fruit Fusion AW,"<p>VID ist die neuste Kreation vom Hause Kurbits Snus AB - kräftige Schweizer Aromen treffen auf schwedisches Snus Know How. Ein Beeren Aroma wie frisch aus dem Wald gepflückt! Die Nikotinbeutel von VID sind im Slim Format und sorgen für eine diskrete Anwendung.</p>
<p>Auf aromatisierter Zellulosebasis und völlig frei von Tabak kommen auch die VID Beutel im Slim Format. Ohne Tabak bedeutet ohne gewöhnungsbedürftigen Tabakgeruch sowie ohne jegliche Tabakschadstoffe - aktuell gibt es weltweit keine weniger schädliche Art, Nikotin zu konsumieren. All White Snus / Nicotine Pouches bietet sich deshalb vor allem Rauchern an, welche mit Rauchentwöhnung wie Nikotinpflaster, Nikotinkaugummi oder Nikotinspray nichts anfangen können.</p>",Fruit Fusion AW,Unisex,,,,,,,https://cdn.shopify.com/s/files/1/0072/0646/9679/products/VID-Fruit-Fusion-AW.png,,,,,3.90,,1,G,1,IN,3,3,3,,,,
,,VI-3005-1,Unisex,Title,Default Title,,,,,,,,,,3.90,,1,G,1,IN,3,3,3,,,VID,Fruit Fusion AW
Ginger Lemon AW,"<p>Frisch geschälter Ingwer, frische Zitrone und Honig! Wer kann der bewährten Kombination widerstehen? Das Gewicht des Ingwers trifft auf die saure Zitrone und beide werden durch eine sanfte Süße verstärkt, die die Dreieinigkeit ergänzt, wenn es um den Hauptgeschmack der Entspannung geht. Die Aromen von VID Ginger Lemon wollen dir ein Gefühl von Pflege und Ruhe vermitteln – aber mit spürbarer Nikotinabgabe für lange Zeit.</p>
<p>Wenn etwas Sicheres und Umfassendes gefragt ist, ist VID Ginger Lemon die Antwort, wenn es um Nikotinbeutel geht. Die Aromen sind sauber und greifbar, ohne überwältigend zu sein, aber perfekt ausbalanciert für diejenigen, die einen erwachseneren Geschmack in ihrem Nikotinbeutel haben möchten.</p>",Ginger Lemon AW,Unisex,,,,,,,https://cdn.shopify.com/s/files/1/0072/0646/9679/products/VID-Ginger-Lemon-aw.png,,,,,3.90,0.00,1,G,30000,IN,3,3,3,,,,
,,VI-9005-1,Unisex,Title,Default Title,,,,,,,,,,3.90,0.00,1,G,30000,IN,3,3,3,,,VID,Ginger Lemon AW
Perfect Pear AW,"<p>Der Sommer ist eine fantastische Zeit voller Sonne, Strand und eisigem Birneneis. Auch wenn wir nicht das ganze Jahr über sonnige Sommertage haben können, können wir dieses Gefühl überall hin mitnehmen. Sonnengereifte Birnen, die zusammen mit klaren Vanilletönen einen wunderbaren Geschmack und eine Weichheit erzeugen, die uns an Freizeit, Spiel und Wärme erinnern.</p>
<p> </p>
<p>Bei VID Perfect Pear wollten wir den Geschmack von köstlichem Birneneis hervorheben, einen Geschmack, den viele Menschen kennen und mögen. Die Aromen oszillieren zwischen Birnen-Vanille und Säure auf eine Weise, die herausfordernd ist, wenn es darum geht, was mit Aromen für Nikotinbeutel gemacht werden kann. Der weiche Geschmack und die angenehme Nikotinstärke machen VID Perfect Pear zum perfekten Produkt für diejenigen, die täglich Nikotinbeutel verwenden möchten, oder für diejenigen, die einen milden Nikotinbeutel wünschen, wenn das Verlangen nach Nikotin zu groß wird.</p>",Perfect Pear AW,Unisex,,,,,,,https://cdn.shopify.com/s/files/1/0072/0646/9679/products/VID-Perfect-Pear-AW.png,,,,,3.90,0.00,1,G,30000,IN,3,3,3,,,,
,,VI-8005-1,Unisex,Title,Default Title,,,,,,,,,,3.90,0.00,1,G,30000,IN,3,3,3,,,VID,Perfect Pear AW
Perfect Pear Strong AW,"Der Sommer ist eine fantastische Zeit voller Sonne, Strand und eisigem Birneneis. Auch wenn wir nicht das ganze Jahr über sonnige Sommertage haben können, können wir dieses Gefühl überall hin mitnehmen. Sonnengereifte Birnen, die zusammen mit klaren Vanilletönen einen wunderbaren Geschmack und eine Weichheit erzeugen, die uns an Freizeit, Spiel und Wärme erinnern.<br data-mce-fragment=""1""><br data-mce-fragment=""1""><br data-mce-fragment=""1"">Bei VID Perfect Pear Strong wollten wir den Geschmack von köstlichem Birneneis hervorheben, einen Geschmack, den viele Menschen kennen und mögen. Die Aromen oszillieren zwischen Birnen-Vanille und Säure auf eine Weise, die herausfordernd ist, wenn es darum geht, was mit Aromen für Nikotinbeutel gemacht werden kann. Der weiche Geschmack und die angenehme Nikotinstärke machen VID Perfect Pear zum perfekten Produkt für diejenigen, die täglich Nikotinbeutel verwenden möchten, oder für diejenigen, die einen milden Nikotinbeutel wünschen, wenn das Verlangen nach Nikotin zu groß wird.<br>",Perfect Pear Strong AW,Unisex,,,,,,,https://cdn.shopify.com/s/files/1/0072/0646/9679/products/VID_Perfect_Pear_Strong_dt.png,,,,,3.90,0.00,1,G,14,IN,3,3,3,,,,
,,VI-8105-1,Unisex,Title,Default Title,,,,,,,,,,3.90,0.00,1,G,14,IN,3,3,3,,,VID,Perfect Pear Strong AW
Racing Raspberry AW,"<p>﻿AT Racing Raspberry spielt mit unseren Sinnen und versetzt uns zurück in die Kindheitserinnerungen, die aus dem Himbeerduft an der Laube oder am Wasser bestehen. Gleichzeitig sind es Himbeeren, die in jedem Süßwarenladen die Obertöne geben. Mit klarem Himbeerduft und der Stärkung sonnengereifter Erdbeeren wagen wir zu behaupten, dass dies ein Nikotinbeutel ist, der den Sommer bei jedem Wetter hervorbringt.</p>
<p> </p>
<p>Wenn es um einen leichten und leckeren Nikotinbeutel geht, ist VID Racing Raspberry eine einfache Wahl. Ansprechender Geschmack mit frischem Duft macht diesen Nikotinbeutel bei vielen zum Favoriten. Die Auswahl der Aromen, die sich in der Tüte befinden, soll die natürliche Süße der Beeren hervorheben, damit es so schmeckt, wie ein Sommertraum schmecken sollte.</p>",Racing Raspberry AW,Unisex,,,,,,,https://cdn.shopify.com/s/files/1/0072/0646/9679/products/VID-Racing-Rasperry-AW.png,,,,,3.90,0.00,1,G,30000,IN,3,3,3,,,,
,,VI-1105-1,Unisex,Title,Default Title,,,,,,,,,,3.90,0.00,1,G,30000,IN,3,3,3,,,VID,Racing Raspberry AW
Salty Liquorice AW,Ein aufregendes Zusammenspiel von einer salzigen Note und dem einzigartigen Lakritze-Geschmack – das wird den Fans von VID Salty Liquorice Slim Strong All White Portion Nikotinbeutel mit Nikotingehalt 12 mg/g geboten.,Salty Liquorice AW,Unisex,,,,,,,https://cdn.shopify.com/s/files/1/0072/0646/9679/products/vid-salty-liquorice-aw.png,,,,,3.90,0.00,1,G,1,IN,3,3,3,,,,
,,VI-1205-1,Unisex,Title,Default Title,,,,,,,,,,3.90,0.00,1,G,1,IN,3,3,3,,,VID,Salty Liquorice AW
Violet Velvet AW,"<p>VID ist die neuste Kreation vom Hause Kurbits Snus AB - kräftige Schweizer Aromen treffen auf schwedisches Snus Know How.</p>
<p>Violet Velvet ist eine verspielte Kombination aus Veilchen und süsser Lakritze. Die schnelle Nikotinfreisetzung und der süsse Geschmack haben sich zu einer Sensation im Segment der frischen und süssen Nikotinbeutel entwickelt. Die Entwickler wollten dem Produkt das Gefühl eines angenehmen Geschmacks geben, der der nordischen Geschmackstradition nahe steht.</p>",Violet Velvet AW,Unisex,,,,,,,https://cdn.shopify.com/s/files/1/0072/0646/9679/products/VID-Violet-Velvet-AW.png,,,,,3.90,0.00,1,G,30000,IN,3,3,3,,,,
,,VI-6005-1,Unisex,Title,Default Title,,,,,,,,,,3.90,0.00,1,G,30000,IN,3,3,3,,,VID,Violet Velvet AW
Watermelon AW,"<p>VID ist die neuste Kreation vom Hause Kurbits Snus AB - kräftige Schweizer Aromen treffen auf schwedisches Snus Know How. Herrliches Sommerfeeling verleiht der VID Watermelon All White mit einem fruchtigen Aroma von Wassermelone.</p>
<p>Auf aromatisierter Zellulosebasis und völlig frei von Tabak kommen auch die VID Beutel im Slim Format. Ohne Tabak bedeutet ohne gewöhnungsbedürftigen Tabakgeruch sowie ohne jegliche Tabakschadstoffe - aktuell gibt es weltweit keine weniger schädliche Art, Nikotin zu konsumieren. All White Snus / Nicotine Pouches bietet sich deshalb vor allem Rauchern an, welche mit Rauchentwöhnung wie Nikotinpflaster, Nikotinkaugummi oder Nikotinspray nichts anfangen können.</p>
<div class=""info"">
<div class=""info"">
<div class=""item flex"">
<div class=""title""></div>
</div>
</div>
</div>",Watermelon AW,Unisex,,,,,,,https://cdn.shopify.com/s/files/1/0072/0646/9679/products/VID-Watermelon-AW.png,,,,,3.90,,1,G,1,IN,3,3,3,,,,
,,VI-2005-1,Unisex,Title,Default Title,,,,,,,,,,3.90,,1,G,1,IN,3,3,3,,,VID,Watermelon AW
Pink Grape 300mg,"Machen Sie sich bereit für einen intensiven, süssen Ausbruch von Grapefruit in jedem Voon Mini-Beutel aus weissem und trockenem Hanf.",Pink Grape 300mg,Unisex,,,,,,,https://cdn.shopify.com/s/files/1/0072/0646/9679/products/voon-pink-grape-cbd-pouches.png,,,,,12.90,,1,G,19000,IN,3,3,3,,,,
,,VO-4000-1,Unisex,Title,Default Title,,,,,,,,,,12.90,,1,G,19000,IN,3,3,3,,,Voon,Pink Grape 300mg
Cool Spearmint 300mg,"Der sanftere, etwas süssere eisige Minzgeschmack der Voon Mini-Beutel aus weissem und trockenem Hanf. Perfekt . Um den ganzen Tag erfrischt zu bleiben.",Cool Spearmint 300mg,Unisex,,,,,,,https://cdn.shopify.com/s/files/1/0072/0646/9679/products/voon-cool-spearmint-cbd-pouches.png,,,,,12.90,,1,G,19000,IN,3,3,3,,,,
,,VO-2000-1,Unisex,Title,Default Title,,,,,,,,,,12.90,,1,G,19000,IN,3,3,3,,,Voon,Cool Spearmint 300mg
Wintergreen 300mg,Erleben Sie einen hauch Hanf kombiniert mit einem Spritzer winterlicher Minz-Erfrischung und einem Hauch Süsse in jedem Mini Hanfbeutel von Voon,Wintergreen 300mg,Unisex,,,,,,,https://cdn.shopify.com/s/files/1/0072/0646/9679/products/voon-wintergreen-cbd-pouches.png,,,,,12.90,,1,G,19000,IN,3,3,3,,,,
,,VO-1000-1,Unisex,Title,Default Title,,,,,,,,,,12.90,,1,G,19000,IN,3,3,3,,,Voon,Wintergreen 300mg
Snazzy Tangerine 300mg,Probieren Sie eine Mischung aus leichten Mandarinen-Säure- und Limettenaromen mit einem Hauch süsse in jedem Voon Mini- Beutel aus weissem und trockenem Hanf.,Snazzy Tangerine 300mg,Unisex,,,,,,,https://cdn.shopify.com/s/files/1/0072/0646/9679/products/voon-snazzy-tangerine-cbd-pouches.jpg,,,,,10.35,,1,G,19000,IN,3,3,3,,,,
,,VO-3000-1,Unisex,Title,Default Title,,,,,,,,,,10.35,,1,G,19000,IN,3,3,3,,,Voon,Snazzy Tangerine 300mg
Rot -80 Degrees WDP,"<meta charset=""utf-8"">
<div class=""item flex"">
<div class=""title"">
<div class=""info"">
<p>Siberia White Dry ist ein Portionssnus mit einem sehr deutlichen Minzgeschmack und erscheint in trockenen Portionen mit niedrigerem Feuchtigkeitsgehalt, weshalb er auch weniger rinnt. Dieser Snus hat einen extrem hohen Nikotingehalt und eine Portion enthält mehr als fünfmal so viel Nikotin wie normal starker Snus (8 mg/g). Wird Menschen, die Nikotin gegenüber empfindlich sind, weniger empfohlen. Siberia zählt zusammen mit <a href=""https://snushus.ch/collections/odens"" title=""Odens"">Oden‘s</a> zu den beliebtesten Snusmarken der Schweiz. <span>Bei Fragen, Wünschen oder Anregungen </span><span>kannst du </span><span>uns </span><span>gerne auf der </span><span></span><a href=""https://snushus.ch/pages/kontakt"" title=""Kontakt"">Kontaktseite</a><span> s</span><span>chreiben</span><span>.</span></p>
</div>
</div>
</div>
<div class=""item flex""></div>",Rot -80 Degrees WDP,Unisex,,,,,,,https://cdn.shopify.com/s/files/1/0072/0646/9679/products/siberia-red-white-dry-portion.png,,,,,5.20,,1,G,30,IN,3,3,3,,,,
,,SI-1005-1,Unisex,Title,Default Title,,,,,,,,,,5.20,,1,G,30,IN,3,3,3,,,Siberia,Rot -80 Degrees WDP
Rot -80 Degrees WDP - Slim,"<div class=""info"">
<div class=""info"">
<p>Siberia White Dry ist ein Portionssnus mit einem sehr deutlichen Minzgeschmack und erscheint in trockenen Portionen mit niedrigerem Feuchtigkeitsgehalt, weshalb er auch weniger rinnt. Dieser Snus hat einen extrem hohen Nikotingehalt und eine Portion enthält mehr als fünfmal so viel Nikotin wie normal starker Snus (8 mg/g). Wird Menschen, die Nikotin gegenüber empfindlich sind, weniger empfohlen. Siberia zählt zusammen mit <a href=""https://snushus.ch/collections/odens"" title=""Oden´s"">Oden‘s</a> zu den beliebtesten Snusmarken der Schweiz.<span> Bei Fragen, Wünschen oder Anregungen kannst du uns gerne auf der </span><span></span><a href=""https://snushus.ch/pages/kontakt"" title=""Kontakt"">Kontaktseite<span> </span></a><span>schreiben. </span></p>
</div>
<div class=""info"">
<div class=""info"">
<div class=""item flex ""></div>
</div>
</div>
</div>
<div class=""info"">
<div class=""info"">
<div class=""item flex ""></div>
</div>
</div>",Rot -80 Degrees WDP - Slim,Unisex,,,,,,,https://cdn.shopify.com/s/files/1/0072/0646/9679/products/siberia-red-white-dry-slim-portion.png,,,,,5.20,,1,G,30,IN,3,3,3,,,,
,,SI-1015-1,Unisex,Title,Default Title,,,,,,,,,,5.20,,1,G,30,IN,3,3,3,,,Siberia,Rot -80 Degrees WDP - Slim
Cold Extreme WDP,"<meta charset=""utf-8"">
<div class=""item flex "">
<div class=""title""></div>
</div>
<div class=""item flex "">
<div class=""info"">
<p>Oden's Cold Extreme WDP (<strong>White Dry Portion</strong>) ist ein eiskalter Portionssnus mit einer minzigen Frische. Ganz besonders tritt ein Geschmack von Spearmint aus dem ansonsten traditionellen, erdnahen Tabakgeschmack hervor. Oden's Cold Dry ist ein sogenannter trockener Portionssnus, der nicht rinnt und ein noch erfrischenderes Gefühl bietet als andere Snus dieser Serie. Odens zählt zusammen mit <a href=""https://snushus.ch/collections/siberia"" title=""Siberia"">Siberia </a>zu den beliebtesten Snusmarken der Schweiz. Bei Fragen, Wünschen oder Anregungen kannst du uns gerne auf der <a href=""https://snushus.ch/pages/kontakt"" title=""Kontakt"">Kontaktseite</a> schreiben.</p>
</div>
<div class=""info""></div>
<div class=""info"">
<div class=""info"">
<div class=""item flex ""></div>
</div>
</div>
</div>",Cold Extreme WDP,Unisex,,,,,,,https://cdn.shopify.com/s/files/1/0072/0646/9679/products/odens-cold-extreme-white-dry-portion.png,,,,,4.80,,1,G,30,IN,3,3,3,,,,
,,OD-1005-1,Unisex,Title,Default Title,,,,,,,,,,4.80,,1,G,30,IN,3,3,3,,,Oden's,Cold Extreme WDP
Rot -80 Degrees WDP 500g Box,"<meta charset=""utf-8"">
<div class=""item flex "">
<div class=""title"">
<div class=""info"">
<span>Siberia White Dry ist ein Portionssnus mit einem sehr deutlichen Minzgeschmack und erscheint in trockenen Portionen mit niedrigerem Feuchtigkeitsgehalt, weshalb er auch weniger rinnt. Dieser Snus hat einen extrem hohen Nikotingehalt und eine Portion enthält mehr als fünfmal so viel Nikotin wie normal starker Snus (8 mg/g). Wird Menschen, die Nikotin gegenüber empfindlich sind, weniger empfohlen. Siberia zählt zusammen mit </span><a href=""https://snushus.ch/collections/odens"" title=""Odens"">Oden‘s</a><span> zu den beliebtesten Snusmarken der Schweiz. </span><span>Bei Fragen, Wünschen oder Anregungen </span><span>kannst du </span><span>uns </span><span>gerne auf der </span><span></span><a href=""https://snushus.ch/pages/kontakt"" title=""Kontakt"">Kontaktseite</a><span> s</span><span>chreiben</span><span>.</span><br>
</div>
<div class=""info"">
<div class=""info"">
<div class=""item flex "">
<div class=""title""><br></div>
</div>
</div>
</div>
</div>
</div>
<div class=""item flex ""></div>",Rot -80 Degrees WDP 500g Box,Unisex,,,,,,,https://cdn.shopify.com/s/files/1/0072/0646/9679/products/siberia-red-white-dry-portion-box_cb63d63a-d779-4241-9616-ad928ef5f2c2.png,,,,,129.00,0.00,1,G,600,IN,3,3,3,,,,
,,SI-1025-1,Unisex,Title,Default Title,,,,,,,,,,129.00,0.00,1,G,600,IN,3,3,3,,,Siberia,Rot -80 Degrees WDP 500g Box
Cold Extreme WDP - Slim,"<meta charset=""utf-8"">
<div class=""item flex "">
<div class=""title""></div>
</div>
<div class=""item flex "">
<div class=""info"">
<div class=""info"">
<p>Oden's Extreme Cold Dry ist ein eiskalter Portionssnus mit einer minzigen Frische. Ganz besonders tritt ein Geschmack von Spearmint aus dem ansonsten traditionellen, erdnahen Tabakgeschmack hervor. Oden's Cold Dry ist ein sogenannter trockener Portionssnus, der nicht rinnt und ein noch erfrischenderes Gefühl bietet als andere Snus dieser Serie. Oden‘s zählt zusammen mit Siberia zu den beliebtesten Snusmarken der Schweiz.</p>
</div>
<div class=""info"">
<div class=""info"">
<div class=""item flex ""></div>
</div>
</div>
</div>
<div class=""info"">
<div class=""item flex ""></div>
</div>
</div>",Cold Extreme WDP - Slim,Unisex,,,,,,,https://cdn.shopify.com/s/files/1/0072/0646/9679/products/odens-cold-extreme-white-dry-slim-portion.png,,,,,4.60,,1,G,30,IN,3,3,3,,,,
,,OD-1015-1,Unisex,Title,Default Title,,,,,,,,,,4.60,,1,G,30,IN,3,3,3,,,Oden's,Cold Extreme WDP - Slim
Cold Extreme WDP 500g Box,"<meta charset=""utf-8"">
<div class=""item flex "">
<div class=""title"">
<div class=""info"">
<span>Oden's Cold Extreme WDP (</span><strong>White Dry Portion</strong><span>) ist ein eiskalter Portionssnus mit einer minzigen Frische. Ganz besonders tritt ein Geschmack von Spearmint aus dem ansonsten traditionellen, erdnahen Tabakgeschmack hervor. Oden's Cold Dry ist ein sogenannter trockener Portionssnus, der nicht rinnt und ein noch erfrischenderes Gefühl bietet als andere Snus dieser Serie. Odens zählt zusammen mit </span><a href=""https://snushus.ch/collections/siberia"" title=""Siberia"">Siberia<span> </span></a><span>zu den beliebtesten Snusmarken der Schweiz. Bei Fragen, Wünschen oder Anregungen kannst du uns gerne auf der </span><a href=""https://snushus.ch/pages/kontakt"" title=""Kontakt"">Kontaktseite</a><span> schreiben.</span>
</div>
<div class=""info"">
<div class=""info"">
<div class=""item flex ""></div>
</div>
</div>
</div>
</div>
<div class=""item flex ""></div>",Cold Extreme WDP 500g Box,Unisex,,,,,,,https://cdn.shopify.com/s/files/1/0072/0646/9679/products/odens-cold-extreme-white-dry-portion-box_0a9600d7-7d68-43ea-83dd-0cdfa830332f.png,,,,,119.00,0.00,1,G,600,IN,3,3,3,,,,
,,OD-1025-1,Unisex,Title,Default Title,,,,,,,,,,119.00,0.00,1,G,600,IN,3,3,3,,,Oden's,Cold Extreme WDP 500g Box
Rot -80 Degrees WDP Slim 500g Box,"<meta charset=""utf-8"">
<div class=""item flex"">
<div class=""title"">
<div class=""info"">
<span>Siberia White Dry ist ein Portionssnus mit einem sehr deutlichen Minzgeschmack und erscheint in trockenen Portionen mit niedrigerem Feuchtigkeitsgehalt, weshalb er auch weniger rinnt. Dieser Snus hat einen extrem hohen Nikotingehalt und eine Portion enthält mehr als fünfmal so viel Nikotin wie normal starker Snus (8 mg/g). Wird Menschen, die Nikotin gegenüber empfindlich sind, weniger empfohlen. Siberia zählt zusammen mit </span><a href=""https://snushus.ch/collections/odens"" title=""Odens"">Oden‘s</a><span> zu den beliebtesten Snusmarken der Schweiz. </span><br>
</div>
<div class=""info"">
<div class=""info"">
<div class=""item flex"">
<div class=""title""><br></div>
</div>
</div>
</div>
</div>
</div>
<div class=""item flex""></div>",Rot -80 Degrees WDP Slim 500g Box,Unisex,,,,,,,https://cdn.shopify.com/s/files/1/0072/0646/9679/products/siberia-red-white-dry-portion-slim-box_b7645fc1-d0e2-4d9d-8616-daf0786a6c6a.png,,,,,139.00,0.00,1,G,500,IN,3,3,3,,,,
,,SI-1125-1,Unisex,Title,Default Title,,,,,,,,,,139.00,0.00,1,G,500,IN,3,3,3,,,Siberia,Rot -80 Degrees WDP Slim 500g Box
Soldat Extreme WDP,"<meta charset=""utf-8"">
<div class=""item flex"">
<div class=""title""></div>
</div>
<div class=""item flex"">
<div class=""info"">
<p>Soldat Extreme - für die langen Tage auf dem Feld!<br><br>Mit seinen unglaublichen 45 mg/g Nikotingehalt gibt er jedem Snuser einen unverwechselbaren, lang anhaltenden Kick. Unter der Lippe fühlen sich die Beutel sehr geschmeidig an und der Minz/Menthol Geschmack kommt angenehm zur Geltung. Ideal für lange Einsätze im Militär oder für Siberia-Snuser, die gerne mal etwas Neues probieren möchten...</p>
<p> </p>
</div>
<div class=""info"">
<div class=""info""></div>
</div>
</div>",Soldat Extreme WDP,Unisex,,,,,,,https://cdn.shopify.com/s/files/1/0072/0646/9679/products/soldat-black-extreme-white-dry-portion.png,,,,,3.90,,1,G,30,IN,3,3,3,,,,
,,SO-3005-1,Unisex,Title,Default Title,,,,,,,,,,3.90,,1,G,30,IN,3,3,3,,,Soldat,Soldat Extreme WDP
Rot -80 Degrees WDP - Mini,"<div class=""info"">
<div class=""info""><p>Siberia White Dry ist ein Portionssnus mit einem sehr deutlichen Minzgeschmack und erscheint in trockenen Portionen mit niedrigerem Feuchtigkeitsgehalt, weshalb er auch weniger rinnt. Dieser Snus hat einen extrem hohen Nikotingehalt und eine Portion enthält mehr als fünfmal so viel Nikotin wie normal starker Snus (8 mg/g). Wird Menschen, die Nikotin gegenüber empfindlich sind, weniger empfohlen. Siberia zählt zusammen mit <a href=""https://snushus.ch/collections/odens"" title=""Oden´s"">Oden‘s</a> zu den beliebtesten Snusmarken der Schweiz.<span> Bei Fragen, Wünschen oder Anregungen kannst du uns gerne auf der </span><span></span><a href=""https://snushus.ch/pages/kontakt"" title=""Kontakt"">Kontaktseite<span> </span></a><span>schreiben. </span></p></div>
<div class=""info""><div class=""info""><div class=""item flex ""></div></div></div>
</div><div class=""info""><div class=""info""><div class=""item flex ""></div></div></div>",Rot -80 Degrees WDP - Mini,Unisex,,,,,,,https://cdn.shopify.com/s/files/1/0072/0646/9679/products/siberia-red-white-dry-portion-mini.png,,,,,4.90,0.00,1,G,9,IN,3,3,3,,,,
,,SI-1115-1,Unisex,Title,Default Title,,,,,,,,,,4.90,0.00,1,G,9,IN,3,3,3,,,Siberia,Rot -80 Degrees WDP - Mini
Frosted WDP - Slim,"<meta charset=""utf-8"">
<div class=""item flex "">
<div class=""title"">
<div class=""info"">
<p><span>Thunder Frosted Slim White Dry Portion ist ein kraftvoller Snus, wie die meisten der Thunder Serie. Im Slim Format liegt er angenehm unter der Lippe und als White Dry Portion rinnt er sehr wenig. Hergestellt wird dieser Snus von V2 in Dänemark.</span></p>
</div>
</div>
</div>
<div class=""item flex ""></div>",Frosted WDP - Slim,Unisex,,,,,,,https://cdn.shopify.com/s/files/1/0072/0646/9679/products/thunder-frosted-slim-white-dry-portion.png,,,,,4.80,,1,G,30,IN,3,3,3,,,,
,,TH-4005-1,Unisex,Title,Default Title,,,,,,,,,,4.80,,1,G,30,IN,3,3,3,,,Thunder,Frosted WDP - Slim
X WDP - Slim,"<meta charset=""utf-8"">
<div class=""item flex "">
<div class=""title"">
<div class=""info"">
<p>Thunder X Slim White Dry Portion ist, wie die meisten der Thunder Produkte, ein sehr starker Snus und rinnt als White Dry Portion sehr wenig. Mit klassischem Minzgeschmack und seinem hohen Nikotingehalt ist dieser Snus nur erfahrenen Snuser zu empfehlen.</p>
</div>
</div>
</div>
<div class=""item flex ""></div>",X WDP - Slim,Unisex,,,,,,,https://cdn.shopify.com/s/files/1/0072/0646/9679/products/thunder-x-slim-white-dry-portion.png,,,,,4.80,,1,G,30,IN,3,3,3,,,,
,,TH-3005-1,Unisex,Title,Default Title,,,,,,,,,,4.80,,1,G,30,IN,3,3,3,,,Thunder,X WDP - Slim
X WDP,"<meta charset=""utf-8"">
<div class=""item flex "">
<div class=""title"">
<div class=""info"">
<p><span>Offroad X ist wahrscheinlich der stärkste Snus der Welt: unglaubliche 45mg/g. Als White Dry Portion rinnt der Snus sehr wenig und überzeugt durch einen prominenten Minz-Menthol Geschmack. </span></p>
<p><br><br></p>
</div>
</div>
</div>
<div class=""item flex ""></div>",X WDP,Unisex,,,,,,,https://cdn.shopify.com/s/files/1/0072/0646/9679/products/offroad-arctic-xplorer-white-dry-portion.png,,,,,4.80,,1,G,30,IN,3,3,3,,,,
,,OF-1005-1,Unisex,Title,Default Title,,,,,,,,,,4.80,,1,G,30,IN,3,3,3,,,Offroad,X WDP
Black -80 Degrees WDP,"<meta charset=""utf-8"">
<div class=""item flex"">
<div class=""title"">
<div class=""info"">
<p>Den beliebten schwarzen Siberia gibt es nun auch als White Dry Portion - schöne Dose und ein gewohnt starker Nikotinkick, einfach ohne Minz-/Mentholgeschmack. Siberia Black -80 Degrees White Dry Portion ist ein trockener Portionssnus mit einem sehr deutlichen Tabakgeschmack. Dieser Snus hat einen extrem hohen Nikotingehalt und eine Portion enthält mehr als fünfmal so viel Nikotin wie normal starker Snus (8 mg/g). Wird Menschen, die Nikotin gegenüber empfindlich sind, weniger empfohlen. Siberia zählt zusammen mit Oden‘s zu den beliebtesten Snusmarken der Schweiz. </p>
</div>
</div>
</div>
<div class=""item flex""></div>",Black -80 Degrees WDP,Unisex,,,,,,,https://cdn.shopify.com/s/files/1/0072/0646/9679/products/siberia-black-white-dry-portion.png,,,,,5.20,,1,G,30,IN,3,3,3,,,,
,,SI-4005-1,Unisex,Title,Default Title,,,,,,,,,,5.20,,1,G,30,IN,3,3,3,,,Siberia,Black -80 Degrees WDP
Extreme WDP Slim,"Soldat Extreme WDP Slim für die langen Tage auf dem Feld! Mit seinen unglaublichen 45 mg/g Nikotingehalt, gibt er jedem Snuser einen unverwechselbaren Kick welcher lange anhält. Unter der Lippe fühlen sich die Beutel sehr geschmeidig an und der Minz/Menthol Geschmack kommt angenehm zur Geltung.",Extreme WDP Slim,Unisex,,,,,,,https://cdn.shopify.com/s/files/1/0072/0646/9679/products/soldat-black-extreme-white-dry-portion-slim.png,,,,,3.90,0.00,1,G,1,IN,3,3,3,,,,
,,SO-3015-1,Unisex,Title,Default Title,,,,,,,,,,3.90,0.00,1,G,1,IN,3,3,3,,,Soldat,Extreme WDP Slim
Black -80 Degrees WDP Slim,"<meta charset=""utf-8"">
<div class=""item flex"">
<div class=""title"">
<div class=""info"">
<p>Den beliebten schwarzen Siberia gibt es nun auch als White Dry Portion - schöne Dose und ein gewohnt starker Nikotinkick, einfach ohne Minz-/Mentholgeschmack.</p>
</div>
</div>
</div>
<div class=""item flex""></div>",Black -80 Degrees WDP Slim,Unisex,,,,,,,https://cdn.shopify.com/s/files/1/0072/0646/9679/products/siberia-black-white-dry-slim-portion.png,,,,,5.20,,1,G,30,IN,3,3,3,,,,
,,SI-4015-1,Unisex,Title,Default Title,,,,,,,,,,5.20,,1,G,30,IN,3,3,3,,,Siberia,Black -80 Degrees WDP Slim
Cool Mint X-Strong WDP,"Der T45 Cool Mint ist ein alltägliches Produkt mit Menthol Geschmack für jeden Snuser, der auf der Suche nach einem Nikotinkick ist. Der T45 Cool Mint Snus vermittelt eine klare, lang anhaltende Frische, während die Aromen auch für eine lange Lebensdauer geschaffen wurden.",Cool Mint X-Strong WDP,Unisex,,,,,,,https://cdn.shopify.com/s/files/1/0072/0646/9679/products/t45-cool-mint-xstrong-white-dry-portion-front.png,,,,,3.90,,1,G,30,IN,3,3,3,,,,
,,T4-1005-1,Unisex,Title,Default Title,,,,,,,,,,3.90,,1,G,30,IN,3,3,3,,,T45,Cool Mint X-Strong WDP
Wintergreen Extreme WDP,"<meta charset=""utf-8"">
<div class=""item flex "">
<div class=""title""></div>
</div>
<div class=""item flex "">
<div class=""info"">
<p><span>Odens Wintergreen Extreme White Dry Portion ist ein starker Snus mit spürbarem Wintergreen-Geschmack. Intensive Geschmacksentfaltung und kühlender Effekt. </span></p>
</div>
<div class=""info""></div>
<div class=""info"">
<div class=""info"">
<div class=""item flex ""></div>
</div>
</div>
</div>",Wintergreen Extreme WDP,Unisex,,,,,,,https://cdn.shopify.com/s/files/1/0072/0646/9679/products/odens-wintergreen-white-dry-portion.png,,,,,4.80,,1,G,30,IN,3,3,3,,,,
,,OD-4005-1,Unisex,Title,Default Title,,,,,,,,,,4.80,,1,G,30,IN,3,3,3,,,Oden's,Wintergreen Extreme WDP
Wintergreen Extreme WDP - Slim,"<meta charset=""utf-8"">
<div class=""item flex "">
<div class=""title""></div>
</div>
<div class=""item flex "">
<div class=""info"">
<div class=""info"">
<p><span>Odens Wintergreen Extreme White Dry Portion ist ein starker Snus mit spürbarem Wintergreen-Geschmack. Intensive Geschmacksentfaltung und kühlender Effekt. </span></p>
</div>
<div class=""info"">
<div class=""info"">
<div class=""item flex ""></div>
</div>
</div>
</div>
<div class=""info"">
<div class=""item flex ""></div>
</div>
</div>",Wintergreen Extreme WDP - Slim,Unisex,,,,,,,https://cdn.shopify.com/s/files/1/0072/0646/9679/products/odens-wintergreen-white-dry-slim-portion.png,,,,,4.60,,1,G,30,IN,3,3,3,,,,
,,OD-4015-1,Unisex,Title,Default Title,,,,,,,,,,4.60,,1,G,30,IN,3,3,3,,,Oden's,Wintergreen Extreme WDP - Slim
Double Mint Extreme WDP - Slim,"<meta charset=""utf-8"">
<div class=""item flex "">
<div class=""title""></div>
</div>
<div class=""item flex "">
<div class=""info"">
<div class=""info"">
<p>Odens Double Mint Extreme White Dry Portion Slim ist ein sogenannter ""White Dry"" Portionssnus. Die Portionen sind, wie der Name schon sagt, trockener als andere Sorten und haben einen hohen Nikotingehalt. Der Geschmack von Odens Double Mint ist von scharfer Natur mit überzeugenden Pfefferminzakzenten.</p>
</div>
<div class=""info"">
<div class=""info"">
<div class=""item flex ""></div>
</div>
</div>
</div>
<div class=""info"">
<div class=""item flex ""></div>
</div>
</div>",Double Mint Extreme WDP - Slim,Unisex,,,,,,,https://cdn.shopify.com/s/files/1/0072/0646/9679/products/odens-double-mint-white-dry-slim-portion.png,,,,,4.60,,1,G,30,IN,3,3,3,,,,
,,OD-5015-1,Unisex,Title,Default Title,,,,,,,,,,4.60,,1,G,30,IN,3,3,3,,,Oden's,Double Mint Extreme WDP - Slim
Green Mint X-Strong WDP,"Der T45 Green Mint konzentriert sich auf frische Düfte und Aromen. Ein grosszügiger Mentholgeschmack wird mit blumigem Duft und Fruchtaromen ausgeglichen, um das Harte mit dem Weichen zu verbinden. Der T45 Green Mint Snus ist klassisch und gleichzeitig völlig innovativ.",Green Mint X-Strong WDP,Unisex,,,,,,,https://cdn.shopify.com/s/files/1/0072/0646/9679/products/t45-green-mint-xstrong-white-dry-portion-front.png,,,,,3.90,,1,G,30,IN,3,3,3,,,,
,,T4-2005-1,Unisex,Title,Default Title,,,,,,,,,,3.90,,1,G,30,IN,3,3,3,,,T45,Green Mint X-Strong WDP
Double Mint Extreme WDP,"<meta charset=""utf-8"">
<div class=""item flex "">
<div class=""title""></div>
</div>
<div class=""item flex "">
<div class=""info"">
<p>Odens Double Mint Extreme White Dry Portion ist ein sogenannter ""white dry"" Portionssnus. Die Portionen sind, wie der Name schon sagt, trockener als andere Sorten und haben einen hohen Nikotingehalt. <br>Der Geschmack ist von scharfer Natur mit überzeugenden Pfefferminzakzenten.</p>
</div>
<div class=""info""></div>
<div class=""info"">
<div class=""info"">
<div class=""item flex ""></div>
</div>
</div>
</div>",Double Mint Extreme WDP,Unisex,,,,,,,https://cdn.shopify.com/s/files/1/0072/0646/9679/products/odens-double-mint-white-dry-portion.png,,,,,4.80,,1,G,30,IN,3,3,3,,,,
,,OD-5005-1,Unisex,Title,Default Title,,,,,,,,,,4.80,,1,G,30,IN,3,3,3,,,Oden's,Double Mint Extreme WDP
Peppermint X-Strong WDP,"T45 Peppermint konzentriert sich auf den starken Geschmack von Pfefferminze, kommt aber gleichzeitig auch mit einem runden Geschmack von grüner Minze. Insgesamt sind sowohl Stärke als auch Weichheit in diesem Snus zu finden, der von jedem Snuser geschätzt werden kann, welcher auch einen Minz- statt nur einen reinem Pfefferminz Snus will.",Peppermint X-Strong WDP,Unisex,,,,,,,https://cdn.shopify.com/s/files/1/0072/0646/9679/products/t45-pepptermint-xstrong-white-dry-portion-front.png,,,,,3.90,,1,G,30,IN,3,3,3,,,,
,,T4-3005-1,Unisex,Title,Default Title,,,,,,,,,,3.90,,1,G,30,IN,3,3,3,,,T45,Peppermint X-Strong WDP
Cold Mint Extreme WDP,"Diese Ergänzung zum T45-Trio basiert auf Spearmint-Geschmack und wird von Pfefferminznoten vervollständigt. Mit seiner erheblichen Stärke ist dieses Produkt perfekt für einen Snuser, der sich starke, hochqualitative Minzprodukte und einen ordentlichen Nikotinkick gewöhnt ist.<br data-mce-fragment=""1""><br data-mce-fragment=""1"">T45 Cold Mint Extreme gibt dir nicht nur ein erfrischendes Geschmackserlebnis und einen ordentlichen Nikotinkick, sondern auch dieses unverwechselbare Frische-Gefühl, welches von einem gekühlten Snus ausgeht, ohne dass die Geschmäcker dabei durch eine Kühlung beeinträchtigt werden.",Cold Mint Extreme WDP,Unisex,,,,,,,https://cdn.shopify.com/s/files/1/0072/0646/9679/products/t45-cold-mint-extreme-white-dry-portion-front.png,,,,,3.90,0.00,1,G,1,IN,3,3,3,,,,
,,T4-4005-1,Unisex,Title,Default Title,,,,,,,,,,3.90,0.00,1,G,1,IN,3,3,3,,,T45,Cold Mint Extreme WDP
Extreme WDP Slim 500g Box,"<p>Soldat Extreme für die langen Tage auf dem Feld! Mit seinen unglaublichen 45 mg/g Nikotingehalt, gibt er jedem Snuser einen unverwechselbaren Kick welcher lange anhält. Unter der Lippe fühlen sich die Beutel sehr geschmeidig an und der Minz/Menthol Geschmack kommt angenehm zur Geltung. Jetzt auch in der beliebten 500g Box erhältlich!<br></p>",Extreme WDP Slim 500g Box,Unisex,,,,,,,https://cdn.shopify.com/s/files/1/0072/0646/9679/products/soldat-black-extreme-white-dry-portion-slim-500g-box.png,,,,,99.00,0.00,1,G,600000,IN,3,3,3,,,,
,,SO-3125-1,Unisex,Title,Default Title,,,,,,,,,,99.00,0.00,1,G,600000,IN,3,3,3,,,Soldat,Extreme WDP Slim 500g Box
Extreme WDP 500g Box,"<p>Soldat Extreme für die langen Tage auf dem Feld! Mit seinen unglaublichen 45 mg/g Nikotingehalt, gibt er jedem Snuser einen unverwechselbaren Kick welcher lange anhält. Unter der Lippe fühlen sich die Beutel sehr geschmeidig an und der Minz/Menthol Geschmack kommt angenehm zur Geltung. Jetzt auch in der beliebten 500g Box erhältlich!<br></p>",Extreme WDP 500g Box,Unisex,,,,,,,https://cdn.shopify.com/s/files/1/0072/0646/9679/products/soldat-black-extreme-white-dry-portion-500g-box.png,,,,,99.00,0.00,1,G,600000,IN,3,3,3,,,,
,,SO-3025-1,Unisex,Title,Default Title,,,,,,,,,,99.00,0.00,1,G,600000,IN,3,3,3,,,Soldat,Extreme WDP 500g Box
Cold WDP,"<meta charset=""utf-8"">
<div class=""item flex"">
<div class=""title"">
<div class=""info"">
<p>Chainsaw wird in Dänemark von V2 hergestellt und ist als starker White Dry Portion mit eiskaltem Minzgeschmack mit Odens zu vergleichen. Die trockenen Beutel rinnen sehr wenig und liegen angenehm unter der Lippe.</p>
</div>
</div>
</div>
<div class=""item flex""></div>",Cold WDP,Unisex,,,,,,,https://cdn.shopify.com/s/files/1/0072/0646/9679/products/chainsaw-cold-wdp.png,,,,,4.60,,1,G,30,IN,3,3,3,,,,
,,CS-1005-1,Unisex,Title,Default Title,,,,,,,,,,4.60,,1,G,30,IN,3,3,3,,,Chainsaw,Cold WDP
Cold Extreme WDP Mini,"<meta charset=""utf-8"">
<div class=""item flex"">
<div class=""title""></div>
</div>
<div class=""item flex"">
<div class=""info"">
<p>Oden's Cold Extreme WDP (White Dry Portion) ist ein eiskalter Portionssnus mit einer minzigen Frische. Ganz besonders tritt ein Geschmack von Spearmint aus dem ansonsten traditionellen, erdnahen Tabakgeschmack hervor. Oden's Cold Dry ist ein sogenannter trockener Portionssnus, der nicht rinnt und ein noch erfrischenderes Gefühl bietet als andere Snus dieser Serie. Odens zählt zusammen mit Siberia zu den beliebtesten Snusmarken der Schweiz. Ab sofort auch in der Mini Variante erhältlich!</p>
</div>
<div class=""info""></div>
<div class=""info"">
<div class=""info"">
<div class=""item flex""></div>
</div>
</div>
</div>",Cold Extreme WDP Mini,Unisex,,,,,,,https://cdn.shopify.com/s/files/1/0072/0646/9679/products/e8fd133ba81eb354ddf343e1b1b985b7.jpg,,,,,4.80,0.00,1,G,18000,IN,3,3,3,,,,
,,OD-1115-1,Unisex,Title,Default Title,,,,,,,,,,4.80,0.00,1,G,18000,IN,3,3,3,,,Oden's,Cold Extreme WDP Mini
Cold Extreme WDP Soft Pack,"<meta charset=""utf-8"">
<div class=""item flex"">
<div class=""title""></div>
</div>
<div class=""item flex"">
<div class=""info"">
<p>Oden's Cold Extreme WDP (White Dry Portion) ist ein eiskalter Portionssnus mit einer minzigen Frische. Ganz besonders tritt ein Geschmack von Spearmint aus dem ansonsten traditionellen, erdnahen Tabakgeschmack hervor. Oden's Cold Dry ist ein sogenannter trockener Portionssnus, der nicht rinnt und ein noch erfrischenderes Gefühl bietet als andere Snus dieser Serie. Odens zählt zusammen mit Siberia zu den beliebtesten Snusmarken der Schweiz. Ab sofort auch in den praktischen Soft Packs erhältlich!</p>
</div>
<div class=""info"">
<div class=""info"">
<div class=""item flex"">
<div class=""title""></div>
<div class=""title""></div>
</div>
</div>
</div>
</div>",Cold Extreme WDP Soft Pack,Unisex,,,,,,,https://cdn.shopify.com/s/files/1/0072/0646/9679/products/odens-cold-extreme-white-dry-portion-soft-packs.png,,,,,4.80,0.00,1,G,30000,IN,3,3,3,,,,
,,OD-1905-1,Unisex,Title,Default Title,,,,,,,,,,4.80,0.00,1,G,30000,IN,3,3,3,,,Oden's,Cold Extreme WDP Soft Pack
Siberia Schwarz -80 Degrees WDP Mini,"<meta charset=""utf-8""><div class=""item flex""><div class=""title""><div class=""info""><p>Den beliebten schwarzen Siberia gibt es nun auch als White Dry Portion - schöne Dose und ein gewohnt starker Nikotinkick, einfach ohne Minz-/Mentholgeschmack. Siberia Black -80 Degrees White Dry Portion ist ein trockener Portionssnus mit einem sehr deutlichen Tabakgeschmack. Dieser Snus hat einen extrem hohen Nikotingehalt und eine Portion enthält mehr als fünfmal so viel Nikotin wie normal starker Snus (8 mg/g). Wird Menschen, die Nikotin gegenüber empfindlich sind, weniger empfohlen. Siberia zählt zusammen mit Oden‘s zu den beliebtesten Snusmarken der Schweiz. </p></div></div></div><div class=""item flex""></div>",Siberia Schwarz -80 Degrees WDP Mini,Unisex,,,,,,,https://cdn.shopify.com/s/files/1/0072/0646/9679/products/siberia-black-white-dry-mini-portion.png,,,,,4.90,0.00,1,G,18000,IN,3,3,3,,,,
,,SI-4115-1,Unisex,Title,Default Title,,,,,,,,,,4.90,0.00,1,G,18000,IN,3,3,3,,,Siberia,Siberia Schwarz -80 Degrees WDP Mini
Classic Original WDP,"<p>Intensiver, kräftiger Snus mit frischem ""sibirischer"" Pfefferminze.</p>
<p>Bei den White Dry Portions von Royal Snus wird an der Stelle von Tabak eine Pflanzenart verwendet, die Damiana genannt wird. <br>Damiana ist eine Strauchpflanze, die zur Pflanzengattung der Safranmalven (turnera diffusa) gehört. Ihr natürliches Verbreitungsgebiet reicht vom südlichen Nordamerika bis nach Argentinien. Vorzugsweise gedeiht Damiana an trockenen, felsigen Standorten – etwa auf Klippen, auf Kalksteinen oder auch in Mischwäldern in Höhenlagen zwischen 500 Metern und 1950 Metern. Dazu wurde Damiana schon seit längerem auch in Mexiko als Tabakersatz verwendet.</p>",Classic Original WDP,Unisex,,,,,,,https://cdn.shopify.com/s/files/1/0072/0646/9679/products/royal-lifestyle-classic-original-wdp.jpg,,,,,7.90,0.00,1,G,36,IN,3,3,3,,,,
,,RL-1000-1,Unisex,Title,Default Title,,,,,,,,,,7.90,0.00,1,G,36,IN,3,3,3,,,Royal Lifestyle,Classic Original WDP
Classic Slim WDP,"<p>Intensiver, kräftiger Snus mit frischem ""sibirischer"" Pfefferminze.</p>
<p><span>Bei den White Dry Portions von</span><span> Royal Snus wird an der Stelle von Tabak eine Pflanzenart verwendet, die Damiana genannt wird.</span><br><span>Damiana ist eine Strauchpflanze, die zur Pflanzengattung der Safranmalven (turnera diffusa) gehört. </span><span>Ihr natürliches Verbreitungsgebiet reicht vom südlichen Nordamerika bis nach Argentinien. Vorzugsweise gedeiht Damiana an trockenen, felsigen Standorten – etwa auf Klippen, auf Kalksteinen oder auch in Mischwäldern in Höhenlagen zwischen 500 Metern und 1950 Metern. Dazu wurde Damiana schon seit längerem auch in Mexiko als Tabakersatz verwendet.</span></p>",Classic Slim WDP,Unisex,,,,,,,https://cdn.shopify.com/s/files/1/0072/0646/9679/products/royal-lifestyle-classic-slim-wdp.jpg,,,,,7.90,0.00,1,G,36,IN,3,3,3,,,,
,,RL-1010-1,Unisex,Title,Default Title,,,,,,,,,,7.90,0.00,1,G,36,IN,3,3,3,,,Royal Lifestyle,Classic Slim WDP
White Fox Double Mint AW,"<meta charset=""utf-8"">
<div class=""item flex "">
<div class=""title"">
<div class=""info"">
<div class=""info"">
<p>Unter der Marke White Fox vertreibt der Produzent von <a href=""https://snushus.ch/collections/odens"" title=""Oden's"">Oden's</a> und <a href=""https://snushus.ch/collections/siberia"" title=""Siberia"">Siberia </a>(GN Tobacco) seine All White Portionsbeutel. Der White Fox Double Mint kommt mit einem frischen Geschmack nach Minze und Menthol im Slim Beutel.</p>
<p> </p>
<p><span>Auf aromatisierter Zellulosebasis und völlig frei von Tabak kommen auch die</span><span> White Fox </span><span>Beutel im Slim Format. Ohne Tabak bedeutet ohne gewöhnungsbedürftigen Tabakgeruch sowie ohne jegliche Tabakschadstoffe - aktuell gibt es weltweit keine weniger schädliche Art, Nikotin zu konsumieren. All White Snus / Nicotine Pouches bietet sich deshalb vor allem Rauchern an, welche mit Rauchentwöhnung wie Nikotinpflaster, Nikotinkaugummi oder Nikotinspray nichts anfangen können.</span></p>
</div>
</div>
</div>
</div>
<div class=""item flex ""></div>",White Fox Double Mint AW,Unisex,,,,,,,https://cdn.shopify.com/s/files/1/0072/0646/9679/products/white-fox-double-mint-all-white.png,,,,,5.20,,1,G,30,IN,3,3,3,,,,
,,WF-3005-1,Unisex,Title,Default Title,,,,,,,,,,5.20,,1,G,30,IN,3,3,3,,,White Fox,White Fox Double Mint AW
White Fox AW,"<meta charset=""utf-8"">
<div class=""item flex "">
<div class=""title"">
<div class=""info"">
<div class=""info"">
<p>Unter der Marke White Fox vertreibt der Produzent von <a href=""https://snushus.ch/collections/odens"" title=""Oden's"">Oden's</a> und <a href=""https://snushus.ch/collections/siberia"" title=""Siberia"">Siberia </a>(GN Tobacco) seine All White Portionsbeutel. Der White Fox kommt mit einem eisigen Minzgeschmack im Slim Beutel.</p>
<p> </p>
<p>Auf aromatisierter Zellulosebasis und völlig frei von Tabak kommen auch die White Fox Beutel im Slim Format. Ohne Tabak bedeutet ohne gewöhnungsbedürftigen Tabakgeruch sowie ohne jegliche Tabakschadstoffe - aktuell gibt es weltweit keine weniger schädliche Art, Nikotin zu konsumieren. All White Snus / Nicotine Pouches bietet sich deshalb vor allem Rauchern an, welche mit Rauchentwöhnung wie Nikotinpflaster, Nikotinkaugummi oder Nikotinspray nichts anfangen können.</p>
</div>
</div>
</div>
</div>
<div class=""item flex ""></div>",White Fox AW,Unisex,,,,,,,https://cdn.shopify.com/s/files/1/0072/0646/9679/products/white-fox-all-white.png,,,,,5.20,,1,G,30,IN,3,3,3,,,,
,,WF-1005-1,Unisex,Title,Default Title,,,,,,,,,,5.20,,1,G,30,IN,3,3,3,,,White Fox,White Fox AW
White Fox Full Charge AW,"<meta charset=""utf-8"">
<div class=""item flex "">
<div class=""title"">
<div class=""info"">
<div class=""info"">
<p>Unter der Marke White Fox vertreibt der Produzent von <a href=""https://snushus.ch/collections/odens"" title=""Oden's"">Oden's</a> und <a href=""https://snushus.ch/collections/siberia"" title=""Siberia"">Siberia </a>(GN Tobacco) seine All White Portionsbeutel. Der White Fox Full Charge kommt mit einem eisigen Minzgeschmack im grossen Beutel.</p>
<p> </p>
<p> <span>Auf aromatisierter Zellulosebasis und völlig frei von Tabak kommen auch die</span><span> White Fox </span><span>Beutel im Slim Format. Ohne Tabak bedeutet ohne gewöhnungsbedürftigen Tabakgeruch sowie ohne jegliche Tabakschadstoffe - aktuell gibt es weltweit keine weniger schädliche Art, Nikotin zu konsumieren. All White Snus / Nicotine Pouches bietet sich deshalb vor allem Rauchern an, welche mit Rauchentwöhnung wie Nikotinpflaster, Nikotinkaugummi oder Nikotinspray nichts anfangen können.</span></p>
</div>
</div>
</div>
</div>
<div class=""item flex ""></div>",White Fox Full Charge AW,Unisex,,,,,,,https://cdn.shopify.com/s/files/1/0072/0646/9679/products/white-fox-full-charge-all-white.png,,,,,5.20,,1,G,30,IN,3,3,3,,,,
,,WF-2005-1,Unisex,Title,Default Title,,,,,,,,,,5.20,,1,G,30,IN,3,3,3,,,White Fox,White Fox Full Charge AW
Black Edition AW,"<meta charset=""utf-8"">
<div class=""item flex"">
<div class=""title"">
<div class=""info"">
<div class=""info"">
<p>Unter der Marke White Fox vertreibt der Produzent von <a href=""https://snushus.ch/collections/odens"" title=""Oden's"">Oden's</a> und <a href=""https://snushus.ch/collections/siberia"" title=""Siberia"">Siberia </a>(GN Tobacco) seine All White Portionsbeutel. Der White Fox kommt mit einem eisigen Minzgeschmack im Slim Beutel.</p>
<p> </p>
<p>Auf aromatisierter Zellulosebasis und völlig frei von Tabak kommen auch die White Fox Beutel im Slim Format. Ohne Tabak bedeutet ohne gewöhnungsbedürftigen Tabakgeruch sowie ohne jegliche Tabakschadstoffe - aktuell gibt es weltweit keine weniger schädliche Art, Nikotin zu konsumieren. All White Snus / Nicotine Pouches bietet sich deshalb vor allem Rauchern an, welche mit Rauchentwöhnung wie Nikotinpflaster, Nikotinkaugummi oder Nikotinspray nichts anfangen können.</p>
</div>
</div>
</div>
</div>
<div class=""item flex""></div>",Black Edition AW,Unisex,,,,,,,https://cdn.shopify.com/s/files/1/0072/0646/9679/products/32d9dcfa3a31396d441e599e0cd7dd38.jpg,,,,,5.20,0.00,1,G,30000,IN,3,3,3,,,,
,,WF-5005-1,Unisex,Title,Default Title,,,,,,,,,,5.20,0.00,1,G,30000,IN,3,3,3,,,White Fox,Black Edition AW
Peppermint AW,"<meta charset=""utf-8"">
<div class=""item flex"">
<div class=""title"">
<div class=""info"">
<div class=""info"">
<p>Unter der Marke White Fox vertreibt der Produzent von <a href=""https://snushus.ch/collections/odens"" title=""Oden's"">Oden's</a> und <a href=""https://snushus.ch/collections/siberia"" title=""Siberia"">Siberia </a>(GN Tobacco) seine All White Portionsbeutel. Der White Fox kommt mit einem eisigen Minzgeschmack im Slim Beutel.</p>
<p> </p>
<p>Auf aromatisierter Zellulosebasis und völlig frei von Tabak kommen auch die White Fox Beutel im Slim Format. Ohne Tabak bedeutet ohne gewöhnungsbedürftigen Tabakgeruch sowie ohne jegliche Tabakschadstoffe - aktuell gibt es weltweit keine weniger schädliche Art, Nikotin zu konsumieren. All White Snus / Nicotine Pouches bietet sich deshalb vor allem Rauchern an, welche mit Rauchentwöhnung wie Nikotinpflaster, Nikotinkaugummi oder Nikotinspray nichts anfangen können.</p>
</div>
</div>
</div>
</div>
<div class=""item flex""></div>",Peppermint AW,Unisex,,,,,,,https://cdn.shopify.com/s/files/1/0072/0646/9679/products/fe93b5a36240d50c4d88c4598d1928d1.jpg,,,,,5.20,0.00,1,G,30000,IN,3,3,3,,,,
,,WF-4005-1,Unisex,Title,Default Title,,,,,,,,,,5.20,0.00,1,G,30000,IN,3,3,3,,,White Fox,Peppermint AW
Cold Extreme WP,"<meta charset=""utf-8"">
<div class=""item flex "">
<div class=""title""></div>
</div>
<div class=""item flex "">
<div class=""info"">
<p>Oden's Cold Extreme White Portion ist ein Portionssnus mit einem süssen Minzgeschmack und viel Nikotin. Das Tabakaroma ist hervorstechend und verleiht dem Snus einen traditionellen Geschmack, zusammen mit der Minze. <span>Zusammen mit </span><a href=""https://snushus.ch/collections/siberia"" title=""Siberia"">Siberia<span> </span></a><span>gehört Oden´s zu den beliebtesten Snus-Marken. </span><span>Bei Fragen, Wünschen oder Anregungen </span><span>kannst du </span><span>uns </span><span>gerne auf der </span><span></span><a href=""https://snushus.ch/pages/kontakt"" title=""Kontakt"">Kontaktseite</a><span> s</span><span>chreiben</span><span>.</span></p>
</div>
<div class=""info"">
<div class=""info"">
<div class=""item flex "">
<div class=""title""></div>
<div class=""title""></div>
</div>
</div>
</div>
</div>",Cold Extreme WP,Unisex,,,,,,,https://cdn.shopify.com/s/files/1/0072/0646/9679/products/odens-white-portion.png,,,,,4.80,,1,G,30,IN,3,3,3,,,,
,,OD-2005-1,Unisex,Title,Default Title,,,,,,,,,,4.80,,1,G,30,IN,3,3,3,,,Oden's,Cold Extreme WP
Cold Extreme WP - Slim,"<meta charset=""utf-8"">
<div class=""item flex"">
<div class=""title""></div>
</div>
<div class=""item flex"">
<div class=""info"">
<div class=""info"">
<p><span>Odens Cold Extreme Slim White Portion ist ein kraftvoller und starker Snus mit kühlen Aromen von echten Minzölen. Der Nikotingehalt beträgt 22 mg / g und die schlanken Portionen sind etwas kleiner und schmecken lange.</span></p>
</div>
<div class=""info"">
<div class=""info"">
<div class=""item flex""></div>
</div>
</div>
</div>
<div class=""info"">
<div class=""item flex""></div>
</div>
</div>",Cold Extreme WP - Slim,Unisex,,,,,,,https://cdn.shopify.com/s/files/1/0072/0646/9679/products/odens-white-slim-portion.png,,,,,4.60,,1,G,20,IN,3,3,3,,,,
,,OD-2015-1,Unisex,Title,Default Title,,,,,,,,,,4.60,,1,G,20,IN,3,3,3,,,Oden's,Cold Extreme WP - Slim
Melon WP - Slim,"<meta charset=""utf-8"">
<div class=""item flex "">
<div class=""title""></div>
</div>
<div class=""item flex "">
<div class=""info"">
<div class=""info"">
<p>Jakobssons Melon Slim White Dry Portion Snus ist ein geschmacksintensiver Snus, der trotz trockener, weisser Beutel durch seinen aromatischen Melonen-Geschmack überzeugt. Durch seinen niedrigen Feuchtigkeitsgehalt und dem hohen Nikotingehalt von 14 mg/g, ist er ein wahres Snus Erlebnis. Eine Dose beinhaltet 20 Beutel.</p>
</div>
<div class=""info"">
<div class=""info"">
<div class=""item flex ""></div>
</div>
</div>
</div>
<div class=""info"">
<div class=""item flex ""></div>
</div>
</div>",Melon WP - Slim,Unisex,,,,,,,https://cdn.shopify.com/s/files/1/0072/0646/9679/products/jakobssons-melon-white-slim-portion.png,,,,,4.60,,1,G,30,IN,3,3,3,,,,
,,JK-1015-1,Unisex,Title,Default Title,,,,,,,,,,4.60,,1,G,30,IN,3,3,3,,,Jakobssons,Melon WP - Slim
Blau -80 Degrees WP - Slim,"<meta charset=""utf-8"">
<div class=""item flex "">
<div class=""title"">
<div class=""info"">
<div class=""info"">
<p>Siberia White Portion ist ein starker Snus mit hohem Nikotingehalt und Minzgeschmack. Der Snus hat einen Nikotingehalt von 24 mg/g und es gibt ihn nun auch in der Portionsform zu kaufen. Der Snus hat einen würzigen Geschmack nach Minze, der lange anhält. Der hohe Nikotingehalt wird durch einen hohen Feuchtigkeitsgehalt von 45 % ausgeglichen, was unüblich ist für starke Snus-Sorten. Wie auch <a href=""https://snushus.ch/collections/odens"" title=""Oden´s"">Oden´s</a> gehört Siberia zu den beliebtesten Marken auf dem Markt. Bei Fragen, Wünschen oder Anregungen kannst du uns gerne auf der <a href=""https://snushus.ch/pages/kontakt"" title=""Kontakt"">Kontaktseite </a>schreiben. </p>
</div>
<div class=""info"">
<div class=""info"">
<div class=""item flex "">
<div class=""title""></div>
</div>
</div>
</div>
</div>
</div>
</div>",Blau -80 Degrees WP - Slim,Unisex,,,,,,,https://cdn.shopify.com/s/files/1/0072/0646/9679/products/siberia-blue-white-slim-portion.png,,,,,5.20,0.00,1,G,30,IN,3,3,3,,,,
,,SI-2015-1,Unisex,Title,Default Title,,,,,,,,,,5.20,0.00,1,G,30,IN,3,3,3,,,Siberia,Blau -80 Degrees WP - Slim
XRANGE Strong WP Slim,"<meta charset=""utf-8"">
<div class=""item flex"">
<div class=""title""></div>
</div>
<div class=""item flex"">
<div class=""info"">
<p>Göteborgs Rapé ist ein absoluter Klassiker aus Schweden und wird dort seit mehr als 100 Jahren hergestellt. Heller Tabakgeschmack mit Spuren von Citrus und Lavendel tragen zum unverwechselbaren Geschmack dieses Produkts bei. Als neu entwickelte White Slim Portion ist dieser Snus trocken und rinnt wenig - ohne dabei an Geschmack einzubüssen.</p>
</div>
<div class=""info""></div>
</div>",XRANGE Strong WP Slim,Unisex,,,,,,,https://cdn.shopify.com/s/files/1/0072/0646/9679/products/goteborgs-rape-xrange-strong-white-portion.png,,,,,5.20,,1,G,30,IN,3,3,3,,,,
,,GR-2015-1,Unisex,Title,Default Title,,,,,,,,,,5.20,,1,G,30,IN,3,3,3,,,Göteborgs Rapé,XRANGE Strong WP Slim
Strong Cola,"<meta charset=""utf-8"">
<div class=""item flex"">
<div class=""title""></div>
</div>
<div class=""item flex"">
<div class=""info"">
<div class=""info"">
<p>Mit einer Mischung von intensivem Cola-Geschmack und traditionellem Snus, bietet dieser Snus für alle Snus-Liebhaber etwas! Es ist ein trockener White Portion Snus und die Beutel kommen in dieser Variante im Slim Format. Mit gemässigten 14 mg/g Nikotin ist es ein angenehmer Snus für den alltäglichen Gebrauch.</p>
</div>
<div class=""info"">
<div class=""info"">
<div class=""item flex""></div>
</div>
</div>
</div>
<div class=""info"">
<div class=""item flex""></div>
</div>
</div>",Strong Cola,Unisex,,,,,,,https://cdn.shopify.com/s/files/1/0072/0646/9679/products/jakobssons-strong-cola-white-portion.png,,,,,4.60,,1,G,30,IN,3,3,3,,,,
,,JK-2015-1,Unisex,Title,Default Title,,,,,,,,,,4.60,,1,G,30,IN,3,3,3,,,Jakobssons,Strong Cola
Soldat WP,"<meta charset=""utf-8"">
<div class=""item flex "">
<div class=""title""></div>
</div>
<div class=""item flex "">
<div class=""info"">
<p>Ein Snus mit klarem und frischem Geschmack. Er erhebt sich nicht, ist nicht aufdringlich und beeinträchtigt nicht Ihre Geschmacksknospen. Der Soldat ist da. Sicher, stabil und zur richtigen Zeit am richtigen Ort.</p>
</div>
<div class=""info"">
<div class=""info""></div>
</div>
</div>",Soldat WP,Unisex,,,,,,,https://cdn.shopify.com/s/files/1/0072/0646/9679/products/soldat-white-portion.png,,,,,3.90,,1,G,30,IN,3,3,3,,,,
,,SO-1005-1,Unisex,Title,Default Title,,,,,,,,,,3.90,,1,G,30,IN,3,3,3,,,Soldat,Soldat WP
Double Mint Extreme WP,"<meta charset=""utf-8"">
<div class=""item flex "">
<div class=""title""></div>
</div>
<div class=""item flex "">
<div class=""info"">
<div class=""info"">
<p>Oden's Double Mint Extreme Portion ist ein sehr hoher Nikotin-Snack. Der Geschmack, der während der Verwendung erscheint, ist scharf und der Pfefferminze zuliebe. Zusammen mit <a href=""https://snushus.ch/collections/siberia"" title=""Siberia"">Siberia </a>gehört Oden´s zu den beliebtesten Snus-Marken. <span>Bei Fragen, Wünschen oder Anregungen </span><span>kannst du </span><span>uns </span><span>gerne auf der </span><span></span><a href=""https://snushus.ch/pages/kontakt"" title=""Kontakt"">Kontaktseite</a><span> s</span><span>chreiben</span><span>.</span></p>
</div>
<div class=""info"">
<div class=""info"">
<div class=""item flex "">
<div class=""title""></div>
</div>
</div>
</div>
</div>
<div class=""info"">
<div class=""info""></div>
</div>
</div>",Double Mint Extreme WP,Unisex,,,,,,,https://cdn.shopify.com/s/files/1/0072/0646/9679/products/odens-double-mint-white-portion.png,,,,,4.80,,1,G,30,IN,3,3,3,,,,
,,OD-3005-1,Unisex,Title,Default Title,,,,,,,,,,4.80,,1,G,30,IN,3,3,3,,,Oden's,Double Mint Extreme WP
Onyx WP,"<meta charset=""utf-8"">
<div class=""item flex "">
<div class=""title"">
<div class=""info"">
<p><span>General Onyx White Portion - ein absoluter Klassiker und Premium Snus. Der Name ist etwas verwirrend, da dieses Produkt zwar als White Portion gilt; die Beutel sind aber als einziges Produkt auf dem Markt komplett schwarz, weil anstelle von klassischem Papier ein schwarzes Papier verwendet wird. Ausser der optischen Auffälligkeit ergibt sich aber kein Unterschied zu normalen White Portion Snus.</span></p>
<p><span>Mit dem Design der Dose, dem rustikalen Tabakgeschmack und den ringförmig angeordneten Beutel gehört General Onyx zu den wahrscheinlich besten Snusprodukten auf dem Markt.</span></p>
</div>
</div>
</div>
<div class=""item flex ""></div>",Onyx WP,Unisex,,,,,,,https://cdn.shopify.com/s/files/1/0072/0646/9679/products/general-onyx-silver-white-portion.png,,,,,5.20,,1,G,30,IN,3,3,3,,,,
,,GE-2005-1,Unisex,Title,Default Title,,,,,,,,,,5.20,,1,G,30,IN,3,3,3,,,General,Onyx WP
XRANGE Strong WP Slim,"<meta charset=""utf-8"">
<div class=""item flex"">
<div class=""title"">
<div class=""info"">
<p>Der XRANGE General Slim Strong White ist ein Klassiker vom Hersteller Swedish Match, welcher immer für hohe Qualität steht. Dieser Snus ist hell und trocken auf der Aussenseite des Beutels und rinnt damit sehr wenig. Auf der Innenseite ist der Snus angenehm feucht und erlaubt damit die Wahrnehmung vom würzigen Tabakgeschmack mit Spuren von Citrus und Bergamotte sowie Tee. </p>
</div>
</div>
</div>
<div class=""item flex""></div>",XRANGE Strong WP Slim,Unisex,,,,,,,https://cdn.shopify.com/s/files/1/0072/0646/9679/products/general-xrange-strong-white-portion.png,,,,,5.20,,1,G,30,IN,3,3,3,,,,
,,GE-3015-1,Unisex,Title,Default Title,,,,,,,,,,5.20,,1,G,30,IN,3,3,3,,,General,XRANGE Strong WP Slim
Fresh Ultra Stark WP No.05 - Slim,"<meta charset=""utf-8"">
<div class=""item flex"">
<div class=""title""></div>
</div>
<div class=""item flex"">
<div class=""info"">
<p><span>Skruf Slim Fresh Ultra Stark White Portion ist ein starker Snus mit Minz-Geschmack; stärker als andere Skruf Produkte. Als Slim Beutel liegt er angenehm unter der Lippe und gibt so den klassischen Minz-Geschmack ab. Aufgrund der Stärke empfiehlt sich dieses Produkt weniger für empfindliche Snuser.</span><br><span></span></p>
</div>
<div class=""info"">
<div class=""info"">
<div class=""item flex"">
<div class=""title""><span>Der Artikel erscheint in einem neuen Design, hat jedoch die selbe Rezeptur wie der alt bekannte Fresh Ultra Stark WP - Slim</span></div>
</div>
</div>
</div>
</div>",Fresh Ultra Stark WP No.05 - Slim,Unisex,,,,,,,https://cdn.shopify.com/s/files/1/0072/0646/9679/products/FreshUltraStarkWP-Slim.png,,,,,5.20,,1,G,30,IN,3,3,3,,,,
,,SK-7005-1,Unisex,Title,Default Title,,,,,,,,,,5.20,,1,G,30,IN,3,3,3,,,Skruf,Fresh Ultra Stark WP No.05 - Slim
Blau -80 Degrees WP,"<meta charset=""utf-8"">
<div class=""item flex"">
<div class=""title"">
<div class=""info"">
<div class=""info"">
<p>Siberia White Portion ist ein starker Snus mit hohem Nikotingehalt und Minzgeschmack. Der Snus hat einen Nikotingehalt von 24 mg/g und es gibt ihn nun auch in der Portionsform zu kaufen. Der Snus hat einen würzigen Geschmack nach Minze, der lange anhält. Der hohe Nikotingehalt wird durch einen hohen Feuchtigkeitsgehalt von 45 % ausgeglichen, was unüblich ist für starke Snus-Sorten. Siberia gehört zusammen zu <a title=""Oden´s"" href=""https://snushus.ch/collections/odens"">Oden´s</a> zu den beliebtesten Snus-Marken. <span>Bei Fragen, Wünschen oder Anregungen </span><span>kannst du </span><span>uns </span><span>gerne auf der </span><span></span><a title=""Kontakt"" href=""https://snushus.ch/pages/kontakt"">Kontaktseite</a><span> s</span><span>chreiben</span><span>.</span></p>
</div>
<div class=""info"">
<div class=""info"">
<div class=""item flex""></div>
</div>
</div>
</div>
<div class=""info""></div>
<div class=""info"">
<div class=""info"">
<div class=""item flex""></div>
</div>
</div>
</div>
</div>
<div class=""item flex""></div>",Blau -80 Degrees WP,Unisex,,,,,,,https://cdn.shopify.com/s/files/1/0072/0646/9679/products/siberia-blue-white-portion.png,,,,,5.20,,1,G,30,IN,3,3,3,,,,
,,SI-2005-1,Unisex,Title,Default Title,,,,,,,,,,5.20,,1,G,30,IN,3,3,3,,,Siberia,Blau -80 Degrees WP
Morgondagg WP,"<meta charset=""utf-8"">
<div class=""item flex "">
<div class=""title""></div>
</div>
<div class=""item flex "">
<div class=""info"">
<p>Im Kurbits Morgondagg (Morgentau) finden wir die Düfte und Erwartungen eines milden Mittsommermorgens. Blumen, Süße, Lakritz und eine vertraute Kühle von einem Morgen, der nicht wirklich von den Sonnenstrahlen erwärmt wurde. Der Tabak wurde gemischt und verarbeitet, um sich leicht, ansprechend und frisch anzufühlen.</p>
</div>
<div class=""info"">
<div class=""info""></div>
</div>
</div>",Morgondagg WP,Unisex,,,,,,,https://cdn.shopify.com/s/files/1/0072/0646/9679/products/kurbits-morgondagg-white-portion.png,,,,,3.90,,1,G,30,IN,3,3,3,,,,
,,KU-1005-1,Unisex,Title,Default Title,,,,,,,,,,3.90,,1,G,30,IN,3,3,3,,,Kurbits,Morgondagg WP
Xtra Stark WP No.24,"<meta charset=""utf-8"">
<div class=""item flex"">
<div class=""title""></div>
</div>
<div class=""item flex"">
<div class=""info"">
<p><span></span><span>Skruf Xtra Stark White Portion ist ein starker Snus mit klassischem Tabakgeschmack - und deshalb Liebhabern zu empfehlen. Hergestellt wird dieser Snus von Skruf in Schweden und gehört zu den beliebtesten Produkten des Konzerns.</span></p>
<p> </p>
<p><span>Der Artikel erscheint in einem neuen Design, hat jedoch die selbe Rezeptur wie der alt bekannte Skruf Xtra Stark WP</span></p>
</div>
<div class=""info"">
<div class=""info"">
<div class=""item flex"">
<div class=""title""><br></div>
</div>
</div>
</div>
</div>",Xtra Stark WP No.24,Unisex,,,,,,,https://cdn.shopify.com/s/files/1/0072/0646/9679/products/skrufXtraStarkWhite.png,,,,,5.20,,1,G,30,IN,3,3,3,,,,
,,SK-6005-1,Unisex,Title,Default Title,,,,,,,,,,5.20,,1,G,30,IN,3,3,3,,,Skruf,Xtra Stark WP No.24
Fäbodsnus WP,"<meta charset=""utf-8"">
<div class=""item flex "">
<div class=""title""></div>
</div>
<div class=""item flex "">
<div class=""info"">
<p>Der Kurbits Fäbodsnus (Bauernhof-Snus) vereint die traditionellen Aromen und Düfte der Älteren Generationen des Snushandwerks. Ein klarer Geschmack aus rustikalem Tabak trifft auf sonnenverwöhnte Blumenwiesen und klare Noten von Süsse und Vanille. Die nüchternen, aber auch praktischen Gegebenheiten der Landwirtschaft und ihre abegehärteten Besitzer geben die Inspiration für einen Snus mit einem sehr ausgeprägten Geschmack und Geruch.</p>
</div>
<div class=""info"">
<div class=""info""></div>
</div>
</div>",Fäbodsnus WP,Unisex,,,,,,,https://cdn.shopify.com/s/files/1/0072/0646/9679/products/kurbits-fabodsnus-white-portion.png,,,,,3.90,,1,G,30,IN,3,3,3,,,,
,,KU-2005-1,Unisex,Title,Default Title,,,,,,,,,,3.90,,1,G,30,IN,3,3,3,,,Kurbits,Fäbodsnus WP
Stockholm WP,"<meta charset=""utf-8"">
<div class=""item flex"">
<div class=""title""></div>
</div>
<div class=""item flex"">
<div class=""info"">
<p>NEU! Stockholm ist die neuste Kreation von Kurbits und besticht mit hochwertigen Rohstoffen - beim Tabak werden nur Premiumsorten verwendet die exklusiv mit schwedischen Citrus-, Blumen- und Lakritze-Aromen angereichert werden. Eine vollendete schwedische Snus-Kreation mit Zufriedenheitsgarantie für alle Snus-Feinschmecker!</p>
</div>
<div class=""info"">
<div class=""info""></div>
</div>
</div>",Stockholm WP,Unisex,,,,,,,https://cdn.shopify.com/s/files/1/0072/0646/9679/products/stockholm-white-portion.png,,,,,5.90,,1,G,30,IN,3,3,3,,,,
,,ST-1005-1,Unisex,Title,Default Title,,,,,,,,,,5.90,,1,G,30,IN,3,3,3,,,Stockholm,Stockholm WP
Soldat Vinter WP,"<meta charset=""utf-8"">
<div class=""item flex "">
<div class=""title""></div>
</div>
<div class=""item flex "">
<div class=""info"">
<p>Soldat Winter gibt ein cooles Gefühl, wird aber mit klaren und frischen Tönen aufgehellt. Sorgfältig ausgewählter Tabak, der die schwere Erdigkeit fernhält, wirkt mit einer sehr ausgewogenen Geschmackspalette und verleiht Ihnen ein außergewöhnliches Snuserlebnis</p>
</div>
<div class=""info"">
<div class=""info""></div>
</div>
</div>",Soldat Vinter WP,Unisex,,,,,,,https://cdn.shopify.com/s/files/1/0072/0646/9679/products/soldat-vinter-white-portion.png,,,,,3.90,,1,G,30,IN,3,3,3,,,,
,,SO-2005-1,Unisex,Title,Default Title,,,,,,,,,,3.90,,1,G,30,IN,3,3,3,,,Soldat,Soldat Vinter WP
Super Strong Spearmint WP,"<meta charset=""utf-8"">
<div class=""item flex"">
<div class=""title"">
<div class=""info"">
<p>General Super Strong Spearmint WP - Ein moderner Klassiker mit würzigem Tabak und einem klaren Geschmack von Minze. Ein frisches, starkes und kompromissloses Tabakerlebnis, das auf stolzer Tradition und Handwerkskunst aufbaut. Ein weicher und würziger Tabakgeschmack mit deutlichen Noten von Minze, zusammen mit einem Hauch von grünen Kräutern und Eukalyptus.</p>
</div>
</div>
</div>
<div class=""item flex""></div>",Super Strong Spearmint WP,Unisex,,,,,,,https://cdn.shopify.com/s/files/1/0072/0646/9679/products/general-super-strong-spearmint-wp.png,,,,,7.90,0.00,1,G,35000,IN,3,3,3,,,,
,,GE-8005-1,Unisex,Title,Default Title,,,,,,,,,,7.90,0.00,1,G,35000,IN,3,3,3,,,General,Super Strong Spearmint WP
Mint WP Slim,"Am Gipfel angekommen erstreckt sich vor dir das atemberaubende Bergpanorama der Schweizer Alpen. Zu deinen Füssen liegt ein unberührter Tiefschneehang. Nur ein kleiner Drop und das rauschende Gefühl von Freiheit und purer Lebensfreude durchzieht deinen ganzen Körper. Inspiriert von Momenten wie diesen, hat die Leaf Bakery an einer Rezeptur gefeilt, welche die Frische der Schweizer Bergluft mit einem Hauch von Minze kombiniert. Mit dem TRIFT Mint intensivierst Du jedes deiner ganz persönlichen Abenteuer! Enjoy the ride!",Mint WP Slim,Unisex,,,,,,,https://cdn.shopify.com/s/files/1/0072/0646/9679/products/1639499460844876_trift-mint-white-portion-slim.jpg,,,,,7.90,6.90,1,G,1,IN,3,3,3,,,,
,,TR-2005-1,Unisex,Title,Default Title,,,,,,,,,,7.90,6.90,1,G,1,IN,3,3,3,,,TRIFT,Mint WP Slim
Lemon WP,"<meta charset=""utf-8"">
<div class=""item flex"">
<div class=""title""></div>
</div>
<div class=""item flex"">
<div class=""info"">
<p>GN Tobacco kann auch anders! Mit dem Oden's Lemon White Portion wird der Tabak ausgezeichnet mit einem Citrus-Aroma vermischt. Das Produkt kommt mit 9 mg/g Nikotin in normalgrossen Portionen.</p>
</div>
<div class=""info""></div>
<div class=""info"">
<div class=""info"">
<div class=""item flex""></div>
</div>
</div>
</div>",Lemon WP,Unisex,,,,,,,https://cdn.shopify.com/s/files/1/0072/0646/9679/products/odens-lemon-white-portion.png,,,,,4.80,0.00,1,G,1,IN,3,3,3,,,,
,,OD-8005-1,Unisex,Title,Default Title,,,,,,,,,,4.80,0.00,1,G,1,IN,3,3,3,,,Oden's,Lemon WP
Crushed Ice WP,"<meta charset=""utf-8"">
<div class=""item flex"">
<div class=""title"">
<div class=""info"">
<p>Der Klassiker schlechthin von Nick &amp; Johnny! Der Crushed Ice White Portion kommt mit einer Minz, Menthol-Frische welche in Schweden auf grossen Anklang stösst. Von Swedish Matach produziert kommt dieser White Portion Snus mit 12 mg/g Nikotin.</p>
</div>
</div>
</div>
<div class=""item flex""></div>",Crushed Ice WP,Unisex,,,,,,,https://cdn.shopify.com/s/files/1/0072/0646/9679/products/1636553557380422_nick-johnny-crushed-ice-xtra-strong-white-portion.jpg,,,,,5.90,0.00,1,G,1,IN,3,3,3,,,,
,,NJ-3005-1,Unisex,Title,Default Title,,,,,,,,,,5.90,0.00,1,G,1,IN,3,3,3,,,Nick & Johnny,Crushed Ice WP
Classic WP,"<meta charset=""utf-8"">
<div class=""item flex"">
<div class=""title"">
<div class=""info"">
<p>General Classic - Der original schwedische Snus seit 1866. Bauen Sie auf stolze Traditionen und Handwerkskunst. Dies ist die Nummer eins unter den Premium-Snus, hergestellt aus ausgewählten Tabakblättern, um die höchstmögliche Qualität zu erreichen. Ein würziger Tabakgeschmack mit Noten von Bergamotte und Anklängen von Tee, Heu und Leder.</p>
</div>
</div>
</div>
<div class=""item flex""></div>",Classic WP,Unisex,,,,,,,https://cdn.shopify.com/s/files/1/0072/0646/9679/products/general-classic-wp.png,,,,,7.90,0.00,1,G,40000,IN,3,3,3,,,,
,,GE-5005-1,Unisex,Title,Default Title,,,,,,,,,,7.90,0.00,1,G,40000,IN,3,3,3,,,General,Classic WP
Blå WP,"Die One-Serie von Swedish Match soll die Klassiker ehren: Inspiert von Göteborgs Rapé wurde der ONE Blå White Portion entwickelt. Der Geschmack kommt mit einer Note von Wacholder, wobei der traditionelle Tabakgeschmack nicht zu kurz kommt. Dieser Snus hat eine Stärke von 13 mg/g Nikotin.",Blå WP,Unisex,,,,,,,https://cdn.shopify.com/s/files/1/0072/0646/9679/products/one-bla-white-portion.png,,,,,4.90,0.00,1,G,1,IN,3,3,3,,,,
,,OE-3005-1,Unisex,Title,Default Title,,,,,,,,,,4.90,0.00,1,G,1,IN,3,3,3,,,ONE,Blå WP
Lavender WP Slim,"Sei es bei einem Aperitivo auf der Piazza Grande in Locarno bei Sonnenschein oder beim Faulenzen auf den heissen, rund geschliffenen Steinen des Verzascatals: Das dolce far niente südlich der Alpen hat etwas magisches. Diese Magie hat die Leaf Bakery in einem blumigen, fruchtigen und mit Kräutern angereicherten Snus einfangen. Der TRIFT Lavender verkörpert Leichtigkeit, puren Genuss und Lebensfreude. Ein Snus für die sonnigen Tage im Leben!",Lavender WP Slim,Unisex,,,,,,,https://cdn.shopify.com/s/files/1/0072/0646/9679/products/1639499494172943_trift-lavender-white-portion-slim.jpg,,,,,7.90,6.90,1,G,1,IN,3,3,3,,,,
,,TR-3005-1,Unisex,Title,Default Title,,,,,,,,,,7.90,6.90,1,G,1,IN,3,3,3,,,TRIFT,Lavender WP Slim
Super Strong Eucalyptus WP,"<meta charset=""utf-8"">
<div class=""item flex"">
<div class=""title"">
<div class=""info"">
<p>General Super Strong Eucalyptus WP - Ein moderner Klassiker mit würzigem Tabak und einem klaren Geschmack von Eukalyptus und Pfefferminze. Ein kompromissloses Tabakerlebnis, das auf stolzer Tradition und Handwerkskunst aufbaut. Ein milder und würziger Tabakgeschmack mit deutlichen Noten von Eukalyptus und Pfefferminze.</p>
</div>
</div>
</div>
<div class=""item flex""></div>",Super Strong Eucalyptus WP,Unisex,,,,,,,https://cdn.shopify.com/s/files/1/0072/0646/9679/products/general-super-strong-eucalyptus-wp.png,,,,,7.90,0.00,1,G,35000,IN,3,3,3,,,,
,,GE-7005-1,Unisex,Title,Default Title,,,,,,,,,,7.90,0.00,1,G,35000,IN,3,3,3,,,General,Super Strong Eucalyptus WP
Raw WP Slim,"<p>Bei diesem Snus hat sich die Leaf Bakery ganz an den traditionsreichen Rezepturen aus dem hohen Norden orientiert. Der Leaf Bakery ist es gelungen, einen hochqualitativen und traditionellen Snus mit hervorragendem Geschmack herzustellen. Wenn Du auf der Suche nach einer klassischen Snus-Variante bist, dann ist der TRIFT Raw genau das richtige für Dich. Trift Raw ist mit Sicherheit der beste Snus aus heimischer Produktion!<br></p>",Raw WP Slim,Unisex,,,,,,,https://cdn.shopify.com/s/files/1/0072/0646/9679/products/1639499405723941_trift-raw-white-portion-slim.jpg,,,,,7.90,6.90,1,G,1,IN,3,3,3,,,,
,,TR-1005-1,Unisex,Title,Default Title,,,,,,,,,,7.90,6.90,1,G,1,IN,3,3,3,,,TRIFT,Raw WP Slim
Grön WP,"<meta charset=""utf-8"">
<div class=""item flex"">
<div class=""title"">
<div class=""info"">
<p>Die One-Serie von Swedish Match soll die Klassiker ehren: Der ONE Grön White Portion Snus riecht nach feinen Früchten, Beeren, Kräutern und erinnert dabei an die schwedischen Wälder. Der ""Grüne"" der One-Serie ist dabei ebenfalls an den klassiker Göteborgs Rapé angelehnt und kommt mit 13 mg/g Nikotin.</p>
</div>
</div>
</div>
<div class=""item flex""></div>",Grön WP,Unisex,,,,,,,https://cdn.shopify.com/s/files/1/0072/0646/9679/products/one-gron-white-portion.png,,,,,4.90,0.00,1,G,1,IN,3,3,3,,,,
,,OE-4005-1,Unisex,Title,Default Title,,,,,,,,,,4.90,0.00,1,G,1,IN,3,3,3,,,ONE,Grön WP
Explorer WP Slim,"<meta charset=""utf-8"">
<div class=""item flex"">
<div class=""title"">
<div class=""info"">
<p>General Explorer WP Slim - Ein vertrauter Geschmack in einer vertrauten Marke, die nur die hochwertigsten Zutaten verwendet. Ein weicher und würziger Tabakgeschmack mit deutlichen Noten von Lavendel und Wacholder, zusammen mit einem Hauch von Eiche und Zitrusfrüchten. Entdecken Sie die Geschichte der tapferen Seeleute, die Gewürze aus aller Welt mit nach Hause brachten.</p>
</div>
</div>
</div>
<div class=""item flex""></div>",Explorer WP Slim,Unisex,,,,,,,https://cdn.shopify.com/s/files/1/0072/0646/9679/products/general-explorer-wp-slim.png,,,,,7.90,0.00,1,G,35000,IN,3,3,3,,,,
,,GE-6005-1,Unisex,Title,Default Title,,,,,,,,,,7.90,0.00,1,G,35000,IN,3,3,3,,,General,Explorer WP Slim
Vit WP,"<meta charset=""utf-8"">
<div class=""item flex"">
<div class=""title"">
<div class=""info"">
<p>Die One-Serie von Swedish Match soll die Klassiker ehren: Der ONE Vit White Portion ist dabei von General inspiert und besticht mit seinem traditionellen Tabakgeschmack. Auch seine 13 mg/g Nikotin weichen dabei vom Konzept nicht ab. Eine tolle Homage!</p>
</div>
</div>
</div>
<div class=""item flex""></div>",Vit WP,Unisex,,,,,,,https://cdn.shopify.com/s/files/1/0072/0646/9679/products/one-vit-white-portion.png,,,,,4.90,0.00,1,G,1,IN,3,3,3,,,,
,,OE-1005-1,Unisex,Title,Default Title,,,,,,,,,,4.90,0.00,1,G,1,IN,3,3,3,,,ONE,Vit WP
Gul WP,"<meta charset=""utf-8"">
<div class=""item flex"">
<div class=""title"">
<div class=""info"">
<p>Die One-Serie von Swedish Match soll die Klassiker ehren: Bei diesem Snus hat sich der Hersteller von General inspirieren lassen und dem traditionellen Tabakgeschmack eine Zitrus-Note hinzugegeben. Das Resultat ist der ONE Gul White Portion mit 13 mg/g Nikotin. Ein Produkt für Liebhaber!</p>
</div>
</div>
</div>
<div class=""item flex""></div>",Gul WP,Unisex,,,,,,,https://cdn.shopify.com/s/files/1/0072/0646/9679/products/one-gul-white-portion.png,,,,,4.90,0.00,1,G,1,IN,3,3,3,,,,
,,OE-2005-1,Unisex,Title,Default Title,,,,,,,,,,4.90,0.00,1,G,1,IN,3,3,3,,,ONE,Gul WP
Mint WP,"<meta charset=""utf-8"">
<div class=""item flex"">
<div class=""title""></div>
</div>
<div class=""item flex"">
<div class=""info"">
<p>Oden's Mint White Portion besticht mit seiner Minz-Note, wobei der Tabak nicht zu kurz kommt. Ein White Portion Snus mit 9 mg/g Nikotin. </p>
</div>
<div class=""info""></div>
<div class=""info"">
<div class=""info"">
<div class=""item flex""></div>
</div>
</div>
</div>",Mint WP,Unisex,,,,,,,https://cdn.shopify.com/s/files/1/0072/0646/9679/products/odens-mint-white-portion.png,,,,,4.80,0.00,1,G,1,IN,3,3,3,,,,
,,OD-9005-1,Unisex,Title,Default Title,,,,,,,,,,4.80,0.00,1,G,1,IN,3,3,3,,,Oden's,Mint WP
Snus Dose Aluminium (3 Teilig),"<p>100% Schweizer Handwerk<br data-mce-fragment=""1"">Kleines Fach im Deckel <br data-mce-fragment=""1"">Beide Fächer haben einen Dichtungsring<br data-mce-fragment=""1""></p>
<p>Die Dose kann auch mit einem individuellen Design gelasert werden. Für eine personalisierte Dose bitte mit uns Kontakt aufnehmen. </p>",Snus Dose Aluminium (3 Teilig),Unisex,,,,,,,https://cdn.shopify.com/s/files/1/0072/0646/9679/products/alu-snus-dose-snushus-bordeaux-rot.png,https://cdn.shopify.com/s/files/1/0072/0646/9679/products/cantripplesized.png,https://cdn.shopify.com/s/files/1/0072/0646/9679/products/alu-snus-dose-bordeaux-rot.png,https://cdn.shopify.com/s/files/1/0072/0646/9679/products/alu-snus-dose-schwarz.png,https://cdn.shopify.com/s/files/1/0072/0646/9679/products/alu-snus-dose-silber.png,39.90,,1,G,50,IN,3,3,3,,,,
,,ZU-7010-1,Unisex,Color,Bordeaux,,,,,,,,,,39.90,,1,G,50,IN,3,3,3,,,snushus.ch,Snus Dose Aluminium (3 Teilig)
,,ZU-7100-1,Unisex,Color,Schwarz,,,,,,,,,,39.90,,1,G,50,IN,3,3,3,,,snushus.ch,Snus Dose Aluminium (3 Teilig)
,,ZU-7300-1,Unisex,Color,Silber,,,,,,,,,,39.90,,1,G,50,IN,3,3,3,,,snushus.ch,Snus Dose Aluminium (3 Teilig)
,,ZU-7200-1,Unisex,Color,Gold,,,,,,,,,,39.90,,1,G,50,IN,3,3,3,,,snushus.ch,Snus Dose Aluminium (3 Teilig)
,,ZU-7000-1,Unisex,Color,Bordeaux Snushus à CHF 29.90,,,,,,,,,,29.90,,1,G,1,IN,3,3,3,,,snushus.ch,Snus Dose Aluminium (3 Teilig)
FILT Snus Papier,"<p>FILT Snus Papier kommt aus Island und ist dort ein absoluter Klassiker, da aufgrund dem absoluten Snus Verbot nur eine einzige Variante gekauft werden kann, welche das Verbot umgeht - loser Tabak (Lös Snus). Damit man in Island aber trotzdem nicht auf einen Beutel verzichten muss, gibt es FILT Snus Papier: ausrollen, gewünschte Menge Tabak reinpacken und einen Beutel formen, so wie man es gerade mag. </p>
<p>Das speziell für Snus entwickelte Papier von FILT besteht zu 100% aus Faserpapier und empfiehlt sich in der Schweiz vor allem für den beliebten Makla wenn man mal keinen Zugang zum Hände- und Mundwaschen hat. Nie mehr braune Zähne!<br></p>",FILT Snus Papier,Unisex,,,,,,,https://cdn.shopify.com/s/files/1/0072/0646/9679/products/filt-snuspapper.png,,,,,1.90,,1,G,1,IN,3,3,3,,,,
,,ZU-1000-1,Unisex,Menge auswählen,1 Rolle à CHF 1.90,,,,,,,,,,1.90,,1,G,1,IN,3,3,3,,,snushus.ch,FILT Snus Papier
Snus Halter,"<p>Ein cooles Gadget für jeden Snuser!</p>
<p>Zwei junge, Tüftler-Snuser hatten die Idee dazu - wir haben sie bei ihrem Vorhaben unterstützt! Entstanden ist der Snus Halter aus dem 3D-Drucker.<br>Auf der Arbeit oder bei Wanderungen kommt der Snus Halter ideal zum Einsatz. Die teils störende und schwer zu erreichende Snus Dose im Hosensack, kannst Du nun einfach am Gürtel oder am Rucksack befestigen. <br></p>
<p>Kompatibel für die regulären Snus Dosen mit einem Durchmesser von 7cm. Unsere <a href=""https://snushus.ch/products/3-teilige-alu-snus-dose"">Snus Dose aus Aluminium</a> passt leider nur sehr knapp in den Snus Halter und das Herausnehmen kann mühsam sein. </p>
<p>Die Oberfläche der Snus Halter wurde nicht mehr weiter bearbeitet, weshalb es zu Unreinheiten kommen kann. Diese kann man auf dem Bild des schwarzen Snus Halters gut erkennen. </p>
<p>Sämtliche Snus Halter sind mit dem Snushus Logo gebrandet.</p>",Snus Halter,Unisex,,,,,,,https://cdn.shopify.com/s/files/1/0072/0646/9679/products/1636898999921556_snus-holder-bordeaux-mit-dose.jpg,https://cdn.shopify.com/s/files/1/0072/0646/9679/products/snus-holder-bordeaux.png,https://cdn.shopify.com/s/files/1/0072/0646/9679/products/snus-holder-schwarz.png,https://cdn.shopify.com/s/files/1/0072/0646/9679/products/snus-holder-weiss.png,https://cdn.shopify.com/s/files/1/0072/0646/9679/products/snus-holder-gold.png,9.90,0.00,1,G,1,IN,3,3,3,,,,
,,ZU-9000-1,Unisex,Color,Bordeaux à CHF 9.90,,,,,,,,,,9.90,0.00,1,G,1,IN,3,3,3,,,snushus.ch,Snus Halter
,,ZU-9200-1,Unisex,Color,Gold à CHF 9.90,,,,,,,,,,9.90,0.00,1,G,1,IN,3,3,3,,,snushus.ch,Snus Halter
,,ZU-9300-1,Unisex,Color,Weiss à CHF 9.90,,,,,,,,,,9.90,0.00,1,G,1,IN,3,3,3,,,snushus.ch,Snus Halter
,,ZU-9100-1,Unisex,Color,Schwarz à CHF 9.90,,,,,,,,,,9.90,0.00,1,G,1,IN,3,3,3,,,snushus.ch,Snus Halter
,,ZU-9400-1,Unisex,Color,Silber à CHF 9.90,,,,,,,,,,9.90,0.00,1,G,1,IN,3,3,3,,,snushus.ch,Snus Halter
Snus Kissen,"Schon mal von einem riesigen Snus geträumt? Dann ist Dein Traum gerade wahr geworden! Ab sofort gibt es nämlich exklusiv bei uns das originelle Snus Kissen im White Portion Stil: Perfekt für die Dekoration der Couch oder zum Kuscheln im Bett. Es ist nicht nur cool anzusehen, sondern auch super weich und sehr bequem.<br data-mce-fragment=""1""><br data-mce-fragment=""1""><br data-mce-fragment=""1"">Das Kissen hat einen Reissverschluss auf der Rückseite (fast wie der echte Snus) so dass der Kissenbezug leicht gewaschen werden kann. Die Grösse ist 30 cm x 50 cm; mit anderen Worten, es ist schwer zu übersehen!<br data-mce-fragment=""1""><br data-mce-fragment=""1""><br data-mce-fragment=""1"">
<div style=""text-align: center;""><strong>Swiss Made - Qualitätsgarantie</strong></div>",Snus Kissen,Unisex,,,,,,,https://cdn.shopify.com/s/files/1/0072/0646/9679/products/snus_kissen_gedrehtovski.jpg,https://cdn.shopify.com/s/files/1/0072/0646/9679/products/snuskissenfastganzgradovski_e4093f8e-5852-4300-a95d-457639693784.png,https://cdn.shopify.com/s/files/1/0072/0646/9679/products/Snuskissen_e7c15df2-4379-4c71-948e-290320cd35f9.jpg,,,49.90,0.00,1,G,1,IN,3,3,3,,,,
,,ZU-2000-1,Unisex,Title,Default Title,,,,,,,,,,49.90,0.00,1,G,1,IN,3,3,3,,,snushus.ch,Snus Kissen
Mini Cool Mint 3mg AW,"ZYN Mini Cool Mint ist treffend benannt - es liefert einen kühlenden Mentholgeschmack mit Noten von Pfefferminze. Die Beutel sind trocken und beginnen Geschmack und Nikotin zu liefern, sobald sie ein wenig feucht werden.",Mini Cool Mint 3mg AW,Unisex,,,,,,,https://cdn.shopify.com/s/files/1/0072/0646/9679/products/zyn-mini-cool-mint-3mg-aw-new.png,,,,,1.99,0.00,1,G,1,IN,3,3,3,,,,
,,ZY-1005-1,Unisex,Title,Default Title,,,,,,,,,,1.99,0.00,1,G,1,IN,3,3,3,,,ZYN,Mini Cool Mint 3mg AW
Mini Cool Mint 9mg AW,"ZYN Mini Cool Mint ist treffend benannt - es liefert einen kühlenden Mentholgeschmack mit Noten von Pfefferminze. Die Beutel sind trocken und beginnen Geschmack und Nikotin zu liefern, sobald sie ein wenig feucht werden.",Mini Cool Mint 9mg AW,Unisex,,,,,,,https://cdn.shopify.com/s/files/1/0072/0646/9679/products/zyn-mini-cool-mint-9mg-aw.png,,,,,1.99,0.00,1,G,1,IN,3,3,3,,,,
,,ZY-1205-1,Unisex,Title,Default Title,,,,,,,,,,1.99,0.00,1,G,1,IN,3,3,3,,,ZYN,Mini Cool Mint 9mg AW
Mini Citrus 6mg AW,"ZYN Mini Citrus hat einen köstlichen frischen Geschmack von sonnigen Zitrusfrüchten mit Noten von Orangen und Zitronengras. Die Beutel sind trocken und beginnen, Geschmack und Nikotin zu liefern, sobald sie ein wenig feucht werden.",Mini Citrus 6mg AW,Unisex,,,,,,,https://cdn.shopify.com/s/files/1/0072/0646/9679/products/zyn-mini-citrus-6mg-aw.png,,,,,1.99,0.00,1,G,1,IN,3,3,3,,,,
,,ZY-2105-1,Unisex,Title,Default Title,,,,,,,,,,1.99,0.00,1,G,1,IN,3,3,3,,,ZYN,Mini Citrus 6mg AW
Mini Espressino 6mg AW,"ZYN Mini Espressino ist für diejenigen, die die Kombination von frisch geröstetem Kaffee lieben, aber auch den Geschmack von Schokolade, Nougat und Vanille mögen. Der Charakter ist leicht cremig und etwas dunkler als andere Geschmacksrichtungen.",Mini Espressino 6mg AW,Unisex,,,,,,,https://cdn.shopify.com/s/files/1/0072/0646/9679/products/zyn-mini-espressino-6mg-aw.png,,,,,1.99,0.00,1,G,1,IN,3,3,3,,,,
,,ZY-3105-1,Unisex,Title,Default Title,,,,,,,,,,1.99,0.00,1,G,1,IN,3,3,3,,,ZYN,Mini Espressino 6mg AW
Mini Cool Mint 6mg AW,"ZYN Mini Cool Mint ist treffend benannt - es liefert einen kühlenden Mentholgeschmack mit Noten von Pfefferminze. Die Beutel sind trocken und beginnen Geschmack und Nikotin zu liefern, sobald sie ein wenig feucht werden.",Mini Cool Mint 6mg AW,Unisex,,,,,,,https://cdn.shopify.com/s/files/1/0072/0646/9679/products/zyn-mini-cool-mint-6mg-aw.png,,,,,1.99,0.00,1,G,1,IN,3,3,3,,,,
,,ZY-1105-1,Unisex,Title,Default Title,,,,,,,,,,1.99,0.00,1,G,1,IN,3,3,3,,,ZYN,Mini Cool Mint 6mg AW
